round,node_id,degree,betweenness,closeness,k_core,epsilon,global_test_acc,avg_auc,max_auc,argmax_attacker,avg_chunk_frac,max_chunk_frac,argmax_chunk_attacker,enable_dp,enable_chunking,chunks_per_neighbor,dp_noise,dp_max_grad_norm
1,0,12,0.027870177639501746,0.4439461883408072,5,,,,,,,,,1,1,1,0.7,1.0
1,1,6,0.008284928002406858,0.39759036144578314,5,,,,,,,,,1,1,1,0.7,1.0
1,2,6,0.007862988956379923,0.3944223107569721,5,,,,,,,,,1,1,1,0.7,1.0
1,3,7,0.009060616819988506,0.4125,5,,,,,,,,,1,1,1,0.7,1.0
1,4,7,0.011546566243780348,0.38372093023255816,5,,,,,,,,,1,1,1,0.7,1.0
1,5,6,0.007353821423085494,0.38823529411764707,5,,,,,,,,,1,1,1,0.7,1.0
1,6,8,0.016582929083409786,0.4024390243902439,5,,,,,,,,,1,1,1,0.7,1.0
1,7,7,0.01482499303979092,0.4090909090909091,5,,,,,,,,,1,1,1,0.7,1.0
1,8,5,0.004648371147546576,0.38671875,5,,,,,,,,,1,1,1,0.7,1.0
1,9,8,0.01083664390532592,0.4125,5,,,,,,,,,1,1,1,0.7,1.0
1,10,4,0.0030267081689468824,0.375,4,,,,,,,,,1,1,1,0.7,1.0
1,11,3,0.001798234955708471,0.3378839590443686,3,,,,,,,,,1,1,1,0.7,1.0
1,12,12,0.03246531234079403,0.4714285714285714,5,,,,,,,,,1,1,1,0.7,1.0
1,13,7,0.009413152607664656,0.3944223107569721,5,,,,,,,,,1,1,1,0.7,1.0
1,14,10,0.02034681887297241,0.43612334801762115,5,,,,,,,,,1,1,1,0.7,1.0
1,15,9,0.022967970997341273,0.4125,5,,,,,,,,,1,1,1,0.7,1.0
1,16,3,0.0008141163676104925,0.3473684210526316,3,,,,,,,,,1,1,1,0.7,1.0
1,17,9,0.013710214410568368,0.4125,5,,,,,,,,,1,1,1,0.7,1.0
1,18,12,0.029269697836801636,0.4669811320754717,5,,,,,,,,,1,1,1,0.7,1.0
1,19,10,0.0202537925463073,0.4419642857142857,5,,,,,,,,,1,1,1,0.7,1.0
1,20,3,0.0021808142692860207,0.339041095890411,3,,,,,,,,,1,1,1,0.7,1.0
1,21,6,0.007542316400121865,0.39919354838709675,5,,,,,,,,,1,1,1,0.7,1.0
1,22,10,0.029376023808859605,0.43043478260869567,5,,,,,,,,,1,1,1,0.7,1.0
1,23,9,0.01864473712174515,0.4267241379310345,5,,,,,,,,,1,1,1,0.7,1.0
1,24,2,0.0,0.32038834951456313,2,,,,,,,,,1,1,1,0.7,1.0
1,25,5,0.0062320001243736595,0.38076923076923075,5,,,,,,,,,1,1,1,0.7,1.0
1,26,3,0.0011672780323125835,0.36,3,,,,,,,,,1,1,1,0.7,1.0
1,27,14,0.04032081334260075,0.4782608695652174,5,,,,,,,,,1,1,1,0.7,1.0
1,28,11,0.025196041378104415,0.4479638009049774,5,,,,,,,,,1,1,1,0.7,1.0
1,29,6,0.007148901888439518,0.391304347826087,5,,,,,,,,,1,1,1,0.7,1.0
1,30,6,0.007893523509131792,0.38671875,5,,,,,,,,,1,1,1,0.7,1.0
1,31,8,0.016685872476458252,0.4008097165991903,5,,,,,,,,,1,1,1,0.7,1.0
1,32,15,0.042175075381476565,0.47368421052631576,5,,,,,,,,,1,1,1,0.7,1.0
1,33,9,0.02012775183331944,0.4230769230769231,5,,,,,,,,,1,1,1,0.7,1.0
1,34,9,0.01841082522871394,0.4248927038626609,5,,,,,,,,,1,1,1,0.7,1.0
1,35,9,0.022128555021271912,0.42127659574468085,5,,,,,,,,,1,1,1,0.7,1.0
1,36,6,0.009052232439077976,0.4008097165991903,5,,,,,,,,,1,1,1,0.7,1.0
1,37,10,0.022884808637103175,0.4439461883408072,5,,,,,,,,,1,1,1,0.7,1.0
1,38,3,0.0011621659124968892,0.33559322033898303,3,,,,,,,,,1,1,1,0.7,1.0
1,39,7,0.009374462711473703,0.4125,5,,,,,,,,,1,1,1,0.7,1.0
1,40,7,0.010041046143858966,0.41422594142259417,5,,,,,,,,,1,1,1,0.7,1.0
1,41,8,0.01644273385424969,0.42127659574468085,5,,,,,,,,,1,1,1,0.7,1.0
1,42,7,0.008107386616062813,0.40408163265306124,5,,,,,,,,,1,1,1,0.7,1.0
1,43,8,0.014842540020111665,0.43805309734513276,5,,,,,,,,,1,1,1,0.7,1.0
1,44,9,0.019506962294465077,0.4194915254237288,5,,,,,,,,,1,1,1,0.7,1.0
1,45,8,0.015499166069116324,0.4090909090909091,5,,,,,,,,,1,1,1,0.7,1.0
1,46,7,0.009132084094994313,0.4107883817427386,5,,,,,,,,,1,1,1,0.7,1.0
1,47,8,0.01588333884215923,0.4008097165991903,5,,,,,,,,,1,1,1,0.7,1.0
1,48,8,0.013057353661506293,0.4194915254237288,5,,,,,,,,,1,1,1,0.7,1.0
1,49,10,0.022998126649215727,0.4342105263157895,5,,,,,,,,,1,1,1,0.7,1.0
1,50,10,0.0308143346441008,0.43805309734513276,5,,,,,,,,,1,1,1,0.7,1.0
1,51,14,0.03914697687093884,0.4714285714285714,5,,,,,,,,,1,1,1,0.7,1.0
1,52,5,0.008107289253582214,0.376425855513308,5,,,,,,,,,1,1,1,0.7,1.0
1,53,8,0.011537483487035103,0.4177215189873418,5,,,,,,,,,1,1,1,0.7,1.0
1,54,4,0.003793024144388423,0.3626373626373626,3,,,,,,,,,1,1,1,0.7,1.0
1,55,10,0.023237659776797134,0.4541284403669725,5,,,,,,,,,1,1,1,0.7,1.0
1,56,5,0.005797905192208366,0.37358490566037733,5,,,,,,,,,1,1,1,0.7,1.0
1,57,8,0.016349603863737225,0.4090909090909091,5,,,,,,,,,1,1,1,0.7,1.0
1,58,9,0.019899514796318962,0.4194915254237288,5,,,,,,,,,1,1,1,0.7,1.0
1,59,10,0.022085707361162835,0.4342105263157895,5,,,,,,,,,1,1,1,0.7,1.0
1,60,11,0.019807911567924382,0.43612334801762115,5,,,,,,,,,1,1,1,0.7,1.0
1,61,8,0.010424008924552612,0.4057377049180328,5,,,,,,,,,1,1,1,0.7,1.0
1,62,12,0.025946448104021823,0.45622119815668205,5,,,,,,,,,1,1,1,0.7,1.0
1,63,2,0.0005614126362425681,0.3344594594594595,2,,,,,,,,,1,1,1,0.7,1.0
1,64,9,0.01872332415682547,0.4267241379310345,5,,,,,,,,,1,1,1,0.7,1.0
1,65,12,0.031032488648889307,0.4520547945205479,5,,,,,,,,,1,1,1,0.7,1.0
1,66,6,0.0057761754226101384,0.38372093023255816,5,,,,,,,,,1,1,1,0.7,1.0
1,67,7,0.013160777951982968,0.42127659574468085,5,,,,,,,,,1,1,1,0.7,1.0
1,68,9,0.017227215239394276,0.4248927038626609,5,,,,,,,,,1,1,1,0.7,1.0
1,69,10,0.025227933667602773,0.4177215189873418,5,,,,,,,,,1,1,1,0.7,1.0
1,70,8,0.01387620475838911,0.4267241379310345,5,,,,,,,,,1,1,1,0.7,1.0
1,71,9,0.016185486162689472,0.41596638655462187,5,,,,,,,,,1,1,1,0.7,1.0
1,72,9,0.015273779864619004,0.43043478260869567,5,,,,,,,,,1,1,1,0.7,1.0
1,73,5,0.004078652941379849,0.375,5,,,,,,,,,1,1,1,0.7,1.0
1,74,9,0.018681489814624395,0.4125,5,,,,,,,,,1,1,1,0.7,1.0
1,75,9,0.0171208681049252,0.43231441048034935,5,,,,,,,,,1,1,1,0.7,1.0
1,76,9,0.014075601128570363,0.42127659574468085,5,,,,,,,,,1,1,1,0.7,1.0
1,77,10,0.01743825099569623,0.44,5,,,,,,,,,1,1,1,0.7,1.0
1,78,5,0.0038024049630668573,0.38976377952755903,5,,,,,,,,,1,1,1,0.7,1.0
1,79,6,0.003933385627379168,0.396,5,,,,,,,,,1,1,1,0.7,1.0
1,80,6,0.009540177285457217,0.38976377952755903,5,,,,,,,,,1,1,1,0.7,1.0
1,81,4,0.003878362412685233,0.3535714285714286,3,,,,,,,,,1,1,1,0.7,1.0
1,82,6,0.006102204291129582,0.3793103448275862,5,,,,,,,,,1,1,1,0.7,1.0
1,83,9,0.020811545403340872,0.4230769230769231,5,,,,,,,,,1,1,1,0.7,1.0
1,84,7,0.012843574800630352,0.38823529411764707,5,,,,,,,,,1,1,1,0.7,1.0
1,85,11,0.02311943072088779,0.43612334801762115,5,,,,,,,,,1,1,1,0.7,1.0
1,86,9,0.02249266760837428,0.4230769230769231,5,,,,,,,,,1,1,1,0.7,1.0
1,87,9,0.01288331850351868,0.4248927038626609,5,,,,,,,,,1,1,1,0.7,1.0
1,88,7,0.009293753449501873,0.4090909090909091,5,,,,,,,,,1,1,1,0.7,1.0
1,89,7,0.007638586484533018,0.4074074074074074,5,,,,,,,,,1,1,1,0.7,1.0
1,90,10,0.023171127747701463,0.43231441048034935,5,,,,,,,,,1,1,1,0.7,1.0
1,91,10,0.02595944987752483,0.4439461883408072,5,,,,,,,,,1,1,1,0.7,1.0
1,92,7,0.008537605041661208,0.4008097165991903,5,,,,,,,,,1,1,1,0.7,1.0
1,93,10,0.02616016778149733,0.4479638009049774,5,,,,,,,,,1,1,1,0.7,1.0
1,94,4,0.002824004922169769,0.36,4,,,,,,,,,1,1,1,0.7,1.0
1,95,6,0.0073059396014398675,0.4057377049180328,5,,,,,,,,,1,1,1,0.7,1.0
1,96,6,0.008292640749202327,0.391304347826087,5,,,,,,,,,1,1,1,0.7,1.0
1,97,7,0.012769970808459086,0.4090909090909091,5,,,,,,,,,1,1,1,0.7,1.0
1,98,9,0.016231205942319603,0.4267241379310345,5,,,,,,,,,1,1,1,0.7,1.0
1,99,10,0.02365500758389639,0.4177215189873418,5,,,,,,,,,1,1,1,0.7,1.0
2,0,12,0.027870177639501746,0.4439461883408072,5,,,,,,,,,1,1,1,0.7,1.0
2,1,6,0.008284928002406858,0.39759036144578314,5,,,,,,,,,1,1,1,0.7,1.0
2,2,6,0.007862988956379923,0.3944223107569721,5,,,,,,,,,1,1,1,0.7,1.0
2,3,7,0.009060616819988506,0.4125,5,,,,,,,,,1,1,1,0.7,1.0
2,4,7,0.011546566243780348,0.38372093023255816,5,,,,,,,,,1,1,1,0.7,1.0
2,5,6,0.007353821423085494,0.38823529411764707,5,,,,,,,,,1,1,1,0.7,1.0
2,6,8,0.016582929083409786,0.4024390243902439,5,,,,,,,,,1,1,1,0.7,1.0
2,7,7,0.01482499303979092,0.4090909090909091,5,,,,,,,,,1,1,1,0.7,1.0
2,8,5,0.004648371147546576,0.38671875,5,,,,,,,,,1,1,1,0.7,1.0
2,9,8,0.01083664390532592,0.4125,5,,,,,,,,,1,1,1,0.7,1.0
2,10,4,0.0030267081689468824,0.375,4,,,,,,,,,1,1,1,0.7,1.0
2,11,3,0.001798234955708471,0.3378839590443686,3,,,,,,,,,1,1,1,0.7,1.0
2,12,12,0.03246531234079403,0.4714285714285714,5,,,,,,,,,1,1,1,0.7,1.0
2,13,7,0.009413152607664656,0.3944223107569721,5,,,,,,,,,1,1,1,0.7,1.0
2,14,10,0.02034681887297241,0.43612334801762115,5,,,,,,,,,1,1,1,0.7,1.0
2,15,9,0.022967970997341273,0.4125,5,,,,,,,,,1,1,1,0.7,1.0
2,16,3,0.0008141163676104925,0.3473684210526316,3,,,,,,,,,1,1,1,0.7,1.0
2,17,9,0.013710214410568368,0.4125,5,,,,,,,,,1,1,1,0.7,1.0
2,18,12,0.029269697836801636,0.4669811320754717,5,,,,,,,,,1,1,1,0.7,1.0
2,19,10,0.0202537925463073,0.4419642857142857,5,,,,,,,,,1,1,1,0.7,1.0
2,20,3,0.0021808142692860207,0.339041095890411,3,,,,,,,,,1,1,1,0.7,1.0
2,21,6,0.007542316400121865,0.39919354838709675,5,,,,,,,,,1,1,1,0.7,1.0
2,22,10,0.029376023808859605,0.43043478260869567,5,,,,,,,,,1,1,1,0.7,1.0
2,23,9,0.01864473712174515,0.4267241379310345,5,,,,,,,,,1,1,1,0.7,1.0
2,24,2,0.0,0.32038834951456313,2,,,,,,,,,1,1,1,0.7,1.0
2,25,5,0.0062320001243736595,0.38076923076923075,5,,,,,,,,,1,1,1,0.7,1.0
2,26,3,0.0011672780323125835,0.36,3,,,,,,,,,1,1,1,0.7,1.0
2,27,14,0.04032081334260075,0.4782608695652174,5,,,,,,,,,1,1,1,0.7,1.0
2,28,11,0.025196041378104415,0.4479638009049774,5,,,,,,,,,1,1,1,0.7,1.0
2,29,6,0.007148901888439518,0.391304347826087,5,,,,,,,,,1,1,1,0.7,1.0
2,30,6,0.007893523509131792,0.38671875,5,,,,,,,,,1,1,1,0.7,1.0
2,31,8,0.016685872476458252,0.4008097165991903,5,,,,,,,,,1,1,1,0.7,1.0
2,32,15,0.042175075381476565,0.47368421052631576,5,,,,,,,,,1,1,1,0.7,1.0
2,33,9,0.02012775183331944,0.4230769230769231,5,,,,,,,,,1,1,1,0.7,1.0
2,34,9,0.01841082522871394,0.4248927038626609,5,,,,,,,,,1,1,1,0.7,1.0
2,35,9,0.022128555021271912,0.42127659574468085,5,,,,,,,,,1,1,1,0.7,1.0
2,36,6,0.009052232439077976,0.4008097165991903,5,,,,,,,,,1,1,1,0.7,1.0
2,37,10,0.022884808637103175,0.4439461883408072,5,,,,,,,,,1,1,1,0.7,1.0
2,38,3,0.0011621659124968892,0.33559322033898303,3,,,,,,,,,1,1,1,0.7,1.0
2,39,7,0.009374462711473703,0.4125,5,,,,,,,,,1,1,1,0.7,1.0
2,40,7,0.010041046143858966,0.41422594142259417,5,,,,,,,,,1,1,1,0.7,1.0
2,41,8,0.01644273385424969,0.42127659574468085,5,,,,,,,,,1,1,1,0.7,1.0
2,42,7,0.008107386616062813,0.40408163265306124,5,,,,,,,,,1,1,1,0.7,1.0
2,43,8,0.014842540020111665,0.43805309734513276,5,,,,,,,,,1,1,1,0.7,1.0
2,44,9,0.019506962294465077,0.4194915254237288,5,,,,,,,,,1,1,1,0.7,1.0
2,45,8,0.015499166069116324,0.4090909090909091,5,,,,,,,,,1,1,1,0.7,1.0
2,46,7,0.009132084094994313,0.4107883817427386,5,,,,,,,,,1,1,1,0.7,1.0
2,47,8,0.01588333884215923,0.4008097165991903,5,,,,,,,,,1,1,1,0.7,1.0
2,48,8,0.013057353661506293,0.4194915254237288,5,,,,,,,,,1,1,1,0.7,1.0
2,49,10,0.022998126649215727,0.4342105263157895,5,,,,,,,,,1,1,1,0.7,1.0
2,50,10,0.0308143346441008,0.43805309734513276,5,,,,,,,,,1,1,1,0.7,1.0
2,51,14,0.03914697687093884,0.4714285714285714,5,,,,,,,,,1,1,1,0.7,1.0
2,52,5,0.008107289253582214,0.376425855513308,5,,,,,,,,,1,1,1,0.7,1.0
2,53,8,0.011537483487035103,0.4177215189873418,5,,,,,,,,,1,1,1,0.7,1.0
2,54,4,0.003793024144388423,0.3626373626373626,3,,,,,,,,,1,1,1,0.7,1.0
2,55,10,0.023237659776797134,0.4541284403669725,5,,,,,,,,,1,1,1,0.7,1.0
2,56,5,0.005797905192208366,0.37358490566037733,5,,,,,,,,,1,1,1,0.7,1.0
2,57,8,0.016349603863737225,0.4090909090909091,5,,,,,,,,,1,1,1,0.7,1.0
2,58,9,0.019899514796318962,0.4194915254237288,5,,,,,,,,,1,1,1,0.7,1.0
2,59,10,0.022085707361162835,0.4342105263157895,5,,,,,,,,,1,1,1,0.7,1.0
2,60,11,0.019807911567924382,0.43612334801762115,5,,,,,,,,,1,1,1,0.7,1.0
2,61,8,0.010424008924552612,0.4057377049180328,5,,,,,,,,,1,1,1,0.7,1.0
2,62,12,0.025946448104021823,0.45622119815668205,5,,,,,,,,,1,1,1,0.7,1.0
2,63,2,0.0005614126362425681,0.3344594594594595,2,,,,,,,,,1,1,1,0.7,1.0
2,64,9,0.01872332415682547,0.4267241379310345,5,,,,,,,,,1,1,1,0.7,1.0
2,65,12,0.031032488648889307,0.4520547945205479,5,,,,,,,,,1,1,1,0.7,1.0
2,66,6,0.0057761754226101384,0.38372093023255816,5,,,,,,,,,1,1,1,0.7,1.0
2,67,7,0.013160777951982968,0.42127659574468085,5,,,,,,,,,1,1,1,0.7,1.0
2,68,9,0.017227215239394276,0.4248927038626609,5,,,,,,,,,1,1,1,0.7,1.0
2,69,10,0.025227933667602773,0.4177215189873418,5,,,,,,,,,1,1,1,0.7,1.0
2,70,8,0.01387620475838911,0.4267241379310345,5,,,,,,,,,1,1,1,0.7,1.0
2,71,9,0.016185486162689472,0.41596638655462187,5,,,,,,,,,1,1,1,0.7,1.0
2,72,9,0.015273779864619004,0.43043478260869567,5,,,,,,,,,1,1,1,0.7,1.0
2,73,5,0.004078652941379849,0.375,5,,,,,,,,,1,1,1,0.7,1.0
2,74,9,0.018681489814624395,0.4125,5,,,,,,,,,1,1,1,0.7,1.0
2,75,9,0.0171208681049252,0.43231441048034935,5,,,,,,,,,1,1,1,0.7,1.0
2,76,9,0.014075601128570363,0.42127659574468085,5,,,,,,,,,1,1,1,0.7,1.0
2,77,10,0.01743825099569623,0.44,5,,,,,,,,,1,1,1,0.7,1.0
2,78,5,0.0038024049630668573,0.38976377952755903,5,,,,,,,,,1,1,1,0.7,1.0
2,79,6,0.003933385627379168,0.396,5,,,,,,,,,1,1,1,0.7,1.0
2,80,6,0.009540177285457217,0.38976377952755903,5,,,,,,,,,1,1,1,0.7,1.0
2,81,4,0.003878362412685233,0.3535714285714286,3,,,,,,,,,1,1,1,0.7,1.0
2,82,6,0.006102204291129582,0.3793103448275862,5,,,,,,,,,1,1,1,0.7,1.0
2,83,9,0.020811545403340872,0.4230769230769231,5,,,,,,,,,1,1,1,0.7,1.0
2,84,7,0.012843574800630352,0.38823529411764707,5,,,,,,,,,1,1,1,0.7,1.0
2,85,11,0.02311943072088779,0.43612334801762115,5,,,,,,,,,1,1,1,0.7,1.0
2,86,9,0.02249266760837428,0.4230769230769231,5,,,,,,,,,1,1,1,0.7,1.0
2,87,9,0.01288331850351868,0.4248927038626609,5,,,,,,,,,1,1,1,0.7,1.0
2,88,7,0.009293753449501873,0.4090909090909091,5,,,,,,,,,1,1,1,0.7,1.0
2,89,7,0.007638586484533018,0.4074074074074074,5,,,,,,,,,1,1,1,0.7,1.0
2,90,10,0.023171127747701463,0.43231441048034935,5,,,,,,,,,1,1,1,0.7,1.0
2,91,10,0.02595944987752483,0.4439461883408072,5,,,,,,,,,1,1,1,0.7,1.0
2,92,7,0.008537605041661208,0.4008097165991903,5,,,,,,,,,1,1,1,0.7,1.0
2,93,10,0.02616016778149733,0.4479638009049774,5,,,,,,,,,1,1,1,0.7,1.0
2,94,4,0.002824004922169769,0.36,4,,,,,,,,,1,1,1,0.7,1.0
2,95,6,0.0073059396014398675,0.4057377049180328,5,,,,,,,,,1,1,1,0.7,1.0
2,96,6,0.008292640749202327,0.391304347826087,5,,,,,,,,,1,1,1,0.7,1.0
2,97,7,0.012769970808459086,0.4090909090909091,5,,,,,,,,,1,1,1,0.7,1.0
2,98,9,0.016231205942319603,0.4267241379310345,5,,,,,,,,,1,1,1,0.7,1.0
2,99,10,0.02365500758389639,0.4177215189873418,5,,,,,,,,,1,1,1,0.7,1.0
3,0,12,0.027870177639501746,0.4439461883408072,5,,,,,,,,,1,1,1,0.7,1.0
3,1,6,0.008284928002406858,0.39759036144578314,5,,,,,,,,,1,1,1,0.7,1.0
3,2,6,0.007862988956379923,0.3944223107569721,5,,,,,,,,,1,1,1,0.7,1.0
3,3,7,0.009060616819988506,0.4125,5,,,,,,,,,1,1,1,0.7,1.0
3,4,7,0.011546566243780348,0.38372093023255816,5,,,,,,,,,1,1,1,0.7,1.0
3,5,6,0.007353821423085494,0.38823529411764707,5,,,,,,,,,1,1,1,0.7,1.0
3,6,8,0.016582929083409786,0.4024390243902439,5,,,,,,,,,1,1,1,0.7,1.0
3,7,7,0.01482499303979092,0.4090909090909091,5,,,,,,,,,1,1,1,0.7,1.0
3,8,5,0.004648371147546576,0.38671875,5,,,,,,,,,1,1,1,0.7,1.0
3,9,8,0.01083664390532592,0.4125,5,,,,,,,,,1,1,1,0.7,1.0
3,10,4,0.0030267081689468824,0.375,4,,,,,,,,,1,1,1,0.7,1.0
3,11,3,0.001798234955708471,0.3378839590443686,3,,,,,,,,,1,1,1,0.7,1.0
3,12,12,0.03246531234079403,0.4714285714285714,5,,,,,,,,,1,1,1,0.7,1.0
3,13,7,0.009413152607664656,0.3944223107569721,5,,,,,,,,,1,1,1,0.7,1.0
3,14,10,0.02034681887297241,0.43612334801762115,5,,,,,,,,,1,1,1,0.7,1.0
3,15,9,0.022967970997341273,0.4125,5,,,,,,,,,1,1,1,0.7,1.0
3,16,3,0.0008141163676104925,0.3473684210526316,3,,,,,,,,,1,1,1,0.7,1.0
3,17,9,0.013710214410568368,0.4125,5,,,,,,,,,1,1,1,0.7,1.0
3,18,12,0.029269697836801636,0.4669811320754717,5,,,,,,,,,1,1,1,0.7,1.0
3,19,10,0.0202537925463073,0.4419642857142857,5,,,,,,,,,1,1,1,0.7,1.0
3,20,3,0.0021808142692860207,0.339041095890411,3,,,,,,,,,1,1,1,0.7,1.0
3,21,6,0.007542316400121865,0.39919354838709675,5,,,,,,,,,1,1,1,0.7,1.0
3,22,10,0.029376023808859605,0.43043478260869567,5,,,,,,,,,1,1,1,0.7,1.0
3,23,9,0.01864473712174515,0.4267241379310345,5,,,,,,,,,1,1,1,0.7,1.0
3,24,2,0.0,0.32038834951456313,2,,,,,,,,,1,1,1,0.7,1.0
3,25,5,0.0062320001243736595,0.38076923076923075,5,,,,,,,,,1,1,1,0.7,1.0
3,26,3,0.0011672780323125835,0.36,3,,,,,,,,,1,1,1,0.7,1.0
3,27,14,0.04032081334260075,0.4782608695652174,5,,,,,,,,,1,1,1,0.7,1.0
3,28,11,0.025196041378104415,0.4479638009049774,5,,,,,,,,,1,1,1,0.7,1.0
3,29,6,0.007148901888439518,0.391304347826087,5,,,,,,,,,1,1,1,0.7,1.0
3,30,6,0.007893523509131792,0.38671875,5,,,,,,,,,1,1,1,0.7,1.0
3,31,8,0.016685872476458252,0.4008097165991903,5,,,,,,,,,1,1,1,0.7,1.0
3,32,15,0.042175075381476565,0.47368421052631576,5,,,,,,,,,1,1,1,0.7,1.0
3,33,9,0.02012775183331944,0.4230769230769231,5,,,,,,,,,1,1,1,0.7,1.0
3,34,9,0.01841082522871394,0.4248927038626609,5,,,,,,,,,1,1,1,0.7,1.0
3,35,9,0.022128555021271912,0.42127659574468085,5,,,,,,,,,1,1,1,0.7,1.0
3,36,6,0.009052232439077976,0.4008097165991903,5,,,,,,,,,1,1,1,0.7,1.0
3,37,10,0.022884808637103175,0.4439461883408072,5,,,,,,,,,1,1,1,0.7,1.0
3,38,3,0.0011621659124968892,0.33559322033898303,3,,,,,,,,,1,1,1,0.7,1.0
3,39,7,0.009374462711473703,0.4125,5,,,,,,,,,1,1,1,0.7,1.0
3,40,7,0.010041046143858966,0.41422594142259417,5,,,,,,,,,1,1,1,0.7,1.0
3,41,8,0.01644273385424969,0.42127659574468085,5,,,,,,,,,1,1,1,0.7,1.0
3,42,7,0.008107386616062813,0.40408163265306124,5,,,,,,,,,1,1,1,0.7,1.0
3,43,8,0.014842540020111665,0.43805309734513276,5,,,,,,,,,1,1,1,0.7,1.0
3,44,9,0.019506962294465077,0.4194915254237288,5,,,,,,,,,1,1,1,0.7,1.0
3,45,8,0.015499166069116324,0.4090909090909091,5,,,,,,,,,1,1,1,0.7,1.0
3,46,7,0.009132084094994313,0.4107883817427386,5,,,,,,,,,1,1,1,0.7,1.0
3,47,8,0.01588333884215923,0.4008097165991903,5,,,,,,,,,1,1,1,0.7,1.0
3,48,8,0.013057353661506293,0.4194915254237288,5,,,,,,,,,1,1,1,0.7,1.0
3,49,10,0.022998126649215727,0.4342105263157895,5,,,,,,,,,1,1,1,0.7,1.0
3,50,10,0.0308143346441008,0.43805309734513276,5,,,,,,,,,1,1,1,0.7,1.0
3,51,14,0.03914697687093884,0.4714285714285714,5,,,,,,,,,1,1,1,0.7,1.0
3,52,5,0.008107289253582214,0.376425855513308,5,,,,,,,,,1,1,1,0.7,1.0
3,53,8,0.011537483487035103,0.4177215189873418,5,,,,,,,,,1,1,1,0.7,1.0
3,54,4,0.003793024144388423,0.3626373626373626,3,,,,,,,,,1,1,1,0.7,1.0
3,55,10,0.023237659776797134,0.4541284403669725,5,,,,,,,,,1,1,1,0.7,1.0
3,56,5,0.005797905192208366,0.37358490566037733,5,,,,,,,,,1,1,1,0.7,1.0
3,57,8,0.016349603863737225,0.4090909090909091,5,,,,,,,,,1,1,1,0.7,1.0
3,58,9,0.019899514796318962,0.4194915254237288,5,,,,,,,,,1,1,1,0.7,1.0
3,59,10,0.022085707361162835,0.4342105263157895,5,,,,,,,,,1,1,1,0.7,1.0
3,60,11,0.019807911567924382,0.43612334801762115,5,,,,,,,,,1,1,1,0.7,1.0
3,61,8,0.010424008924552612,0.4057377049180328,5,,,,,,,,,1,1,1,0.7,1.0
3,62,12,0.025946448104021823,0.45622119815668205,5,,,,,,,,,1,1,1,0.7,1.0
3,63,2,0.0005614126362425681,0.3344594594594595,2,,,,,,,,,1,1,1,0.7,1.0
3,64,9,0.01872332415682547,0.4267241379310345,5,,,,,,,,,1,1,1,0.7,1.0
3,65,12,0.031032488648889307,0.4520547945205479,5,,,,,,,,,1,1,1,0.7,1.0
3,66,6,0.0057761754226101384,0.38372093023255816,5,,,,,,,,,1,1,1,0.7,1.0
3,67,7,0.013160777951982968,0.42127659574468085,5,,,,,,,,,1,1,1,0.7,1.0
3,68,9,0.017227215239394276,0.4248927038626609,5,,,,,,,,,1,1,1,0.7,1.0
3,69,10,0.025227933667602773,0.4177215189873418,5,,,,,,,,,1,1,1,0.7,1.0
3,70,8,0.01387620475838911,0.4267241379310345,5,,,,,,,,,1,1,1,0.7,1.0
3,71,9,0.016185486162689472,0.41596638655462187,5,,,,,,,,,1,1,1,0.7,1.0
3,72,9,0.015273779864619004,0.43043478260869567,5,,,,,,,,,1,1,1,0.7,1.0
3,73,5,0.004078652941379849,0.375,5,,,,,,,,,1,1,1,0.7,1.0
3,74,9,0.018681489814624395,0.4125,5,,,,,,,,,1,1,1,0.7,1.0
3,75,9,0.0171208681049252,0.43231441048034935,5,,,,,,,,,1,1,1,0.7,1.0
3,76,9,0.014075601128570363,0.42127659574468085,5,,,,,,,,,1,1,1,0.7,1.0
3,77,10,0.01743825099569623,0.44,5,,,,,,,,,1,1,1,0.7,1.0
3,78,5,0.0038024049630668573,0.38976377952755903,5,,,,,,,,,1,1,1,0.7,1.0
3,79,6,0.003933385627379168,0.396,5,,,,,,,,,1,1,1,0.7,1.0
3,80,6,0.009540177285457217,0.38976377952755903,5,,,,,,,,,1,1,1,0.7,1.0
3,81,4,0.003878362412685233,0.3535714285714286,3,,,,,,,,,1,1,1,0.7,1.0
3,82,6,0.006102204291129582,0.3793103448275862,5,,,,,,,,,1,1,1,0.7,1.0
3,83,9,0.020811545403340872,0.4230769230769231,5,,,,,,,,,1,1,1,0.7,1.0
3,84,7,0.012843574800630352,0.38823529411764707,5,,,,,,,,,1,1,1,0.7,1.0
3,85,11,0.02311943072088779,0.43612334801762115,5,,,,,,,,,1,1,1,0.7,1.0
3,86,9,0.02249266760837428,0.4230769230769231,5,,,,,,,,,1,1,1,0.7,1.0
3,87,9,0.01288331850351868,0.4248927038626609,5,,,,,,,,,1,1,1,0.7,1.0
3,88,7,0.009293753449501873,0.4090909090909091,5,,,,,,,,,1,1,1,0.7,1.0
3,89,7,0.007638586484533018,0.4074074074074074,5,,,,,,,,,1,1,1,0.7,1.0
3,90,10,0.023171127747701463,0.43231441048034935,5,,,,,,,,,1,1,1,0.7,1.0
3,91,10,0.02595944987752483,0.4439461883408072,5,,,,,,,,,1,1,1,0.7,1.0
3,92,7,0.008537605041661208,0.4008097165991903,5,,,,,,,,,1,1,1,0.7,1.0
3,93,10,0.02616016778149733,0.4479638009049774,5,,,,,,,,,1,1,1,0.7,1.0
3,94,4,0.002824004922169769,0.36,4,,,,,,,,,1,1,1,0.7,1.0
3,95,6,0.0073059396014398675,0.4057377049180328,5,,,,,,,,,1,1,1,0.7,1.0
3,96,6,0.008292640749202327,0.391304347826087,5,,,,,,,,,1,1,1,0.7,1.0
3,97,7,0.012769970808459086,0.4090909090909091,5,,,,,,,,,1,1,1,0.7,1.0
3,98,9,0.016231205942319603,0.4267241379310345,5,,,,,,,,,1,1,1,0.7,1.0
3,99,10,0.02365500758389639,0.4177215189873418,5,,,,,,,,,1,1,1,0.7,1.0
4,0,12,0.027870177639501746,0.4439461883408072,5,,,,,,,,,1,1,1,0.7,1.0
4,1,6,0.008284928002406858,0.39759036144578314,5,,,,,,,,,1,1,1,0.7,1.0
4,2,6,0.007862988956379923,0.3944223107569721,5,,,,,,,,,1,1,1,0.7,1.0
4,3,7,0.009060616819988506,0.4125,5,,,,,,,,,1,1,1,0.7,1.0
4,4,7,0.011546566243780348,0.38372093023255816,5,,,,,,,,,1,1,1,0.7,1.0
4,5,6,0.007353821423085494,0.38823529411764707,5,,,,,,,,,1,1,1,0.7,1.0
4,6,8,0.016582929083409786,0.4024390243902439,5,,,,,,,,,1,1,1,0.7,1.0
4,7,7,0.01482499303979092,0.4090909090909091,5,,,,,,,,,1,1,1,0.7,1.0
4,8,5,0.004648371147546576,0.38671875,5,,,,,,,,,1,1,1,0.7,1.0
4,9,8,0.01083664390532592,0.4125,5,,,,,,,,,1,1,1,0.7,1.0
4,10,4,0.0030267081689468824,0.375,4,,,,,,,,,1,1,1,0.7,1.0
4,11,3,0.001798234955708471,0.3378839590443686,3,,,,,,,,,1,1,1,0.7,1.0
4,12,12,0.03246531234079403,0.4714285714285714,5,,,,,,,,,1,1,1,0.7,1.0
4,13,7,0.009413152607664656,0.3944223107569721,5,,,,,,,,,1,1,1,0.7,1.0
4,14,10,0.02034681887297241,0.43612334801762115,5,,,,,,,,,1,1,1,0.7,1.0
4,15,9,0.022967970997341273,0.4125,5,,,,,,,,,1,1,1,0.7,1.0
4,16,3,0.0008141163676104925,0.3473684210526316,3,,,,,,,,,1,1,1,0.7,1.0
4,17,9,0.013710214410568368,0.4125,5,,,,,,,,,1,1,1,0.7,1.0
4,18,12,0.029269697836801636,0.4669811320754717,5,,,,,,,,,1,1,1,0.7,1.0
4,19,10,0.0202537925463073,0.4419642857142857,5,,,,,,,,,1,1,1,0.7,1.0
4,20,3,0.0021808142692860207,0.339041095890411,3,,,,,,,,,1,1,1,0.7,1.0
4,21,6,0.007542316400121865,0.39919354838709675,5,,,,,,,,,1,1,1,0.7,1.0
4,22,10,0.029376023808859605,0.43043478260869567,5,,,,,,,,,1,1,1,0.7,1.0
4,23,9,0.01864473712174515,0.4267241379310345,5,,,,,,,,,1,1,1,0.7,1.0
4,24,2,0.0,0.32038834951456313,2,,,,,,,,,1,1,1,0.7,1.0
4,25,5,0.0062320001243736595,0.38076923076923075,5,,,,,,,,,1,1,1,0.7,1.0
4,26,3,0.0011672780323125835,0.36,3,,,,,,,,,1,1,1,0.7,1.0
4,27,14,0.04032081334260075,0.4782608695652174,5,,,,,,,,,1,1,1,0.7,1.0
4,28,11,0.025196041378104415,0.4479638009049774,5,,,,,,,,,1,1,1,0.7,1.0
4,29,6,0.007148901888439518,0.391304347826087,5,,,,,,,,,1,1,1,0.7,1.0
4,30,6,0.007893523509131792,0.38671875,5,,,,,,,,,1,1,1,0.7,1.0
4,31,8,0.016685872476458252,0.4008097165991903,5,,,,,,,,,1,1,1,0.7,1.0
4,32,15,0.042175075381476565,0.47368421052631576,5,,,,,,,,,1,1,1,0.7,1.0
4,33,9,0.02012775183331944,0.4230769230769231,5,,,,,,,,,1,1,1,0.7,1.0
4,34,9,0.01841082522871394,0.4248927038626609,5,,,,,,,,,1,1,1,0.7,1.0
4,35,9,0.022128555021271912,0.42127659574468085,5,,,,,,,,,1,1,1,0.7,1.0
4,36,6,0.009052232439077976,0.4008097165991903,5,,,,,,,,,1,1,1,0.7,1.0
4,37,10,0.022884808637103175,0.4439461883408072,5,,,,,,,,,1,1,1,0.7,1.0
4,38,3,0.0011621659124968892,0.33559322033898303,3,,,,,,,,,1,1,1,0.7,1.0
4,39,7,0.009374462711473703,0.4125,5,,,,,,,,,1,1,1,0.7,1.0
4,40,7,0.010041046143858966,0.41422594142259417,5,,,,,,,,,1,1,1,0.7,1.0
4,41,8,0.01644273385424969,0.42127659574468085,5,,,,,,,,,1,1,1,0.7,1.0
4,42,7,0.008107386616062813,0.40408163265306124,5,,,,,,,,,1,1,1,0.7,1.0
4,43,8,0.014842540020111665,0.43805309734513276,5,,,,,,,,,1,1,1,0.7,1.0
4,44,9,0.019506962294465077,0.4194915254237288,5,,,,,,,,,1,1,1,0.7,1.0
4,45,8,0.015499166069116324,0.4090909090909091,5,,,,,,,,,1,1,1,0.7,1.0
4,46,7,0.009132084094994313,0.4107883817427386,5,,,,,,,,,1,1,1,0.7,1.0
4,47,8,0.01588333884215923,0.4008097165991903,5,,,,,,,,,1,1,1,0.7,1.0
4,48,8,0.013057353661506293,0.4194915254237288,5,,,,,,,,,1,1,1,0.7,1.0
4,49,10,0.022998126649215727,0.4342105263157895,5,,,,,,,,,1,1,1,0.7,1.0
4,50,10,0.0308143346441008,0.43805309734513276,5,,,,,,,,,1,1,1,0.7,1.0
4,51,14,0.03914697687093884,0.4714285714285714,5,,,,,,,,,1,1,1,0.7,1.0
4,52,5,0.008107289253582214,0.376425855513308,5,,,,,,,,,1,1,1,0.7,1.0
4,53,8,0.011537483487035103,0.4177215189873418,5,,,,,,,,,1,1,1,0.7,1.0
4,54,4,0.003793024144388423,0.3626373626373626,3,,,,,,,,,1,1,1,0.7,1.0
4,55,10,0.023237659776797134,0.4541284403669725,5,,,,,,,,,1,1,1,0.7,1.0
4,56,5,0.005797905192208366,0.37358490566037733,5,,,,,,,,,1,1,1,0.7,1.0
4,57,8,0.016349603863737225,0.4090909090909091,5,,,,,,,,,1,1,1,0.7,1.0
4,58,9,0.019899514796318962,0.4194915254237288,5,,,,,,,,,1,1,1,0.7,1.0
4,59,10,0.022085707361162835,0.4342105263157895,5,,,,,,,,,1,1,1,0.7,1.0
4,60,11,0.019807911567924382,0.43612334801762115,5,,,,,,,,,1,1,1,0.7,1.0
4,61,8,0.010424008924552612,0.4057377049180328,5,,,,,,,,,1,1,1,0.7,1.0
4,62,12,0.025946448104021823,0.45622119815668205,5,,,,,,,,,1,1,1,0.7,1.0
4,63,2,0.0005614126362425681,0.3344594594594595,2,,,,,,,,,1,1,1,0.7,1.0
4,64,9,0.01872332415682547,0.4267241379310345,5,,,,,,,,,1,1,1,0.7,1.0
4,65,12,0.031032488648889307,0.4520547945205479,5,,,,,,,,,1,1,1,0.7,1.0
4,66,6,0.0057761754226101384,0.38372093023255816,5,,,,,,,,,1,1,1,0.7,1.0
4,67,7,0.013160777951982968,0.42127659574468085,5,,,,,,,,,1,1,1,0.7,1.0
4,68,9,0.017227215239394276,0.4248927038626609,5,,,,,,,,,1,1,1,0.7,1.0
4,69,10,0.025227933667602773,0.4177215189873418,5,,,,,,,,,1,1,1,0.7,1.0
4,70,8,0.01387620475838911,0.4267241379310345,5,,,,,,,,,1,1,1,0.7,1.0
4,71,9,0.016185486162689472,0.41596638655462187,5,,,,,,,,,1,1,1,0.7,1.0
4,72,9,0.015273779864619004,0.43043478260869567,5,,,,,,,,,1,1,1,0.7,1.0
4,73,5,0.004078652941379849,0.375,5,,,,,,,,,1,1,1,0.7,1.0
4,74,9,0.018681489814624395,0.4125,5,,,,,,,,,1,1,1,0.7,1.0
4,75,9,0.0171208681049252,0.43231441048034935,5,,,,,,,,,1,1,1,0.7,1.0
4,76,9,0.014075601128570363,0.42127659574468085,5,,,,,,,,,1,1,1,0.7,1.0
4,77,10,0.01743825099569623,0.44,5,,,,,,,,,1,1,1,0.7,1.0
4,78,5,0.0038024049630668573,0.38976377952755903,5,,,,,,,,,1,1,1,0.7,1.0
4,79,6,0.003933385627379168,0.396,5,,,,,,,,,1,1,1,0.7,1.0
4,80,6,0.009540177285457217,0.38976377952755903,5,,,,,,,,,1,1,1,0.7,1.0
4,81,4,0.003878362412685233,0.3535714285714286,3,,,,,,,,,1,1,1,0.7,1.0
4,82,6,0.006102204291129582,0.3793103448275862,5,,,,,,,,,1,1,1,0.7,1.0
4,83,9,0.020811545403340872,0.4230769230769231,5,,,,,,,,,1,1,1,0.7,1.0
4,84,7,0.012843574800630352,0.38823529411764707,5,,,,,,,,,1,1,1,0.7,1.0
4,85,11,0.02311943072088779,0.43612334801762115,5,,,,,,,,,1,1,1,0.7,1.0
4,86,9,0.02249266760837428,0.4230769230769231,5,,,,,,,,,1,1,1,0.7,1.0
4,87,9,0.01288331850351868,0.4248927038626609,5,,,,,,,,,1,1,1,0.7,1.0
4,88,7,0.009293753449501873,0.4090909090909091,5,,,,,,,,,1,1,1,0.7,1.0
4,89,7,0.007638586484533018,0.4074074074074074,5,,,,,,,,,1,1,1,0.7,1.0
4,90,10,0.023171127747701463,0.43231441048034935,5,,,,,,,,,1,1,1,0.7,1.0
4,91,10,0.02595944987752483,0.4439461883408072,5,,,,,,,,,1,1,1,0.7,1.0
4,92,7,0.008537605041661208,0.4008097165991903,5,,,,,,,,,1,1,1,0.7,1.0
4,93,10,0.02616016778149733,0.4479638009049774,5,,,,,,,,,1,1,1,0.7,1.0
4,94,4,0.002824004922169769,0.36,4,,,,,,,,,1,1,1,0.7,1.0
4,95,6,0.0073059396014398675,0.4057377049180328,5,,,,,,,,,1,1,1,0.7,1.0
4,96,6,0.008292640749202327,0.391304347826087,5,,,,,,,,,1,1,1,0.7,1.0
4,97,7,0.012769970808459086,0.4090909090909091,5,,,,,,,,,1,1,1,0.7,1.0
4,98,9,0.016231205942319603,0.4267241379310345,5,,,,,,,,,1,1,1,0.7,1.0
4,99,10,0.02365500758389639,0.4177215189873418,5,,,,,,,,,1,1,1,0.7,1.0
5,0,12,0.027870177639501746,0.4439461883408072,5,,,,,,,,,1,1,1,0.7,1.0
5,1,6,0.008284928002406858,0.39759036144578314,5,,,,,,,,,1,1,1,0.7,1.0
5,2,6,0.007862988956379923,0.3944223107569721,5,,,,,,,,,1,1,1,0.7,1.0
5,3,7,0.009060616819988506,0.4125,5,,,,,,,,,1,1,1,0.7,1.0
5,4,7,0.011546566243780348,0.38372093023255816,5,,,,,,,,,1,1,1,0.7,1.0
5,5,6,0.007353821423085494,0.38823529411764707,5,,,,,,,,,1,1,1,0.7,1.0
5,6,8,0.016582929083409786,0.4024390243902439,5,,,,,,,,,1,1,1,0.7,1.0
5,7,7,0.01482499303979092,0.4090909090909091,5,,,,,,,,,1,1,1,0.7,1.0
5,8,5,0.004648371147546576,0.38671875,5,,,,,,,,,1,1,1,0.7,1.0
5,9,8,0.01083664390532592,0.4125,5,,,,,,,,,1,1,1,0.7,1.0
5,10,4,0.0030267081689468824,0.375,4,,,,,,,,,1,1,1,0.7,1.0
5,11,3,0.001798234955708471,0.3378839590443686,3,,,,,,,,,1,1,1,0.7,1.0
5,12,12,0.03246531234079403,0.4714285714285714,5,,,,,,,,,1,1,1,0.7,1.0
5,13,7,0.009413152607664656,0.3944223107569721,5,,,,,,,,,1,1,1,0.7,1.0
5,14,10,0.02034681887297241,0.43612334801762115,5,,,,,,,,,1,1,1,0.7,1.0
5,15,9,0.022967970997341273,0.4125,5,,,,,,,,,1,1,1,0.7,1.0
5,16,3,0.0008141163676104925,0.3473684210526316,3,,,,,,,,,1,1,1,0.7,1.0
5,17,9,0.013710214410568368,0.4125,5,,,,,,,,,1,1,1,0.7,1.0
5,18,12,0.029269697836801636,0.4669811320754717,5,,,,,,,,,1,1,1,0.7,1.0
5,19,10,0.0202537925463073,0.4419642857142857,5,,,,,,,,,1,1,1,0.7,1.0
5,20,3,0.0021808142692860207,0.339041095890411,3,,,,,,,,,1,1,1,0.7,1.0
5,21,6,0.007542316400121865,0.39919354838709675,5,,,,,,,,,1,1,1,0.7,1.0
5,22,10,0.029376023808859605,0.43043478260869567,5,,,,,,,,,1,1,1,0.7,1.0
5,23,9,0.01864473712174515,0.4267241379310345,5,,,,,,,,,1,1,1,0.7,1.0
5,24,2,0.0,0.32038834951456313,2,,,,,,,,,1,1,1,0.7,1.0
5,25,5,0.0062320001243736595,0.38076923076923075,5,,,,,,,,,1,1,1,0.7,1.0
5,26,3,0.0011672780323125835,0.36,3,,,,,,,,,1,1,1,0.7,1.0
5,27,14,0.04032081334260075,0.4782608695652174,5,,,,,,,,,1,1,1,0.7,1.0
5,28,11,0.025196041378104415,0.4479638009049774,5,,,,,,,,,1,1,1,0.7,1.0
5,29,6,0.007148901888439518,0.391304347826087,5,,,,,,,,,1,1,1,0.7,1.0
5,30,6,0.007893523509131792,0.38671875,5,,,,,,,,,1,1,1,0.7,1.0
5,31,8,0.016685872476458252,0.4008097165991903,5,,,,,,,,,1,1,1,0.7,1.0
5,32,15,0.042175075381476565,0.47368421052631576,5,,,,,,,,,1,1,1,0.7,1.0
5,33,9,0.02012775183331944,0.4230769230769231,5,,,,,,,,,1,1,1,0.7,1.0
5,34,9,0.01841082522871394,0.4248927038626609,5,,,,,,,,,1,1,1,0.7,1.0
5,35,9,0.022128555021271912,0.42127659574468085,5,,,,,,,,,1,1,1,0.7,1.0
5,36,6,0.009052232439077976,0.4008097165991903,5,,,,,,,,,1,1,1,0.7,1.0
5,37,10,0.022884808637103175,0.4439461883408072,5,,,,,,,,,1,1,1,0.7,1.0
5,38,3,0.0011621659124968892,0.33559322033898303,3,,,,,,,,,1,1,1,0.7,1.0
5,39,7,0.009374462711473703,0.4125,5,,,,,,,,,1,1,1,0.7,1.0
5,40,7,0.010041046143858966,0.41422594142259417,5,,,,,,,,,1,1,1,0.7,1.0
5,41,8,0.01644273385424969,0.42127659574468085,5,,,,,,,,,1,1,1,0.7,1.0
5,42,7,0.008107386616062813,0.40408163265306124,5,,,,,,,,,1,1,1,0.7,1.0
5,43,8,0.014842540020111665,0.43805309734513276,5,,,,,,,,,1,1,1,0.7,1.0
5,44,9,0.019506962294465077,0.4194915254237288,5,,,,,,,,,1,1,1,0.7,1.0
5,45,8,0.015499166069116324,0.4090909090909091,5,,,,,,,,,1,1,1,0.7,1.0
5,46,7,0.009132084094994313,0.4107883817427386,5,,,,,,,,,1,1,1,0.7,1.0
5,47,8,0.01588333884215923,0.4008097165991903,5,,,,,,,,,1,1,1,0.7,1.0
5,48,8,0.013057353661506293,0.4194915254237288,5,,,,,,,,,1,1,1,0.7,1.0
5,49,10,0.022998126649215727,0.4342105263157895,5,,,,,,,,,1,1,1,0.7,1.0
5,50,10,0.0308143346441008,0.43805309734513276,5,,,,,,,,,1,1,1,0.7,1.0
5,51,14,0.03914697687093884,0.4714285714285714,5,,,,,,,,,1,1,1,0.7,1.0
5,52,5,0.008107289253582214,0.376425855513308,5,,,,,,,,,1,1,1,0.7,1.0
5,53,8,0.011537483487035103,0.4177215189873418,5,,,,,,,,,1,1,1,0.7,1.0
5,54,4,0.003793024144388423,0.3626373626373626,3,,,,,,,,,1,1,1,0.7,1.0
5,55,10,0.023237659776797134,0.4541284403669725,5,,,,,,,,,1,1,1,0.7,1.0
5,56,5,0.005797905192208366,0.37358490566037733,5,,,,,,,,,1,1,1,0.7,1.0
5,57,8,0.016349603863737225,0.4090909090909091,5,,,,,,,,,1,1,1,0.7,1.0
5,58,9,0.019899514796318962,0.4194915254237288,5,,,,,,,,,1,1,1,0.7,1.0
5,59,10,0.022085707361162835,0.4342105263157895,5,,,,,,,,,1,1,1,0.7,1.0
5,60,11,0.019807911567924382,0.43612334801762115,5,,,,,,,,,1,1,1,0.7,1.0
5,61,8,0.010424008924552612,0.4057377049180328,5,,,,,,,,,1,1,1,0.7,1.0
5,62,12,0.025946448104021823,0.45622119815668205,5,,,,,,,,,1,1,1,0.7,1.0
5,63,2,0.0005614126362425681,0.3344594594594595,2,,,,,,,,,1,1,1,0.7,1.0
5,64,9,0.01872332415682547,0.4267241379310345,5,,,,,,,,,1,1,1,0.7,1.0
5,65,12,0.031032488648889307,0.4520547945205479,5,,,,,,,,,1,1,1,0.7,1.0
5,66,6,0.0057761754226101384,0.38372093023255816,5,,,,,,,,,1,1,1,0.7,1.0
5,67,7,0.013160777951982968,0.42127659574468085,5,,,,,,,,,1,1,1,0.7,1.0
5,68,9,0.017227215239394276,0.4248927038626609,5,,,,,,,,,1,1,1,0.7,1.0
5,69,10,0.025227933667602773,0.4177215189873418,5,,,,,,,,,1,1,1,0.7,1.0
5,70,8,0.01387620475838911,0.4267241379310345,5,,,,,,,,,1,1,1,0.7,1.0
5,71,9,0.016185486162689472,0.41596638655462187,5,,,,,,,,,1,1,1,0.7,1.0
5,72,9,0.015273779864619004,0.43043478260869567,5,,,,,,,,,1,1,1,0.7,1.0
5,73,5,0.004078652941379849,0.375,5,,,,,,,,,1,1,1,0.7,1.0
5,74,9,0.018681489814624395,0.4125,5,,,,,,,,,1,1,1,0.7,1.0
5,75,9,0.0171208681049252,0.43231441048034935,5,,,,,,,,,1,1,1,0.7,1.0
5,76,9,0.014075601128570363,0.42127659574468085,5,,,,,,,,,1,1,1,0.7,1.0
5,77,10,0.01743825099569623,0.44,5,,,,,,,,,1,1,1,0.7,1.0
5,78,5,0.0038024049630668573,0.38976377952755903,5,,,,,,,,,1,1,1,0.7,1.0
5,79,6,0.003933385627379168,0.396,5,,,,,,,,,1,1,1,0.7,1.0
5,80,6,0.009540177285457217,0.38976377952755903,5,,,,,,,,,1,1,1,0.7,1.0
5,81,4,0.003878362412685233,0.3535714285714286,3,,,,,,,,,1,1,1,0.7,1.0
5,82,6,0.006102204291129582,0.3793103448275862,5,,,,,,,,,1,1,1,0.7,1.0
5,83,9,0.020811545403340872,0.4230769230769231,5,,,,,,,,,1,1,1,0.7,1.0
5,84,7,0.012843574800630352,0.38823529411764707,5,,,,,,,,,1,1,1,0.7,1.0
5,85,11,0.02311943072088779,0.43612334801762115,5,,,,,,,,,1,1,1,0.7,1.0
5,86,9,0.02249266760837428,0.4230769230769231,5,,,,,,,,,1,1,1,0.7,1.0
5,87,9,0.01288331850351868,0.4248927038626609,5,,,,,,,,,1,1,1,0.7,1.0
5,88,7,0.009293753449501873,0.4090909090909091,5,,,,,,,,,1,1,1,0.7,1.0
5,89,7,0.007638586484533018,0.4074074074074074,5,,,,,,,,,1,1,1,0.7,1.0
5,90,10,0.023171127747701463,0.43231441048034935,5,,,,,,,,,1,1,1,0.7,1.0
5,91,10,0.02595944987752483,0.4439461883408072,5,,,,,,,,,1,1,1,0.7,1.0
5,92,7,0.008537605041661208,0.4008097165991903,5,,,,,,,,,1,1,1,0.7,1.0
5,93,10,0.02616016778149733,0.4479638009049774,5,,,,,,,,,1,1,1,0.7,1.0
5,94,4,0.002824004922169769,0.36,4,,,,,,,,,1,1,1,0.7,1.0
5,95,6,0.0073059396014398675,0.4057377049180328,5,,,,,,,,,1,1,1,0.7,1.0
5,96,6,0.008292640749202327,0.391304347826087,5,,,,,,,,,1,1,1,0.7,1.0
5,97,7,0.012769970808459086,0.4090909090909091,5,,,,,,,,,1,1,1,0.7,1.0
5,98,9,0.016231205942319603,0.4267241379310345,5,,,,,,,,,1,1,1,0.7,1.0
5,99,10,0.02365500758389639,0.4177215189873418,5,,,,,,,,,1,1,1,0.7,1.0
6,0,12,0.027870177639501746,0.4439461883408072,5,,,,,,,,,1,1,1,0.7,1.0
6,1,6,0.008284928002406858,0.39759036144578314,5,,,,,,,,,1,1,1,0.7,1.0
6,2,6,0.007862988956379923,0.3944223107569721,5,,,,,,,,,1,1,1,0.7,1.0
6,3,7,0.009060616819988506,0.4125,5,,,,,,,,,1,1,1,0.7,1.0
6,4,7,0.011546566243780348,0.38372093023255816,5,,,,,,,,,1,1,1,0.7,1.0
6,5,6,0.007353821423085494,0.38823529411764707,5,,,,,,,,,1,1,1,0.7,1.0
6,6,8,0.016582929083409786,0.4024390243902439,5,,,,,,,,,1,1,1,0.7,1.0
6,7,7,0.01482499303979092,0.4090909090909091,5,,,,,,,,,1,1,1,0.7,1.0
6,8,5,0.004648371147546576,0.38671875,5,,,,,,,,,1,1,1,0.7,1.0
6,9,8,0.01083664390532592,0.4125,5,,,,,,,,,1,1,1,0.7,1.0
6,10,4,0.0030267081689468824,0.375,4,,,,,,,,,1,1,1,0.7,1.0
6,11,3,0.001798234955708471,0.3378839590443686,3,,,,,,,,,1,1,1,0.7,1.0
6,12,12,0.03246531234079403,0.4714285714285714,5,,,,,,,,,1,1,1,0.7,1.0
6,13,7,0.009413152607664656,0.3944223107569721,5,,,,,,,,,1,1,1,0.7,1.0
6,14,10,0.02034681887297241,0.43612334801762115,5,,,,,,,,,1,1,1,0.7,1.0
6,15,9,0.022967970997341273,0.4125,5,,,,,,,,,1,1,1,0.7,1.0
6,16,3,0.0008141163676104925,0.3473684210526316,3,,,,,,,,,1,1,1,0.7,1.0
6,17,9,0.013710214410568368,0.4125,5,,,,,,,,,1,1,1,0.7,1.0
6,18,12,0.029269697836801636,0.4669811320754717,5,,,,,,,,,1,1,1,0.7,1.0
6,19,10,0.0202537925463073,0.4419642857142857,5,,,,,,,,,1,1,1,0.7,1.0
6,20,3,0.0021808142692860207,0.339041095890411,3,,,,,,,,,1,1,1,0.7,1.0
6,21,6,0.007542316400121865,0.39919354838709675,5,,,,,,,,,1,1,1,0.7,1.0
6,22,10,0.029376023808859605,0.43043478260869567,5,,,,,,,,,1,1,1,0.7,1.0
6,23,9,0.01864473712174515,0.4267241379310345,5,,,,,,,,,1,1,1,0.7,1.0
6,24,2,0.0,0.32038834951456313,2,,,,,,,,,1,1,1,0.7,1.0
6,25,5,0.0062320001243736595,0.38076923076923075,5,,,,,,,,,1,1,1,0.7,1.0
6,26,3,0.0011672780323125835,0.36,3,,,,,,,,,1,1,1,0.7,1.0
6,27,14,0.04032081334260075,0.4782608695652174,5,,,,,,,,,1,1,1,0.7,1.0
6,28,11,0.025196041378104415,0.4479638009049774,5,,,,,,,,,1,1,1,0.7,1.0
6,29,6,0.007148901888439518,0.391304347826087,5,,,,,,,,,1,1,1,0.7,1.0
6,30,6,0.007893523509131792,0.38671875,5,,,,,,,,,1,1,1,0.7,1.0
6,31,8,0.016685872476458252,0.4008097165991903,5,,,,,,,,,1,1,1,0.7,1.0
6,32,15,0.042175075381476565,0.47368421052631576,5,,,,,,,,,1,1,1,0.7,1.0
6,33,9,0.02012775183331944,0.4230769230769231,5,,,,,,,,,1,1,1,0.7,1.0
6,34,9,0.01841082522871394,0.4248927038626609,5,,,,,,,,,1,1,1,0.7,1.0
6,35,9,0.022128555021271912,0.42127659574468085,5,,,,,,,,,1,1,1,0.7,1.0
6,36,6,0.009052232439077976,0.4008097165991903,5,,,,,,,,,1,1,1,0.7,1.0
6,37,10,0.022884808637103175,0.4439461883408072,5,,,,,,,,,1,1,1,0.7,1.0
6,38,3,0.0011621659124968892,0.33559322033898303,3,,,,,,,,,1,1,1,0.7,1.0
6,39,7,0.009374462711473703,0.4125,5,,,,,,,,,1,1,1,0.7,1.0
6,40,7,0.010041046143858966,0.41422594142259417,5,,,,,,,,,1,1,1,0.7,1.0
6,41,8,0.01644273385424969,0.42127659574468085,5,,,,,,,,,1,1,1,0.7,1.0
6,42,7,0.008107386616062813,0.40408163265306124,5,,,,,,,,,1,1,1,0.7,1.0
6,43,8,0.014842540020111665,0.43805309734513276,5,,,,,,,,,1,1,1,0.7,1.0
6,44,9,0.019506962294465077,0.4194915254237288,5,,,,,,,,,1,1,1,0.7,1.0
6,45,8,0.015499166069116324,0.4090909090909091,5,,,,,,,,,1,1,1,0.7,1.0
6,46,7,0.009132084094994313,0.4107883817427386,5,,,,,,,,,1,1,1,0.7,1.0
6,47,8,0.01588333884215923,0.4008097165991903,5,,,,,,,,,1,1,1,0.7,1.0
6,48,8,0.013057353661506293,0.4194915254237288,5,,,,,,,,,1,1,1,0.7,1.0
6,49,10,0.022998126649215727,0.4342105263157895,5,,,,,,,,,1,1,1,0.7,1.0
6,50,10,0.0308143346441008,0.43805309734513276,5,,,,,,,,,1,1,1,0.7,1.0
6,51,14,0.03914697687093884,0.4714285714285714,5,,,,,,,,,1,1,1,0.7,1.0
6,52,5,0.008107289253582214,0.376425855513308,5,,,,,,,,,1,1,1,0.7,1.0
6,53,8,0.011537483487035103,0.4177215189873418,5,,,,,,,,,1,1,1,0.7,1.0
6,54,4,0.003793024144388423,0.3626373626373626,3,,,,,,,,,1,1,1,0.7,1.0
6,55,10,0.023237659776797134,0.4541284403669725,5,,,,,,,,,1,1,1,0.7,1.0
6,56,5,0.005797905192208366,0.37358490566037733,5,,,,,,,,,1,1,1,0.7,1.0
6,57,8,0.016349603863737225,0.4090909090909091,5,,,,,,,,,1,1,1,0.7,1.0
6,58,9,0.019899514796318962,0.4194915254237288,5,,,,,,,,,1,1,1,0.7,1.0
6,59,10,0.022085707361162835,0.4342105263157895,5,,,,,,,,,1,1,1,0.7,1.0
6,60,11,0.019807911567924382,0.43612334801762115,5,,,,,,,,,1,1,1,0.7,1.0
6,61,8,0.010424008924552612,0.4057377049180328,5,,,,,,,,,1,1,1,0.7,1.0
6,62,12,0.025946448104021823,0.45622119815668205,5,,,,,,,,,1,1,1,0.7,1.0
6,63,2,0.0005614126362425681,0.3344594594594595,2,,,,,,,,,1,1,1,0.7,1.0
6,64,9,0.01872332415682547,0.4267241379310345,5,,,,,,,,,1,1,1,0.7,1.0
6,65,12,0.031032488648889307,0.4520547945205479,5,,,,,,,,,1,1,1,0.7,1.0
6,66,6,0.0057761754226101384,0.38372093023255816,5,,,,,,,,,1,1,1,0.7,1.0
6,67,7,0.013160777951982968,0.42127659574468085,5,,,,,,,,,1,1,1,0.7,1.0
6,68,9,0.017227215239394276,0.4248927038626609,5,,,,,,,,,1,1,1,0.7,1.0
6,69,10,0.025227933667602773,0.4177215189873418,5,,,,,,,,,1,1,1,0.7,1.0
6,70,8,0.01387620475838911,0.4267241379310345,5,,,,,,,,,1,1,1,0.7,1.0
6,71,9,0.016185486162689472,0.41596638655462187,5,,,,,,,,,1,1,1,0.7,1.0
6,72,9,0.015273779864619004,0.43043478260869567,5,,,,,,,,,1,1,1,0.7,1.0
6,73,5,0.004078652941379849,0.375,5,,,,,,,,,1,1,1,0.7,1.0
6,74,9,0.018681489814624395,0.4125,5,,,,,,,,,1,1,1,0.7,1.0
6,75,9,0.0171208681049252,0.43231441048034935,5,,,,,,,,,1,1,1,0.7,1.0
6,76,9,0.014075601128570363,0.42127659574468085,5,,,,,,,,,1,1,1,0.7,1.0
6,77,10,0.01743825099569623,0.44,5,,,,,,,,,1,1,1,0.7,1.0
6,78,5,0.0038024049630668573,0.38976377952755903,5,,,,,,,,,1,1,1,0.7,1.0
6,79,6,0.003933385627379168,0.396,5,,,,,,,,,1,1,1,0.7,1.0
6,80,6,0.009540177285457217,0.38976377952755903,5,,,,,,,,,1,1,1,0.7,1.0
6,81,4,0.003878362412685233,0.3535714285714286,3,,,,,,,,,1,1,1,0.7,1.0
6,82,6,0.006102204291129582,0.3793103448275862,5,,,,,,,,,1,1,1,0.7,1.0
6,83,9,0.020811545403340872,0.4230769230769231,5,,,,,,,,,1,1,1,0.7,1.0
6,84,7,0.012843574800630352,0.38823529411764707,5,,,,,,,,,1,1,1,0.7,1.0
6,85,11,0.02311943072088779,0.43612334801762115,5,,,,,,,,,1,1,1,0.7,1.0
6,86,9,0.02249266760837428,0.4230769230769231,5,,,,,,,,,1,1,1,0.7,1.0
6,87,9,0.01288331850351868,0.4248927038626609,5,,,,,,,,,1,1,1,0.7,1.0
6,88,7,0.009293753449501873,0.4090909090909091,5,,,,,,,,,1,1,1,0.7,1.0
6,89,7,0.007638586484533018,0.4074074074074074,5,,,,,,,,,1,1,1,0.7,1.0
6,90,10,0.023171127747701463,0.43231441048034935,5,,,,,,,,,1,1,1,0.7,1.0
6,91,10,0.02595944987752483,0.4439461883408072,5,,,,,,,,,1,1,1,0.7,1.0
6,92,7,0.008537605041661208,0.4008097165991903,5,,,,,,,,,1,1,1,0.7,1.0
6,93,10,0.02616016778149733,0.4479638009049774,5,,,,,,,,,1,1,1,0.7,1.0
6,94,4,0.002824004922169769,0.36,4,,,,,,,,,1,1,1,0.7,1.0
6,95,6,0.0073059396014398675,0.4057377049180328,5,,,,,,,,,1,1,1,0.7,1.0
6,96,6,0.008292640749202327,0.391304347826087,5,,,,,,,,,1,1,1,0.7,1.0
6,97,7,0.012769970808459086,0.4090909090909091,5,,,,,,,,,1,1,1,0.7,1.0
6,98,9,0.016231205942319603,0.4267241379310345,5,,,,,,,,,1,1,1,0.7,1.0
6,99,10,0.02365500758389639,0.4177215189873418,5,,,,,,,,,1,1,1,0.7,1.0
7,0,12,0.027870177639501746,0.4439461883408072,5,,,,,,,,,1,1,1,0.7,1.0
7,1,6,0.008284928002406858,0.39759036144578314,5,,,,,,,,,1,1,1,0.7,1.0
7,2,6,0.007862988956379923,0.3944223107569721,5,,,,,,,,,1,1,1,0.7,1.0
7,3,7,0.009060616819988506,0.4125,5,,,,,,,,,1,1,1,0.7,1.0
7,4,7,0.011546566243780348,0.38372093023255816,5,,,,,,,,,1,1,1,0.7,1.0
7,5,6,0.007353821423085494,0.38823529411764707,5,,,,,,,,,1,1,1,0.7,1.0
7,6,8,0.016582929083409786,0.4024390243902439,5,,,,,,,,,1,1,1,0.7,1.0
7,7,7,0.01482499303979092,0.4090909090909091,5,,,,,,,,,1,1,1,0.7,1.0
7,8,5,0.004648371147546576,0.38671875,5,,,,,,,,,1,1,1,0.7,1.0
7,9,8,0.01083664390532592,0.4125,5,,,,,,,,,1,1,1,0.7,1.0
7,10,4,0.0030267081689468824,0.375,4,,,,,,,,,1,1,1,0.7,1.0
7,11,3,0.001798234955708471,0.3378839590443686,3,,,,,,,,,1,1,1,0.7,1.0
7,12,12,0.03246531234079403,0.4714285714285714,5,,,,,,,,,1,1,1,0.7,1.0
7,13,7,0.009413152607664656,0.3944223107569721,5,,,,,,,,,1,1,1,0.7,1.0
7,14,10,0.02034681887297241,0.43612334801762115,5,,,,,,,,,1,1,1,0.7,1.0
7,15,9,0.022967970997341273,0.4125,5,,,,,,,,,1,1,1,0.7,1.0
7,16,3,0.0008141163676104925,0.3473684210526316,3,,,,,,,,,1,1,1,0.7,1.0
7,17,9,0.013710214410568368,0.4125,5,,,,,,,,,1,1,1,0.7,1.0
7,18,12,0.029269697836801636,0.4669811320754717,5,,,,,,,,,1,1,1,0.7,1.0
7,19,10,0.0202537925463073,0.4419642857142857,5,,,,,,,,,1,1,1,0.7,1.0
7,20,3,0.0021808142692860207,0.339041095890411,3,,,,,,,,,1,1,1,0.7,1.0
7,21,6,0.007542316400121865,0.39919354838709675,5,,,,,,,,,1,1,1,0.7,1.0
7,22,10,0.029376023808859605,0.43043478260869567,5,,,,,,,,,1,1,1,0.7,1.0
7,23,9,0.01864473712174515,0.4267241379310345,5,,,,,,,,,1,1,1,0.7,1.0
7,24,2,0.0,0.32038834951456313,2,,,,,,,,,1,1,1,0.7,1.0
7,25,5,0.0062320001243736595,0.38076923076923075,5,,,,,,,,,1,1,1,0.7,1.0
7,26,3,0.0011672780323125835,0.36,3,,,,,,,,,1,1,1,0.7,1.0
7,27,14,0.04032081334260075,0.4782608695652174,5,,,,,,,,,1,1,1,0.7,1.0
7,28,11,0.025196041378104415,0.4479638009049774,5,,,,,,,,,1,1,1,0.7,1.0
7,29,6,0.007148901888439518,0.391304347826087,5,,,,,,,,,1,1,1,0.7,1.0
7,30,6,0.007893523509131792,0.38671875,5,,,,,,,,,1,1,1,0.7,1.0
7,31,8,0.016685872476458252,0.4008097165991903,5,,,,,,,,,1,1,1,0.7,1.0
7,32,15,0.042175075381476565,0.47368421052631576,5,,,,,,,,,1,1,1,0.7,1.0
7,33,9,0.02012775183331944,0.4230769230769231,5,,,,,,,,,1,1,1,0.7,1.0
7,34,9,0.01841082522871394,0.4248927038626609,5,,,,,,,,,1,1,1,0.7,1.0
7,35,9,0.022128555021271912,0.42127659574468085,5,,,,,,,,,1,1,1,0.7,1.0
7,36,6,0.009052232439077976,0.4008097165991903,5,,,,,,,,,1,1,1,0.7,1.0
7,37,10,0.022884808637103175,0.4439461883408072,5,,,,,,,,,1,1,1,0.7,1.0
7,38,3,0.0011621659124968892,0.33559322033898303,3,,,,,,,,,1,1,1,0.7,1.0
7,39,7,0.009374462711473703,0.4125,5,,,,,,,,,1,1,1,0.7,1.0
7,40,7,0.010041046143858966,0.41422594142259417,5,,,,,,,,,1,1,1,0.7,1.0
7,41,8,0.01644273385424969,0.42127659574468085,5,,,,,,,,,1,1,1,0.7,1.0
7,42,7,0.008107386616062813,0.40408163265306124,5,,,,,,,,,1,1,1,0.7,1.0
7,43,8,0.014842540020111665,0.43805309734513276,5,,,,,,,,,1,1,1,0.7,1.0
7,44,9,0.019506962294465077,0.4194915254237288,5,,,,,,,,,1,1,1,0.7,1.0
7,45,8,0.015499166069116324,0.4090909090909091,5,,,,,,,,,1,1,1,0.7,1.0
7,46,7,0.009132084094994313,0.4107883817427386,5,,,,,,,,,1,1,1,0.7,1.0
7,47,8,0.01588333884215923,0.4008097165991903,5,,,,,,,,,1,1,1,0.7,1.0
7,48,8,0.013057353661506293,0.4194915254237288,5,,,,,,,,,1,1,1,0.7,1.0
7,49,10,0.022998126649215727,0.4342105263157895,5,,,,,,,,,1,1,1,0.7,1.0
7,50,10,0.0308143346441008,0.43805309734513276,5,,,,,,,,,1,1,1,0.7,1.0
7,51,14,0.03914697687093884,0.4714285714285714,5,,,,,,,,,1,1,1,0.7,1.0
7,52,5,0.008107289253582214,0.376425855513308,5,,,,,,,,,1,1,1,0.7,1.0
7,53,8,0.011537483487035103,0.4177215189873418,5,,,,,,,,,1,1,1,0.7,1.0
7,54,4,0.003793024144388423,0.3626373626373626,3,,,,,,,,,1,1,1,0.7,1.0
7,55,10,0.023237659776797134,0.4541284403669725,5,,,,,,,,,1,1,1,0.7,1.0
7,56,5,0.005797905192208366,0.37358490566037733,5,,,,,,,,,1,1,1,0.7,1.0
7,57,8,0.016349603863737225,0.4090909090909091,5,,,,,,,,,1,1,1,0.7,1.0
7,58,9,0.019899514796318962,0.4194915254237288,5,,,,,,,,,1,1,1,0.7,1.0
7,59,10,0.022085707361162835,0.4342105263157895,5,,,,,,,,,1,1,1,0.7,1.0
7,60,11,0.019807911567924382,0.43612334801762115,5,,,,,,,,,1,1,1,0.7,1.0
7,61,8,0.010424008924552612,0.4057377049180328,5,,,,,,,,,1,1,1,0.7,1.0
7,62,12,0.025946448104021823,0.45622119815668205,5,,,,,,,,,1,1,1,0.7,1.0
7,63,2,0.0005614126362425681,0.3344594594594595,2,,,,,,,,,1,1,1,0.7,1.0
7,64,9,0.01872332415682547,0.4267241379310345,5,,,,,,,,,1,1,1,0.7,1.0
7,65,12,0.031032488648889307,0.4520547945205479,5,,,,,,,,,1,1,1,0.7,1.0
7,66,6,0.0057761754226101384,0.38372093023255816,5,,,,,,,,,1,1,1,0.7,1.0
7,67,7,0.013160777951982968,0.42127659574468085,5,,,,,,,,,1,1,1,0.7,1.0
7,68,9,0.017227215239394276,0.4248927038626609,5,,,,,,,,,1,1,1,0.7,1.0
7,69,10,0.025227933667602773,0.4177215189873418,5,,,,,,,,,1,1,1,0.7,1.0
7,70,8,0.01387620475838911,0.4267241379310345,5,,,,,,,,,1,1,1,0.7,1.0
7,71,9,0.016185486162689472,0.41596638655462187,5,,,,,,,,,1,1,1,0.7,1.0
7,72,9,0.015273779864619004,0.43043478260869567,5,,,,,,,,,1,1,1,0.7,1.0
7,73,5,0.004078652941379849,0.375,5,,,,,,,,,1,1,1,0.7,1.0
7,74,9,0.018681489814624395,0.4125,5,,,,,,,,,1,1,1,0.7,1.0
7,75,9,0.0171208681049252,0.43231441048034935,5,,,,,,,,,1,1,1,0.7,1.0
7,76,9,0.014075601128570363,0.42127659574468085,5,,,,,,,,,1,1,1,0.7,1.0
7,77,10,0.01743825099569623,0.44,5,,,,,,,,,1,1,1,0.7,1.0
7,78,5,0.0038024049630668573,0.38976377952755903,5,,,,,,,,,1,1,1,0.7,1.0
7,79,6,0.003933385627379168,0.396,5,,,,,,,,,1,1,1,0.7,1.0
7,80,6,0.009540177285457217,0.38976377952755903,5,,,,,,,,,1,1,1,0.7,1.0
7,81,4,0.003878362412685233,0.3535714285714286,3,,,,,,,,,1,1,1,0.7,1.0
7,82,6,0.006102204291129582,0.3793103448275862,5,,,,,,,,,1,1,1,0.7,1.0
7,83,9,0.020811545403340872,0.4230769230769231,5,,,,,,,,,1,1,1,0.7,1.0
7,84,7,0.012843574800630352,0.38823529411764707,5,,,,,,,,,1,1,1,0.7,1.0
7,85,11,0.02311943072088779,0.43612334801762115,5,,,,,,,,,1,1,1,0.7,1.0
7,86,9,0.02249266760837428,0.4230769230769231,5,,,,,,,,,1,1,1,0.7,1.0
7,87,9,0.01288331850351868,0.4248927038626609,5,,,,,,,,,1,1,1,0.7,1.0
7,88,7,0.009293753449501873,0.4090909090909091,5,,,,,,,,,1,1,1,0.7,1.0
7,89,7,0.007638586484533018,0.4074074074074074,5,,,,,,,,,1,1,1,0.7,1.0
7,90,10,0.023171127747701463,0.43231441048034935,5,,,,,,,,,1,1,1,0.7,1.0
7,91,10,0.02595944987752483,0.4439461883408072,5,,,,,,,,,1,1,1,0.7,1.0
7,92,7,0.008537605041661208,0.4008097165991903,5,,,,,,,,,1,1,1,0.7,1.0
7,93,10,0.02616016778149733,0.4479638009049774,5,,,,,,,,,1,1,1,0.7,1.0
7,94,4,0.002824004922169769,0.36,4,,,,,,,,,1,1,1,0.7,1.0
7,95,6,0.0073059396014398675,0.4057377049180328,5,,,,,,,,,1,1,1,0.7,1.0
7,96,6,0.008292640749202327,0.391304347826087,5,,,,,,,,,1,1,1,0.7,1.0
7,97,7,0.012769970808459086,0.4090909090909091,5,,,,,,,,,1,1,1,0.7,1.0
7,98,9,0.016231205942319603,0.4267241379310345,5,,,,,,,,,1,1,1,0.7,1.0
7,99,10,0.02365500758389639,0.4177215189873418,5,,,,,,,,,1,1,1,0.7,1.0
8,0,12,0.027870177639501746,0.4439461883408072,5,,,,,,,,,1,1,1,0.7,1.0
8,1,6,0.008284928002406858,0.39759036144578314,5,,,,,,,,,1,1,1,0.7,1.0
8,2,6,0.007862988956379923,0.3944223107569721,5,,,,,,,,,1,1,1,0.7,1.0
8,3,7,0.009060616819988506,0.4125,5,,,,,,,,,1,1,1,0.7,1.0
8,4,7,0.011546566243780348,0.38372093023255816,5,,,,,,,,,1,1,1,0.7,1.0
8,5,6,0.007353821423085494,0.38823529411764707,5,,,,,,,,,1,1,1,0.7,1.0
8,6,8,0.016582929083409786,0.4024390243902439,5,,,,,,,,,1,1,1,0.7,1.0
8,7,7,0.01482499303979092,0.4090909090909091,5,,,,,,,,,1,1,1,0.7,1.0
8,8,5,0.004648371147546576,0.38671875,5,,,,,,,,,1,1,1,0.7,1.0
8,9,8,0.01083664390532592,0.4125,5,,,,,,,,,1,1,1,0.7,1.0
8,10,4,0.0030267081689468824,0.375,4,,,,,,,,,1,1,1,0.7,1.0
8,11,3,0.001798234955708471,0.3378839590443686,3,,,,,,,,,1,1,1,0.7,1.0
8,12,12,0.03246531234079403,0.4714285714285714,5,,,,,,,,,1,1,1,0.7,1.0
8,13,7,0.009413152607664656,0.3944223107569721,5,,,,,,,,,1,1,1,0.7,1.0
8,14,10,0.02034681887297241,0.43612334801762115,5,,,,,,,,,1,1,1,0.7,1.0
8,15,9,0.022967970997341273,0.4125,5,,,,,,,,,1,1,1,0.7,1.0
8,16,3,0.0008141163676104925,0.3473684210526316,3,,,,,,,,,1,1,1,0.7,1.0
8,17,9,0.013710214410568368,0.4125,5,,,,,,,,,1,1,1,0.7,1.0
8,18,12,0.029269697836801636,0.4669811320754717,5,,,,,,,,,1,1,1,0.7,1.0
8,19,10,0.0202537925463073,0.4419642857142857,5,,,,,,,,,1,1,1,0.7,1.0
8,20,3,0.0021808142692860207,0.339041095890411,3,,,,,,,,,1,1,1,0.7,1.0
8,21,6,0.007542316400121865,0.39919354838709675,5,,,,,,,,,1,1,1,0.7,1.0
8,22,10,0.029376023808859605,0.43043478260869567,5,,,,,,,,,1,1,1,0.7,1.0
8,23,9,0.01864473712174515,0.4267241379310345,5,,,,,,,,,1,1,1,0.7,1.0
8,24,2,0.0,0.32038834951456313,2,,,,,,,,,1,1,1,0.7,1.0
8,25,5,0.0062320001243736595,0.38076923076923075,5,,,,,,,,,1,1,1,0.7,1.0
8,26,3,0.0011672780323125835,0.36,3,,,,,,,,,1,1,1,0.7,1.0
8,27,14,0.04032081334260075,0.4782608695652174,5,,,,,,,,,1,1,1,0.7,1.0
8,28,11,0.025196041378104415,0.4479638009049774,5,,,,,,,,,1,1,1,0.7,1.0
8,29,6,0.007148901888439518,0.391304347826087,5,,,,,,,,,1,1,1,0.7,1.0
8,30,6,0.007893523509131792,0.38671875,5,,,,,,,,,1,1,1,0.7,1.0
8,31,8,0.016685872476458252,0.4008097165991903,5,,,,,,,,,1,1,1,0.7,1.0
8,32,15,0.042175075381476565,0.47368421052631576,5,,,,,,,,,1,1,1,0.7,1.0
8,33,9,0.02012775183331944,0.4230769230769231,5,,,,,,,,,1,1,1,0.7,1.0
8,34,9,0.01841082522871394,0.4248927038626609,5,,,,,,,,,1,1,1,0.7,1.0
8,35,9,0.022128555021271912,0.42127659574468085,5,,,,,,,,,1,1,1,0.7,1.0
8,36,6,0.009052232439077976,0.4008097165991903,5,,,,,,,,,1,1,1,0.7,1.0
8,37,10,0.022884808637103175,0.4439461883408072,5,,,,,,,,,1,1,1,0.7,1.0
8,38,3,0.0011621659124968892,0.33559322033898303,3,,,,,,,,,1,1,1,0.7,1.0
8,39,7,0.009374462711473703,0.4125,5,,,,,,,,,1,1,1,0.7,1.0
8,40,7,0.010041046143858966,0.41422594142259417,5,,,,,,,,,1,1,1,0.7,1.0
8,41,8,0.01644273385424969,0.42127659574468085,5,,,,,,,,,1,1,1,0.7,1.0
8,42,7,0.008107386616062813,0.40408163265306124,5,,,,,,,,,1,1,1,0.7,1.0
8,43,8,0.014842540020111665,0.43805309734513276,5,,,,,,,,,1,1,1,0.7,1.0
8,44,9,0.019506962294465077,0.4194915254237288,5,,,,,,,,,1,1,1,0.7,1.0
8,45,8,0.015499166069116324,0.4090909090909091,5,,,,,,,,,1,1,1,0.7,1.0
8,46,7,0.009132084094994313,0.4107883817427386,5,,,,,,,,,1,1,1,0.7,1.0
8,47,8,0.01588333884215923,0.4008097165991903,5,,,,,,,,,1,1,1,0.7,1.0
8,48,8,0.013057353661506293,0.4194915254237288,5,,,,,,,,,1,1,1,0.7,1.0
8,49,10,0.022998126649215727,0.4342105263157895,5,,,,,,,,,1,1,1,0.7,1.0
8,50,10,0.0308143346441008,0.43805309734513276,5,,,,,,,,,1,1,1,0.7,1.0
8,51,14,0.03914697687093884,0.4714285714285714,5,,,,,,,,,1,1,1,0.7,1.0
8,52,5,0.008107289253582214,0.376425855513308,5,,,,,,,,,1,1,1,0.7,1.0
8,53,8,0.011537483487035103,0.4177215189873418,5,,,,,,,,,1,1,1,0.7,1.0
8,54,4,0.003793024144388423,0.3626373626373626,3,,,,,,,,,1,1,1,0.7,1.0
8,55,10,0.023237659776797134,0.4541284403669725,5,,,,,,,,,1,1,1,0.7,1.0
8,56,5,0.005797905192208366,0.37358490566037733,5,,,,,,,,,1,1,1,0.7,1.0
8,57,8,0.016349603863737225,0.4090909090909091,5,,,,,,,,,1,1,1,0.7,1.0
8,58,9,0.019899514796318962,0.4194915254237288,5,,,,,,,,,1,1,1,0.7,1.0
8,59,10,0.022085707361162835,0.4342105263157895,5,,,,,,,,,1,1,1,0.7,1.0
8,60,11,0.019807911567924382,0.43612334801762115,5,,,,,,,,,1,1,1,0.7,1.0
8,61,8,0.010424008924552612,0.4057377049180328,5,,,,,,,,,1,1,1,0.7,1.0
8,62,12,0.025946448104021823,0.45622119815668205,5,,,,,,,,,1,1,1,0.7,1.0
8,63,2,0.0005614126362425681,0.3344594594594595,2,,,,,,,,,1,1,1,0.7,1.0
8,64,9,0.01872332415682547,0.4267241379310345,5,,,,,,,,,1,1,1,0.7,1.0
8,65,12,0.031032488648889307,0.4520547945205479,5,,,,,,,,,1,1,1,0.7,1.0
8,66,6,0.0057761754226101384,0.38372093023255816,5,,,,,,,,,1,1,1,0.7,1.0
8,67,7,0.013160777951982968,0.42127659574468085,5,,,,,,,,,1,1,1,0.7,1.0
8,68,9,0.017227215239394276,0.4248927038626609,5,,,,,,,,,1,1,1,0.7,1.0
8,69,10,0.025227933667602773,0.4177215189873418,5,,,,,,,,,1,1,1,0.7,1.0
8,70,8,0.01387620475838911,0.4267241379310345,5,,,,,,,,,1,1,1,0.7,1.0
8,71,9,0.016185486162689472,0.41596638655462187,5,,,,,,,,,1,1,1,0.7,1.0
8,72,9,0.015273779864619004,0.43043478260869567,5,,,,,,,,,1,1,1,0.7,1.0
8,73,5,0.004078652941379849,0.375,5,,,,,,,,,1,1,1,0.7,1.0
8,74,9,0.018681489814624395,0.4125,5,,,,,,,,,1,1,1,0.7,1.0
8,75,9,0.0171208681049252,0.43231441048034935,5,,,,,,,,,1,1,1,0.7,1.0
8,76,9,0.014075601128570363,0.42127659574468085,5,,,,,,,,,1,1,1,0.7,1.0
8,77,10,0.01743825099569623,0.44,5,,,,,,,,,1,1,1,0.7,1.0
8,78,5,0.0038024049630668573,0.38976377952755903,5,,,,,,,,,1,1,1,0.7,1.0
8,79,6,0.003933385627379168,0.396,5,,,,,,,,,1,1,1,0.7,1.0
8,80,6,0.009540177285457217,0.38976377952755903,5,,,,,,,,,1,1,1,0.7,1.0
8,81,4,0.003878362412685233,0.3535714285714286,3,,,,,,,,,1,1,1,0.7,1.0
8,82,6,0.006102204291129582,0.3793103448275862,5,,,,,,,,,1,1,1,0.7,1.0
8,83,9,0.020811545403340872,0.4230769230769231,5,,,,,,,,,1,1,1,0.7,1.0
8,84,7,0.012843574800630352,0.38823529411764707,5,,,,,,,,,1,1,1,0.7,1.0
8,85,11,0.02311943072088779,0.43612334801762115,5,,,,,,,,,1,1,1,0.7,1.0
8,86,9,0.02249266760837428,0.4230769230769231,5,,,,,,,,,1,1,1,0.7,1.0
8,87,9,0.01288331850351868,0.4248927038626609,5,,,,,,,,,1,1,1,0.7,1.0
8,88,7,0.009293753449501873,0.4090909090909091,5,,,,,,,,,1,1,1,0.7,1.0
8,89,7,0.007638586484533018,0.4074074074074074,5,,,,,,,,,1,1,1,0.7,1.0
8,90,10,0.023171127747701463,0.43231441048034935,5,,,,,,,,,1,1,1,0.7,1.0
8,91,10,0.02595944987752483,0.4439461883408072,5,,,,,,,,,1,1,1,0.7,1.0
8,92,7,0.008537605041661208,0.4008097165991903,5,,,,,,,,,1,1,1,0.7,1.0
8,93,10,0.02616016778149733,0.4479638009049774,5,,,,,,,,,1,1,1,0.7,1.0
8,94,4,0.002824004922169769,0.36,4,,,,,,,,,1,1,1,0.7,1.0
8,95,6,0.0073059396014398675,0.4057377049180328,5,,,,,,,,,1,1,1,0.7,1.0
8,96,6,0.008292640749202327,0.391304347826087,5,,,,,,,,,1,1,1,0.7,1.0
8,97,7,0.012769970808459086,0.4090909090909091,5,,,,,,,,,1,1,1,0.7,1.0
8,98,9,0.016231205942319603,0.4267241379310345,5,,,,,,,,,1,1,1,0.7,1.0
8,99,10,0.02365500758389639,0.4177215189873418,5,,,,,,,,,1,1,1,0.7,1.0
9,0,12,0.027870177639501746,0.4439461883408072,5,,,,,,,,,1,1,1,0.7,1.0
9,1,6,0.008284928002406858,0.39759036144578314,5,,,,,,,,,1,1,1,0.7,1.0
9,2,6,0.007862988956379923,0.3944223107569721,5,,,,,,,,,1,1,1,0.7,1.0
9,3,7,0.009060616819988506,0.4125,5,,,,,,,,,1,1,1,0.7,1.0
9,4,7,0.011546566243780348,0.38372093023255816,5,,,,,,,,,1,1,1,0.7,1.0
9,5,6,0.007353821423085494,0.38823529411764707,5,,,,,,,,,1,1,1,0.7,1.0
9,6,8,0.016582929083409786,0.4024390243902439,5,,,,,,,,,1,1,1,0.7,1.0
9,7,7,0.01482499303979092,0.4090909090909091,5,,,,,,,,,1,1,1,0.7,1.0
9,8,5,0.004648371147546576,0.38671875,5,,,,,,,,,1,1,1,0.7,1.0
9,9,8,0.01083664390532592,0.4125,5,,,,,,,,,1,1,1,0.7,1.0
9,10,4,0.0030267081689468824,0.375,4,,,,,,,,,1,1,1,0.7,1.0
9,11,3,0.001798234955708471,0.3378839590443686,3,,,,,,,,,1,1,1,0.7,1.0
9,12,12,0.03246531234079403,0.4714285714285714,5,,,,,,,,,1,1,1,0.7,1.0
9,13,7,0.009413152607664656,0.3944223107569721,5,,,,,,,,,1,1,1,0.7,1.0
9,14,10,0.02034681887297241,0.43612334801762115,5,,,,,,,,,1,1,1,0.7,1.0
9,15,9,0.022967970997341273,0.4125,5,,,,,,,,,1,1,1,0.7,1.0
9,16,3,0.0008141163676104925,0.3473684210526316,3,,,,,,,,,1,1,1,0.7,1.0
9,17,9,0.013710214410568368,0.4125,5,,,,,,,,,1,1,1,0.7,1.0
9,18,12,0.029269697836801636,0.4669811320754717,5,,,,,,,,,1,1,1,0.7,1.0
9,19,10,0.0202537925463073,0.4419642857142857,5,,,,,,,,,1,1,1,0.7,1.0
9,20,3,0.0021808142692860207,0.339041095890411,3,,,,,,,,,1,1,1,0.7,1.0
9,21,6,0.007542316400121865,0.39919354838709675,5,,,,,,,,,1,1,1,0.7,1.0
9,22,10,0.029376023808859605,0.43043478260869567,5,,,,,,,,,1,1,1,0.7,1.0
9,23,9,0.01864473712174515,0.4267241379310345,5,,,,,,,,,1,1,1,0.7,1.0
9,24,2,0.0,0.32038834951456313,2,,,,,,,,,1,1,1,0.7,1.0
9,25,5,0.0062320001243736595,0.38076923076923075,5,,,,,,,,,1,1,1,0.7,1.0
9,26,3,0.0011672780323125835,0.36,3,,,,,,,,,1,1,1,0.7,1.0
9,27,14,0.04032081334260075,0.4782608695652174,5,,,,,,,,,1,1,1,0.7,1.0
9,28,11,0.025196041378104415,0.4479638009049774,5,,,,,,,,,1,1,1,0.7,1.0
9,29,6,0.007148901888439518,0.391304347826087,5,,,,,,,,,1,1,1,0.7,1.0
9,30,6,0.007893523509131792,0.38671875,5,,,,,,,,,1,1,1,0.7,1.0
9,31,8,0.016685872476458252,0.4008097165991903,5,,,,,,,,,1,1,1,0.7,1.0
9,32,15,0.042175075381476565,0.47368421052631576,5,,,,,,,,,1,1,1,0.7,1.0
9,33,9,0.02012775183331944,0.4230769230769231,5,,,,,,,,,1,1,1,0.7,1.0
9,34,9,0.01841082522871394,0.4248927038626609,5,,,,,,,,,1,1,1,0.7,1.0
9,35,9,0.022128555021271912,0.42127659574468085,5,,,,,,,,,1,1,1,0.7,1.0
9,36,6,0.009052232439077976,0.4008097165991903,5,,,,,,,,,1,1,1,0.7,1.0
9,37,10,0.022884808637103175,0.4439461883408072,5,,,,,,,,,1,1,1,0.7,1.0
9,38,3,0.0011621659124968892,0.33559322033898303,3,,,,,,,,,1,1,1,0.7,1.0
9,39,7,0.009374462711473703,0.4125,5,,,,,,,,,1,1,1,0.7,1.0
9,40,7,0.010041046143858966,0.41422594142259417,5,,,,,,,,,1,1,1,0.7,1.0
9,41,8,0.01644273385424969,0.42127659574468085,5,,,,,,,,,1,1,1,0.7,1.0
9,42,7,0.008107386616062813,0.40408163265306124,5,,,,,,,,,1,1,1,0.7,1.0
9,43,8,0.014842540020111665,0.43805309734513276,5,,,,,,,,,1,1,1,0.7,1.0
9,44,9,0.019506962294465077,0.4194915254237288,5,,,,,,,,,1,1,1,0.7,1.0
9,45,8,0.015499166069116324,0.4090909090909091,5,,,,,,,,,1,1,1,0.7,1.0
9,46,7,0.009132084094994313,0.4107883817427386,5,,,,,,,,,1,1,1,0.7,1.0
9,47,8,0.01588333884215923,0.4008097165991903,5,,,,,,,,,1,1,1,0.7,1.0
9,48,8,0.013057353661506293,0.4194915254237288,5,,,,,,,,,1,1,1,0.7,1.0
9,49,10,0.022998126649215727,0.4342105263157895,5,,,,,,,,,1,1,1,0.7,1.0
9,50,10,0.0308143346441008,0.43805309734513276,5,,,,,,,,,1,1,1,0.7,1.0
9,51,14,0.03914697687093884,0.4714285714285714,5,,,,,,,,,1,1,1,0.7,1.0
9,52,5,0.008107289253582214,0.376425855513308,5,,,,,,,,,1,1,1,0.7,1.0
9,53,8,0.011537483487035103,0.4177215189873418,5,,,,,,,,,1,1,1,0.7,1.0
9,54,4,0.003793024144388423,0.3626373626373626,3,,,,,,,,,1,1,1,0.7,1.0
9,55,10,0.023237659776797134,0.4541284403669725,5,,,,,,,,,1,1,1,0.7,1.0
9,56,5,0.005797905192208366,0.37358490566037733,5,,,,,,,,,1,1,1,0.7,1.0
9,57,8,0.016349603863737225,0.4090909090909091,5,,,,,,,,,1,1,1,0.7,1.0
9,58,9,0.019899514796318962,0.4194915254237288,5,,,,,,,,,1,1,1,0.7,1.0
9,59,10,0.022085707361162835,0.4342105263157895,5,,,,,,,,,1,1,1,0.7,1.0
9,60,11,0.019807911567924382,0.43612334801762115,5,,,,,,,,,1,1,1,0.7,1.0
9,61,8,0.010424008924552612,0.4057377049180328,5,,,,,,,,,1,1,1,0.7,1.0
9,62,12,0.025946448104021823,0.45622119815668205,5,,,,,,,,,1,1,1,0.7,1.0
9,63,2,0.0005614126362425681,0.3344594594594595,2,,,,,,,,,1,1,1,0.7,1.0
9,64,9,0.01872332415682547,0.4267241379310345,5,,,,,,,,,1,1,1,0.7,1.0
9,65,12,0.031032488648889307,0.4520547945205479,5,,,,,,,,,1,1,1,0.7,1.0
9,66,6,0.0057761754226101384,0.38372093023255816,5,,,,,,,,,1,1,1,0.7,1.0
9,67,7,0.013160777951982968,0.42127659574468085,5,,,,,,,,,1,1,1,0.7,1.0
9,68,9,0.017227215239394276,0.4248927038626609,5,,,,,,,,,1,1,1,0.7,1.0
9,69,10,0.025227933667602773,0.4177215189873418,5,,,,,,,,,1,1,1,0.7,1.0
9,70,8,0.01387620475838911,0.4267241379310345,5,,,,,,,,,1,1,1,0.7,1.0
9,71,9,0.016185486162689472,0.41596638655462187,5,,,,,,,,,1,1,1,0.7,1.0
9,72,9,0.015273779864619004,0.43043478260869567,5,,,,,,,,,1,1,1,0.7,1.0
9,73,5,0.004078652941379849,0.375,5,,,,,,,,,1,1,1,0.7,1.0
9,74,9,0.018681489814624395,0.4125,5,,,,,,,,,1,1,1,0.7,1.0
9,75,9,0.0171208681049252,0.43231441048034935,5,,,,,,,,,1,1,1,0.7,1.0
9,76,9,0.014075601128570363,0.42127659574468085,5,,,,,,,,,1,1,1,0.7,1.0
9,77,10,0.01743825099569623,0.44,5,,,,,,,,,1,1,1,0.7,1.0
9,78,5,0.0038024049630668573,0.38976377952755903,5,,,,,,,,,1,1,1,0.7,1.0
9,79,6,0.003933385627379168,0.396,5,,,,,,,,,1,1,1,0.7,1.0
9,80,6,0.009540177285457217,0.38976377952755903,5,,,,,,,,,1,1,1,0.7,1.0
9,81,4,0.003878362412685233,0.3535714285714286,3,,,,,,,,,1,1,1,0.7,1.0
9,82,6,0.006102204291129582,0.3793103448275862,5,,,,,,,,,1,1,1,0.7,1.0
9,83,9,0.020811545403340872,0.4230769230769231,5,,,,,,,,,1,1,1,0.7,1.0
9,84,7,0.012843574800630352,0.38823529411764707,5,,,,,,,,,1,1,1,0.7,1.0
9,85,11,0.02311943072088779,0.43612334801762115,5,,,,,,,,,1,1,1,0.7,1.0
9,86,9,0.02249266760837428,0.4230769230769231,5,,,,,,,,,1,1,1,0.7,1.0
9,87,9,0.01288331850351868,0.4248927038626609,5,,,,,,,,,1,1,1,0.7,1.0
9,88,7,0.009293753449501873,0.4090909090909091,5,,,,,,,,,1,1,1,0.7,1.0
9,89,7,0.007638586484533018,0.4074074074074074,5,,,,,,,,,1,1,1,0.7,1.0
9,90,10,0.023171127747701463,0.43231441048034935,5,,,,,,,,,1,1,1,0.7,1.0
9,91,10,0.02595944987752483,0.4439461883408072,5,,,,,,,,,1,1,1,0.7,1.0
9,92,7,0.008537605041661208,0.4008097165991903,5,,,,,,,,,1,1,1,0.7,1.0
9,93,10,0.02616016778149733,0.4479638009049774,5,,,,,,,,,1,1,1,0.7,1.0
9,94,4,0.002824004922169769,0.36,4,,,,,,,,,1,1,1,0.7,1.0
9,95,6,0.0073059396014398675,0.4057377049180328,5,,,,,,,,,1,1,1,0.7,1.0
9,96,6,0.008292640749202327,0.391304347826087,5,,,,,,,,,1,1,1,0.7,1.0
9,97,7,0.012769970808459086,0.4090909090909091,5,,,,,,,,,1,1,1,0.7,1.0
9,98,9,0.016231205942319603,0.4267241379310345,5,,,,,,,,,1,1,1,0.7,1.0
9,99,10,0.02365500758389639,0.4177215189873418,5,,,,,,,,,1,1,1,0.7,1.0
10,0,12,0.027870177639501746,0.4439461883408072,5,,,,,,,,,1,1,1,0.7,1.0
10,1,6,0.008284928002406858,0.39759036144578314,5,,,,,,,,,1,1,1,0.7,1.0
10,2,6,0.007862988956379923,0.3944223107569721,5,,,,,,,,,1,1,1,0.7,1.0
10,3,7,0.009060616819988506,0.4125,5,,,,,,,,,1,1,1,0.7,1.0
10,4,7,0.011546566243780348,0.38372093023255816,5,,,,,,,,,1,1,1,0.7,1.0
10,5,6,0.007353821423085494,0.38823529411764707,5,,,,,,,,,1,1,1,0.7,1.0
10,6,8,0.016582929083409786,0.4024390243902439,5,,,,,,,,,1,1,1,0.7,1.0
10,7,7,0.01482499303979092,0.4090909090909091,5,,,,,,,,,1,1,1,0.7,1.0
10,8,5,0.004648371147546576,0.38671875,5,,,,,,,,,1,1,1,0.7,1.0
10,9,8,0.01083664390532592,0.4125,5,,,,,,,,,1,1,1,0.7,1.0
10,10,4,0.0030267081689468824,0.375,4,,,,,,,,,1,1,1,0.7,1.0
10,11,3,0.001798234955708471,0.3378839590443686,3,,,,,,,,,1,1,1,0.7,1.0
10,12,12,0.03246531234079403,0.4714285714285714,5,,,,,,,,,1,1,1,0.7,1.0
10,13,7,0.009413152607664656,0.3944223107569721,5,,,,,,,,,1,1,1,0.7,1.0
10,14,10,0.02034681887297241,0.43612334801762115,5,,,,,,,,,1,1,1,0.7,1.0
10,15,9,0.022967970997341273,0.4125,5,,,,,,,,,1,1,1,0.7,1.0
10,16,3,0.0008141163676104925,0.3473684210526316,3,,,,,,,,,1,1,1,0.7,1.0
10,17,9,0.013710214410568368,0.4125,5,,,,,,,,,1,1,1,0.7,1.0
10,18,12,0.029269697836801636,0.4669811320754717,5,,,,,,,,,1,1,1,0.7,1.0
10,19,10,0.0202537925463073,0.4419642857142857,5,,,,,,,,,1,1,1,0.7,1.0
10,20,3,0.0021808142692860207,0.339041095890411,3,,,,,,,,,1,1,1,0.7,1.0
10,21,6,0.007542316400121865,0.39919354838709675,5,,,,,,,,,1,1,1,0.7,1.0
10,22,10,0.029376023808859605,0.43043478260869567,5,,,,,,,,,1,1,1,0.7,1.0
10,23,9,0.01864473712174515,0.4267241379310345,5,,,,,,,,,1,1,1,0.7,1.0
10,24,2,0.0,0.32038834951456313,2,,,,,,,,,1,1,1,0.7,1.0
10,25,5,0.0062320001243736595,0.38076923076923075,5,,,,,,,,,1,1,1,0.7,1.0
10,26,3,0.0011672780323125835,0.36,3,,,,,,,,,1,1,1,0.7,1.0
10,27,14,0.04032081334260075,0.4782608695652174,5,,,,,,,,,1,1,1,0.7,1.0
10,28,11,0.025196041378104415,0.4479638009049774,5,,,,,,,,,1,1,1,0.7,1.0
10,29,6,0.007148901888439518,0.391304347826087,5,,,,,,,,,1,1,1,0.7,1.0
10,30,6,0.007893523509131792,0.38671875,5,,,,,,,,,1,1,1,0.7,1.0
10,31,8,0.016685872476458252,0.4008097165991903,5,,,,,,,,,1,1,1,0.7,1.0
10,32,15,0.042175075381476565,0.47368421052631576,5,,,,,,,,,1,1,1,0.7,1.0
10,33,9,0.02012775183331944,0.4230769230769231,5,,,,,,,,,1,1,1,0.7,1.0
10,34,9,0.01841082522871394,0.4248927038626609,5,,,,,,,,,1,1,1,0.7,1.0
10,35,9,0.022128555021271912,0.42127659574468085,5,,,,,,,,,1,1,1,0.7,1.0
10,36,6,0.009052232439077976,0.4008097165991903,5,,,,,,,,,1,1,1,0.7,1.0
10,37,10,0.022884808637103175,0.4439461883408072,5,,,,,,,,,1,1,1,0.7,1.0
10,38,3,0.0011621659124968892,0.33559322033898303,3,,,,,,,,,1,1,1,0.7,1.0
10,39,7,0.009374462711473703,0.4125,5,,,,,,,,,1,1,1,0.7,1.0
10,40,7,0.010041046143858966,0.41422594142259417,5,,,,,,,,,1,1,1,0.7,1.0
10,41,8,0.01644273385424969,0.42127659574468085,5,,,,,,,,,1,1,1,0.7,1.0
10,42,7,0.008107386616062813,0.40408163265306124,5,,,,,,,,,1,1,1,0.7,1.0
10,43,8,0.014842540020111665,0.43805309734513276,5,,,,,,,,,1,1,1,0.7,1.0
10,44,9,0.019506962294465077,0.4194915254237288,5,,,,,,,,,1,1,1,0.7,1.0
10,45,8,0.015499166069116324,0.4090909090909091,5,,,,,,,,,1,1,1,0.7,1.0
10,46,7,0.009132084094994313,0.4107883817427386,5,,,,,,,,,1,1,1,0.7,1.0
10,47,8,0.01588333884215923,0.4008097165991903,5,,,,,,,,,1,1,1,0.7,1.0
10,48,8,0.013057353661506293,0.4194915254237288,5,,,,,,,,,1,1,1,0.7,1.0
10,49,10,0.022998126649215727,0.4342105263157895,5,,,,,,,,,1,1,1,0.7,1.0
10,50,10,0.0308143346441008,0.43805309734513276,5,,,,,,,,,1,1,1,0.7,1.0
10,51,14,0.03914697687093884,0.4714285714285714,5,,,,,,,,,1,1,1,0.7,1.0
10,52,5,0.008107289253582214,0.376425855513308,5,,,,,,,,,1,1,1,0.7,1.0
10,53,8,0.011537483487035103,0.4177215189873418,5,,,,,,,,,1,1,1,0.7,1.0
10,54,4,0.003793024144388423,0.3626373626373626,3,,,,,,,,,1,1,1,0.7,1.0
10,55,10,0.023237659776797134,0.4541284403669725,5,,,,,,,,,1,1,1,0.7,1.0
10,56,5,0.005797905192208366,0.37358490566037733,5,,,,,,,,,1,1,1,0.7,1.0
10,57,8,0.016349603863737225,0.4090909090909091,5,,,,,,,,,1,1,1,0.7,1.0
10,58,9,0.019899514796318962,0.4194915254237288,5,,,,,,,,,1,1,1,0.7,1.0
10,59,10,0.022085707361162835,0.4342105263157895,5,,,,,,,,,1,1,1,0.7,1.0
10,60,11,0.019807911567924382,0.43612334801762115,5,,,,,,,,,1,1,1,0.7,1.0
10,61,8,0.010424008924552612,0.4057377049180328,5,,,,,,,,,1,1,1,0.7,1.0
10,62,12,0.025946448104021823,0.45622119815668205,5,,,,,,,,,1,1,1,0.7,1.0
10,63,2,0.0005614126362425681,0.3344594594594595,2,,,,,,,,,1,1,1,0.7,1.0
10,64,9,0.01872332415682547,0.4267241379310345,5,,,,,,,,,1,1,1,0.7,1.0
10,65,12,0.031032488648889307,0.4520547945205479,5,,,,,,,,,1,1,1,0.7,1.0
10,66,6,0.0057761754226101384,0.38372093023255816,5,,,,,,,,,1,1,1,0.7,1.0
10,67,7,0.013160777951982968,0.42127659574468085,5,,,,,,,,,1,1,1,0.7,1.0
10,68,9,0.017227215239394276,0.4248927038626609,5,,,,,,,,,1,1,1,0.7,1.0
10,69,10,0.025227933667602773,0.4177215189873418,5,,,,,,,,,1,1,1,0.7,1.0
10,70,8,0.01387620475838911,0.4267241379310345,5,,,,,,,,,1,1,1,0.7,1.0
10,71,9,0.016185486162689472,0.41596638655462187,5,,,,,,,,,1,1,1,0.7,1.0
10,72,9,0.015273779864619004,0.43043478260869567,5,,,,,,,,,1,1,1,0.7,1.0
10,73,5,0.004078652941379849,0.375,5,,,,,,,,,1,1,1,0.7,1.0
10,74,9,0.018681489814624395,0.4125,5,,,,,,,,,1,1,1,0.7,1.0
10,75,9,0.0171208681049252,0.43231441048034935,5,,,,,,,,,1,1,1,0.7,1.0
10,76,9,0.014075601128570363,0.42127659574468085,5,,,,,,,,,1,1,1,0.7,1.0
10,77,10,0.01743825099569623,0.44,5,,,,,,,,,1,1,1,0.7,1.0
10,78,5,0.0038024049630668573,0.38976377952755903,5,,,,,,,,,1,1,1,0.7,1.0
10,79,6,0.003933385627379168,0.396,5,,,,,,,,,1,1,1,0.7,1.0
10,80,6,0.009540177285457217,0.38976377952755903,5,,,,,,,,,1,1,1,0.7,1.0
10,81,4,0.003878362412685233,0.3535714285714286,3,,,,,,,,,1,1,1,0.7,1.0
10,82,6,0.006102204291129582,0.3793103448275862,5,,,,,,,,,1,1,1,0.7,1.0
10,83,9,0.020811545403340872,0.4230769230769231,5,,,,,,,,,1,1,1,0.7,1.0
10,84,7,0.012843574800630352,0.38823529411764707,5,,,,,,,,,1,1,1,0.7,1.0
10,85,11,0.02311943072088779,0.43612334801762115,5,,,,,,,,,1,1,1,0.7,1.0
10,86,9,0.02249266760837428,0.4230769230769231,5,,,,,,,,,1,1,1,0.7,1.0
10,87,9,0.01288331850351868,0.4248927038626609,5,,,,,,,,,1,1,1,0.7,1.0
10,88,7,0.009293753449501873,0.4090909090909091,5,,,,,,,,,1,1,1,0.7,1.0
10,89,7,0.007638586484533018,0.4074074074074074,5,,,,,,,,,1,1,1,0.7,1.0
10,90,10,0.023171127747701463,0.43231441048034935,5,,,,,,,,,1,1,1,0.7,1.0
10,91,10,0.02595944987752483,0.4439461883408072,5,,,,,,,,,1,1,1,0.7,1.0
10,92,7,0.008537605041661208,0.4008097165991903,5,,,,,,,,,1,1,1,0.7,1.0
10,93,10,0.02616016778149733,0.4479638009049774,5,,,,,,,,,1,1,1,0.7,1.0
10,94,4,0.002824004922169769,0.36,4,,,,,,,,,1,1,1,0.7,1.0
10,95,6,0.0073059396014398675,0.4057377049180328,5,,,,,,,,,1,1,1,0.7,1.0
10,96,6,0.008292640749202327,0.391304347826087,5,,,,,,,,,1,1,1,0.7,1.0
10,97,7,0.012769970808459086,0.4090909090909091,5,,,,,,,,,1,1,1,0.7,1.0
10,98,9,0.016231205942319603,0.4267241379310345,5,,,,,,,,,1,1,1,0.7,1.0
10,99,10,0.02365500758389639,0.4177215189873418,5,,,,,,,,,1,1,1,0.7,1.0
11,0,12,0.027870177639501746,0.4439461883408072,5,,,,,,,,,1,1,1,0.7,1.0
11,1,6,0.008284928002406858,0.39759036144578314,5,,,,,,,,,1,1,1,0.7,1.0
11,2,6,0.007862988956379923,0.3944223107569721,5,,,,,,,,,1,1,1,0.7,1.0
11,3,7,0.009060616819988506,0.4125,5,,,,,,,,,1,1,1,0.7,1.0
11,4,7,0.011546566243780348,0.38372093023255816,5,,,,,,,,,1,1,1,0.7,1.0
11,5,6,0.007353821423085494,0.38823529411764707,5,,,,,,,,,1,1,1,0.7,1.0
11,6,8,0.016582929083409786,0.4024390243902439,5,,,,,,,,,1,1,1,0.7,1.0
11,7,7,0.01482499303979092,0.4090909090909091,5,,,,,,,,,1,1,1,0.7,1.0
11,8,5,0.004648371147546576,0.38671875,5,,,,,,,,,1,1,1,0.7,1.0
11,9,8,0.01083664390532592,0.4125,5,,,,,,,,,1,1,1,0.7,1.0
11,10,4,0.0030267081689468824,0.375,4,,,,,,,,,1,1,1,0.7,1.0
11,11,3,0.001798234955708471,0.3378839590443686,3,,,,,,,,,1,1,1,0.7,1.0
11,12,12,0.03246531234079403,0.4714285714285714,5,,,,,,,,,1,1,1,0.7,1.0
11,13,7,0.009413152607664656,0.3944223107569721,5,,,,,,,,,1,1,1,0.7,1.0
11,14,10,0.02034681887297241,0.43612334801762115,5,,,,,,,,,1,1,1,0.7,1.0
11,15,9,0.022967970997341273,0.4125,5,,,,,,,,,1,1,1,0.7,1.0
11,16,3,0.0008141163676104925,0.3473684210526316,3,,,,,,,,,1,1,1,0.7,1.0
11,17,9,0.013710214410568368,0.4125,5,,,,,,,,,1,1,1,0.7,1.0
11,18,12,0.029269697836801636,0.4669811320754717,5,,,,,,,,,1,1,1,0.7,1.0
11,19,10,0.0202537925463073,0.4419642857142857,5,,,,,,,,,1,1,1,0.7,1.0
11,20,3,0.0021808142692860207,0.339041095890411,3,,,,,,,,,1,1,1,0.7,1.0
11,21,6,0.007542316400121865,0.39919354838709675,5,,,,,,,,,1,1,1,0.7,1.0
11,22,10,0.029376023808859605,0.43043478260869567,5,,,,,,,,,1,1,1,0.7,1.0
11,23,9,0.01864473712174515,0.4267241379310345,5,,,,,,,,,1,1,1,0.7,1.0
11,24,2,0.0,0.32038834951456313,2,,,,,,,,,1,1,1,0.7,1.0
11,25,5,0.0062320001243736595,0.38076923076923075,5,,,,,,,,,1,1,1,0.7,1.0
11,26,3,0.0011672780323125835,0.36,3,,,,,,,,,1,1,1,0.7,1.0
11,27,14,0.04032081334260075,0.4782608695652174,5,,,,,,,,,1,1,1,0.7,1.0
11,28,11,0.025196041378104415,0.4479638009049774,5,,,,,,,,,1,1,1,0.7,1.0
11,29,6,0.007148901888439518,0.391304347826087,5,,,,,,,,,1,1,1,0.7,1.0
11,30,6,0.007893523509131792,0.38671875,5,,,,,,,,,1,1,1,0.7,1.0
11,31,8,0.016685872476458252,0.4008097165991903,5,,,,,,,,,1,1,1,0.7,1.0
11,32,15,0.042175075381476565,0.47368421052631576,5,,,,,,,,,1,1,1,0.7,1.0
11,33,9,0.02012775183331944,0.4230769230769231,5,,,,,,,,,1,1,1,0.7,1.0
11,34,9,0.01841082522871394,0.4248927038626609,5,,,,,,,,,1,1,1,0.7,1.0
11,35,9,0.022128555021271912,0.42127659574468085,5,,,,,,,,,1,1,1,0.7,1.0
11,36,6,0.009052232439077976,0.4008097165991903,5,,,,,,,,,1,1,1,0.7,1.0
11,37,10,0.022884808637103175,0.4439461883408072,5,,,,,,,,,1,1,1,0.7,1.0
11,38,3,0.0011621659124968892,0.33559322033898303,3,,,,,,,,,1,1,1,0.7,1.0
11,39,7,0.009374462711473703,0.4125,5,,,,,,,,,1,1,1,0.7,1.0
11,40,7,0.010041046143858966,0.41422594142259417,5,,,,,,,,,1,1,1,0.7,1.0
11,41,8,0.01644273385424969,0.42127659574468085,5,,,,,,,,,1,1,1,0.7,1.0
11,42,7,0.008107386616062813,0.40408163265306124,5,,,,,,,,,1,1,1,0.7,1.0
11,43,8,0.014842540020111665,0.43805309734513276,5,,,,,,,,,1,1,1,0.7,1.0
11,44,9,0.019506962294465077,0.4194915254237288,5,,,,,,,,,1,1,1,0.7,1.0
11,45,8,0.015499166069116324,0.4090909090909091,5,,,,,,,,,1,1,1,0.7,1.0
11,46,7,0.009132084094994313,0.4107883817427386,5,,,,,,,,,1,1,1,0.7,1.0
11,47,8,0.01588333884215923,0.4008097165991903,5,,,,,,,,,1,1,1,0.7,1.0
11,48,8,0.013057353661506293,0.4194915254237288,5,,,,,,,,,1,1,1,0.7,1.0
11,49,10,0.022998126649215727,0.4342105263157895,5,,,,,,,,,1,1,1,0.7,1.0
11,50,10,0.0308143346441008,0.43805309734513276,5,,,,,,,,,1,1,1,0.7,1.0
11,51,14,0.03914697687093884,0.4714285714285714,5,,,,,,,,,1,1,1,0.7,1.0
11,52,5,0.008107289253582214,0.376425855513308,5,,,,,,,,,1,1,1,0.7,1.0
11,53,8,0.011537483487035103,0.4177215189873418,5,,,,,,,,,1,1,1,0.7,1.0
11,54,4,0.003793024144388423,0.3626373626373626,3,,,,,,,,,1,1,1,0.7,1.0
11,55,10,0.023237659776797134,0.4541284403669725,5,,,,,,,,,1,1,1,0.7,1.0
11,56,5,0.005797905192208366,0.37358490566037733,5,,,,,,,,,1,1,1,0.7,1.0
11,57,8,0.016349603863737225,0.4090909090909091,5,,,,,,,,,1,1,1,0.7,1.0
11,58,9,0.019899514796318962,0.4194915254237288,5,,,,,,,,,1,1,1,0.7,1.0
11,59,10,0.022085707361162835,0.4342105263157895,5,,,,,,,,,1,1,1,0.7,1.0
11,60,11,0.019807911567924382,0.43612334801762115,5,,,,,,,,,1,1,1,0.7,1.0
11,61,8,0.010424008924552612,0.4057377049180328,5,,,,,,,,,1,1,1,0.7,1.0
11,62,12,0.025946448104021823,0.45622119815668205,5,,,,,,,,,1,1,1,0.7,1.0
11,63,2,0.0005614126362425681,0.3344594594594595,2,,,,,,,,,1,1,1,0.7,1.0
11,64,9,0.01872332415682547,0.4267241379310345,5,,,,,,,,,1,1,1,0.7,1.0
11,65,12,0.031032488648889307,0.4520547945205479,5,,,,,,,,,1,1,1,0.7,1.0
11,66,6,0.0057761754226101384,0.38372093023255816,5,,,,,,,,,1,1,1,0.7,1.0
11,67,7,0.013160777951982968,0.42127659574468085,5,,,,,,,,,1,1,1,0.7,1.0
11,68,9,0.017227215239394276,0.4248927038626609,5,,,,,,,,,1,1,1,0.7,1.0
11,69,10,0.025227933667602773,0.4177215189873418,5,,,,,,,,,1,1,1,0.7,1.0
11,70,8,0.01387620475838911,0.4267241379310345,5,,,,,,,,,1,1,1,0.7,1.0
11,71,9,0.016185486162689472,0.41596638655462187,5,,,,,,,,,1,1,1,0.7,1.0
11,72,9,0.015273779864619004,0.43043478260869567,5,,,,,,,,,1,1,1,0.7,1.0
11,73,5,0.004078652941379849,0.375,5,,,,,,,,,1,1,1,0.7,1.0
11,74,9,0.018681489814624395,0.4125,5,,,,,,,,,1,1,1,0.7,1.0
11,75,9,0.0171208681049252,0.43231441048034935,5,,,,,,,,,1,1,1,0.7,1.0
11,76,9,0.014075601128570363,0.42127659574468085,5,,,,,,,,,1,1,1,0.7,1.0
11,77,10,0.01743825099569623,0.44,5,,,,,,,,,1,1,1,0.7,1.0
11,78,5,0.0038024049630668573,0.38976377952755903,5,,,,,,,,,1,1,1,0.7,1.0
11,79,6,0.003933385627379168,0.396,5,,,,,,,,,1,1,1,0.7,1.0
11,80,6,0.009540177285457217,0.38976377952755903,5,,,,,,,,,1,1,1,0.7,1.0
11,81,4,0.003878362412685233,0.3535714285714286,3,,,,,,,,,1,1,1,0.7,1.0
11,82,6,0.006102204291129582,0.3793103448275862,5,,,,,,,,,1,1,1,0.7,1.0
11,83,9,0.020811545403340872,0.4230769230769231,5,,,,,,,,,1,1,1,0.7,1.0
11,84,7,0.012843574800630352,0.38823529411764707,5,,,,,,,,,1,1,1,0.7,1.0
11,85,11,0.02311943072088779,0.43612334801762115,5,,,,,,,,,1,1,1,0.7,1.0
11,86,9,0.02249266760837428,0.4230769230769231,5,,,,,,,,,1,1,1,0.7,1.0
11,87,9,0.01288331850351868,0.4248927038626609,5,,,,,,,,,1,1,1,0.7,1.0
11,88,7,0.009293753449501873,0.4090909090909091,5,,,,,,,,,1,1,1,0.7,1.0
11,89,7,0.007638586484533018,0.4074074074074074,5,,,,,,,,,1,1,1,0.7,1.0
11,90,10,0.023171127747701463,0.43231441048034935,5,,,,,,,,,1,1,1,0.7,1.0
11,91,10,0.02595944987752483,0.4439461883408072,5,,,,,,,,,1,1,1,0.7,1.0
11,92,7,0.008537605041661208,0.4008097165991903,5,,,,,,,,,1,1,1,0.7,1.0
11,93,10,0.02616016778149733,0.4479638009049774,5,,,,,,,,,1,1,1,0.7,1.0
11,94,4,0.002824004922169769,0.36,4,,,,,,,,,1,1,1,0.7,1.0
11,95,6,0.0073059396014398675,0.4057377049180328,5,,,,,,,,,1,1,1,0.7,1.0
11,96,6,0.008292640749202327,0.391304347826087,5,,,,,,,,,1,1,1,0.7,1.0
11,97,7,0.012769970808459086,0.4090909090909091,5,,,,,,,,,1,1,1,0.7,1.0
11,98,9,0.016231205942319603,0.4267241379310345,5,,,,,,,,,1,1,1,0.7,1.0
11,99,10,0.02365500758389639,0.4177215189873418,5,,,,,,,,,1,1,1,0.7,1.0
12,0,12,0.027870177639501746,0.4439461883408072,5,,,,,,,,,1,1,1,0.7,1.0
12,1,6,0.008284928002406858,0.39759036144578314,5,,,,,,,,,1,1,1,0.7,1.0
12,2,6,0.007862988956379923,0.3944223107569721,5,,,,,,,,,1,1,1,0.7,1.0
12,3,7,0.009060616819988506,0.4125,5,,,,,,,,,1,1,1,0.7,1.0
12,4,7,0.011546566243780348,0.38372093023255816,5,,,,,,,,,1,1,1,0.7,1.0
12,5,6,0.007353821423085494,0.38823529411764707,5,,,,,,,,,1,1,1,0.7,1.0
12,6,8,0.016582929083409786,0.4024390243902439,5,,,,,,,,,1,1,1,0.7,1.0
12,7,7,0.01482499303979092,0.4090909090909091,5,,,,,,,,,1,1,1,0.7,1.0
12,8,5,0.004648371147546576,0.38671875,5,,,,,,,,,1,1,1,0.7,1.0
12,9,8,0.01083664390532592,0.4125,5,,,,,,,,,1,1,1,0.7,1.0
12,10,4,0.0030267081689468824,0.375,4,,,,,,,,,1,1,1,0.7,1.0
12,11,3,0.001798234955708471,0.3378839590443686,3,,,,,,,,,1,1,1,0.7,1.0
12,12,12,0.03246531234079403,0.4714285714285714,5,,,,,,,,,1,1,1,0.7,1.0
12,13,7,0.009413152607664656,0.3944223107569721,5,,,,,,,,,1,1,1,0.7,1.0
12,14,10,0.02034681887297241,0.43612334801762115,5,,,,,,,,,1,1,1,0.7,1.0
12,15,9,0.022967970997341273,0.4125,5,,,,,,,,,1,1,1,0.7,1.0
12,16,3,0.0008141163676104925,0.3473684210526316,3,,,,,,,,,1,1,1,0.7,1.0
12,17,9,0.013710214410568368,0.4125,5,,,,,,,,,1,1,1,0.7,1.0
12,18,12,0.029269697836801636,0.4669811320754717,5,,,,,,,,,1,1,1,0.7,1.0
12,19,10,0.0202537925463073,0.4419642857142857,5,,,,,,,,,1,1,1,0.7,1.0
12,20,3,0.0021808142692860207,0.339041095890411,3,,,,,,,,,1,1,1,0.7,1.0
12,21,6,0.007542316400121865,0.39919354838709675,5,,,,,,,,,1,1,1,0.7,1.0
12,22,10,0.029376023808859605,0.43043478260869567,5,,,,,,,,,1,1,1,0.7,1.0
12,23,9,0.01864473712174515,0.4267241379310345,5,,,,,,,,,1,1,1,0.7,1.0
12,24,2,0.0,0.32038834951456313,2,,,,,,,,,1,1,1,0.7,1.0
12,25,5,0.0062320001243736595,0.38076923076923075,5,,,,,,,,,1,1,1,0.7,1.0
12,26,3,0.0011672780323125835,0.36,3,,,,,,,,,1,1,1,0.7,1.0
12,27,14,0.04032081334260075,0.4782608695652174,5,,,,,,,,,1,1,1,0.7,1.0
12,28,11,0.025196041378104415,0.4479638009049774,5,,,,,,,,,1,1,1,0.7,1.0
12,29,6,0.007148901888439518,0.391304347826087,5,,,,,,,,,1,1,1,0.7,1.0
12,30,6,0.007893523509131792,0.38671875,5,,,,,,,,,1,1,1,0.7,1.0
12,31,8,0.016685872476458252,0.4008097165991903,5,,,,,,,,,1,1,1,0.7,1.0
12,32,15,0.042175075381476565,0.47368421052631576,5,,,,,,,,,1,1,1,0.7,1.0
12,33,9,0.02012775183331944,0.4230769230769231,5,,,,,,,,,1,1,1,0.7,1.0
12,34,9,0.01841082522871394,0.4248927038626609,5,,,,,,,,,1,1,1,0.7,1.0
12,35,9,0.022128555021271912,0.42127659574468085,5,,,,,,,,,1,1,1,0.7,1.0
12,36,6,0.009052232439077976,0.4008097165991903,5,,,,,,,,,1,1,1,0.7,1.0
12,37,10,0.022884808637103175,0.4439461883408072,5,,,,,,,,,1,1,1,0.7,1.0
12,38,3,0.0011621659124968892,0.33559322033898303,3,,,,,,,,,1,1,1,0.7,1.0
12,39,7,0.009374462711473703,0.4125,5,,,,,,,,,1,1,1,0.7,1.0
12,40,7,0.010041046143858966,0.41422594142259417,5,,,,,,,,,1,1,1,0.7,1.0
12,41,8,0.01644273385424969,0.42127659574468085,5,,,,,,,,,1,1,1,0.7,1.0
12,42,7,0.008107386616062813,0.40408163265306124,5,,,,,,,,,1,1,1,0.7,1.0
12,43,8,0.014842540020111665,0.43805309734513276,5,,,,,,,,,1,1,1,0.7,1.0
12,44,9,0.019506962294465077,0.4194915254237288,5,,,,,,,,,1,1,1,0.7,1.0
12,45,8,0.015499166069116324,0.4090909090909091,5,,,,,,,,,1,1,1,0.7,1.0
12,46,7,0.009132084094994313,0.4107883817427386,5,,,,,,,,,1,1,1,0.7,1.0
12,47,8,0.01588333884215923,0.4008097165991903,5,,,,,,,,,1,1,1,0.7,1.0
12,48,8,0.013057353661506293,0.4194915254237288,5,,,,,,,,,1,1,1,0.7,1.0
12,49,10,0.022998126649215727,0.4342105263157895,5,,,,,,,,,1,1,1,0.7,1.0
12,50,10,0.0308143346441008,0.43805309734513276,5,,,,,,,,,1,1,1,0.7,1.0
12,51,14,0.03914697687093884,0.4714285714285714,5,,,,,,,,,1,1,1,0.7,1.0
12,52,5,0.008107289253582214,0.376425855513308,5,,,,,,,,,1,1,1,0.7,1.0
12,53,8,0.011537483487035103,0.4177215189873418,5,,,,,,,,,1,1,1,0.7,1.0
12,54,4,0.003793024144388423,0.3626373626373626,3,,,,,,,,,1,1,1,0.7,1.0
12,55,10,0.023237659776797134,0.4541284403669725,5,,,,,,,,,1,1,1,0.7,1.0
12,56,5,0.005797905192208366,0.37358490566037733,5,,,,,,,,,1,1,1,0.7,1.0
12,57,8,0.016349603863737225,0.4090909090909091,5,,,,,,,,,1,1,1,0.7,1.0
12,58,9,0.019899514796318962,0.4194915254237288,5,,,,,,,,,1,1,1,0.7,1.0
12,59,10,0.022085707361162835,0.4342105263157895,5,,,,,,,,,1,1,1,0.7,1.0
12,60,11,0.019807911567924382,0.43612334801762115,5,,,,,,,,,1,1,1,0.7,1.0
12,61,8,0.010424008924552612,0.4057377049180328,5,,,,,,,,,1,1,1,0.7,1.0
12,62,12,0.025946448104021823,0.45622119815668205,5,,,,,,,,,1,1,1,0.7,1.0
12,63,2,0.0005614126362425681,0.3344594594594595,2,,,,,,,,,1,1,1,0.7,1.0
12,64,9,0.01872332415682547,0.4267241379310345,5,,,,,,,,,1,1,1,0.7,1.0
12,65,12,0.031032488648889307,0.4520547945205479,5,,,,,,,,,1,1,1,0.7,1.0
12,66,6,0.0057761754226101384,0.38372093023255816,5,,,,,,,,,1,1,1,0.7,1.0
12,67,7,0.013160777951982968,0.42127659574468085,5,,,,,,,,,1,1,1,0.7,1.0
12,68,9,0.017227215239394276,0.4248927038626609,5,,,,,,,,,1,1,1,0.7,1.0
12,69,10,0.025227933667602773,0.4177215189873418,5,,,,,,,,,1,1,1,0.7,1.0
12,70,8,0.01387620475838911,0.4267241379310345,5,,,,,,,,,1,1,1,0.7,1.0
12,71,9,0.016185486162689472,0.41596638655462187,5,,,,,,,,,1,1,1,0.7,1.0
12,72,9,0.015273779864619004,0.43043478260869567,5,,,,,,,,,1,1,1,0.7,1.0
12,73,5,0.004078652941379849,0.375,5,,,,,,,,,1,1,1,0.7,1.0
12,74,9,0.018681489814624395,0.4125,5,,,,,,,,,1,1,1,0.7,1.0
12,75,9,0.0171208681049252,0.43231441048034935,5,,,,,,,,,1,1,1,0.7,1.0
12,76,9,0.014075601128570363,0.42127659574468085,5,,,,,,,,,1,1,1,0.7,1.0
12,77,10,0.01743825099569623,0.44,5,,,,,,,,,1,1,1,0.7,1.0
12,78,5,0.0038024049630668573,0.38976377952755903,5,,,,,,,,,1,1,1,0.7,1.0
12,79,6,0.003933385627379168,0.396,5,,,,,,,,,1,1,1,0.7,1.0
12,80,6,0.009540177285457217,0.38976377952755903,5,,,,,,,,,1,1,1,0.7,1.0
12,81,4,0.003878362412685233,0.3535714285714286,3,,,,,,,,,1,1,1,0.7,1.0
12,82,6,0.006102204291129582,0.3793103448275862,5,,,,,,,,,1,1,1,0.7,1.0
12,83,9,0.020811545403340872,0.4230769230769231,5,,,,,,,,,1,1,1,0.7,1.0
12,84,7,0.012843574800630352,0.38823529411764707,5,,,,,,,,,1,1,1,0.7,1.0
12,85,11,0.02311943072088779,0.43612334801762115,5,,,,,,,,,1,1,1,0.7,1.0
12,86,9,0.02249266760837428,0.4230769230769231,5,,,,,,,,,1,1,1,0.7,1.0
12,87,9,0.01288331850351868,0.4248927038626609,5,,,,,,,,,1,1,1,0.7,1.0
12,88,7,0.009293753449501873,0.4090909090909091,5,,,,,,,,,1,1,1,0.7,1.0
12,89,7,0.007638586484533018,0.4074074074074074,5,,,,,,,,,1,1,1,0.7,1.0
12,90,10,0.023171127747701463,0.43231441048034935,5,,,,,,,,,1,1,1,0.7,1.0
12,91,10,0.02595944987752483,0.4439461883408072,5,,,,,,,,,1,1,1,0.7,1.0
12,92,7,0.008537605041661208,0.4008097165991903,5,,,,,,,,,1,1,1,0.7,1.0
12,93,10,0.02616016778149733,0.4479638009049774,5,,,,,,,,,1,1,1,0.7,1.0
12,94,4,0.002824004922169769,0.36,4,,,,,,,,,1,1,1,0.7,1.0
12,95,6,0.0073059396014398675,0.4057377049180328,5,,,,,,,,,1,1,1,0.7,1.0
12,96,6,0.008292640749202327,0.391304347826087,5,,,,,,,,,1,1,1,0.7,1.0
12,97,7,0.012769970808459086,0.4090909090909091,5,,,,,,,,,1,1,1,0.7,1.0
12,98,9,0.016231205942319603,0.4267241379310345,5,,,,,,,,,1,1,1,0.7,1.0
12,99,10,0.02365500758389639,0.4177215189873418,5,,,,,,,,,1,1,1,0.7,1.0
13,0,12,0.027870177639501746,0.4439461883408072,5,,,,,,,,,1,1,1,0.7,1.0
13,1,6,0.008284928002406858,0.39759036144578314,5,,,,,,,,,1,1,1,0.7,1.0
13,2,6,0.007862988956379923,0.3944223107569721,5,,,,,,,,,1,1,1,0.7,1.0
13,3,7,0.009060616819988506,0.4125,5,,,,,,,,,1,1,1,0.7,1.0
13,4,7,0.011546566243780348,0.38372093023255816,5,,,,,,,,,1,1,1,0.7,1.0
13,5,6,0.007353821423085494,0.38823529411764707,5,,,,,,,,,1,1,1,0.7,1.0
13,6,8,0.016582929083409786,0.4024390243902439,5,,,,,,,,,1,1,1,0.7,1.0
13,7,7,0.01482499303979092,0.4090909090909091,5,,,,,,,,,1,1,1,0.7,1.0
13,8,5,0.004648371147546576,0.38671875,5,,,,,,,,,1,1,1,0.7,1.0
13,9,8,0.01083664390532592,0.4125,5,,,,,,,,,1,1,1,0.7,1.0
13,10,4,0.0030267081689468824,0.375,4,,,,,,,,,1,1,1,0.7,1.0
13,11,3,0.001798234955708471,0.3378839590443686,3,,,,,,,,,1,1,1,0.7,1.0
13,12,12,0.03246531234079403,0.4714285714285714,5,,,,,,,,,1,1,1,0.7,1.0
13,13,7,0.009413152607664656,0.3944223107569721,5,,,,,,,,,1,1,1,0.7,1.0
13,14,10,0.02034681887297241,0.43612334801762115,5,,,,,,,,,1,1,1,0.7,1.0
13,15,9,0.022967970997341273,0.4125,5,,,,,,,,,1,1,1,0.7,1.0
13,16,3,0.0008141163676104925,0.3473684210526316,3,,,,,,,,,1,1,1,0.7,1.0
13,17,9,0.013710214410568368,0.4125,5,,,,,,,,,1,1,1,0.7,1.0
13,18,12,0.029269697836801636,0.4669811320754717,5,,,,,,,,,1,1,1,0.7,1.0
13,19,10,0.0202537925463073,0.4419642857142857,5,,,,,,,,,1,1,1,0.7,1.0
13,20,3,0.0021808142692860207,0.339041095890411,3,,,,,,,,,1,1,1,0.7,1.0
13,21,6,0.007542316400121865,0.39919354838709675,5,,,,,,,,,1,1,1,0.7,1.0
13,22,10,0.029376023808859605,0.43043478260869567,5,,,,,,,,,1,1,1,0.7,1.0
13,23,9,0.01864473712174515,0.4267241379310345,5,,,,,,,,,1,1,1,0.7,1.0
13,24,2,0.0,0.32038834951456313,2,,,,,,,,,1,1,1,0.7,1.0
13,25,5,0.0062320001243736595,0.38076923076923075,5,,,,,,,,,1,1,1,0.7,1.0
13,26,3,0.0011672780323125835,0.36,3,,,,,,,,,1,1,1,0.7,1.0
13,27,14,0.04032081334260075,0.4782608695652174,5,,,,,,,,,1,1,1,0.7,1.0
13,28,11,0.025196041378104415,0.4479638009049774,5,,,,,,,,,1,1,1,0.7,1.0
13,29,6,0.007148901888439518,0.391304347826087,5,,,,,,,,,1,1,1,0.7,1.0
13,30,6,0.007893523509131792,0.38671875,5,,,,,,,,,1,1,1,0.7,1.0
13,31,8,0.016685872476458252,0.4008097165991903,5,,,,,,,,,1,1,1,0.7,1.0
13,32,15,0.042175075381476565,0.47368421052631576,5,,,,,,,,,1,1,1,0.7,1.0
13,33,9,0.02012775183331944,0.4230769230769231,5,,,,,,,,,1,1,1,0.7,1.0
13,34,9,0.01841082522871394,0.4248927038626609,5,,,,,,,,,1,1,1,0.7,1.0
13,35,9,0.022128555021271912,0.42127659574468085,5,,,,,,,,,1,1,1,0.7,1.0
13,36,6,0.009052232439077976,0.4008097165991903,5,,,,,,,,,1,1,1,0.7,1.0
13,37,10,0.022884808637103175,0.4439461883408072,5,,,,,,,,,1,1,1,0.7,1.0
13,38,3,0.0011621659124968892,0.33559322033898303,3,,,,,,,,,1,1,1,0.7,1.0
13,39,7,0.009374462711473703,0.4125,5,,,,,,,,,1,1,1,0.7,1.0
13,40,7,0.010041046143858966,0.41422594142259417,5,,,,,,,,,1,1,1,0.7,1.0
13,41,8,0.01644273385424969,0.42127659574468085,5,,,,,,,,,1,1,1,0.7,1.0
13,42,7,0.008107386616062813,0.40408163265306124,5,,,,,,,,,1,1,1,0.7,1.0
13,43,8,0.014842540020111665,0.43805309734513276,5,,,,,,,,,1,1,1,0.7,1.0
13,44,9,0.019506962294465077,0.4194915254237288,5,,,,,,,,,1,1,1,0.7,1.0
13,45,8,0.015499166069116324,0.4090909090909091,5,,,,,,,,,1,1,1,0.7,1.0
13,46,7,0.009132084094994313,0.4107883817427386,5,,,,,,,,,1,1,1,0.7,1.0
13,47,8,0.01588333884215923,0.4008097165991903,5,,,,,,,,,1,1,1,0.7,1.0
13,48,8,0.013057353661506293,0.4194915254237288,5,,,,,,,,,1,1,1,0.7,1.0
13,49,10,0.022998126649215727,0.4342105263157895,5,,,,,,,,,1,1,1,0.7,1.0
13,50,10,0.0308143346441008,0.43805309734513276,5,,,,,,,,,1,1,1,0.7,1.0
13,51,14,0.03914697687093884,0.4714285714285714,5,,,,,,,,,1,1,1,0.7,1.0
13,52,5,0.008107289253582214,0.376425855513308,5,,,,,,,,,1,1,1,0.7,1.0
13,53,8,0.011537483487035103,0.4177215189873418,5,,,,,,,,,1,1,1,0.7,1.0
13,54,4,0.003793024144388423,0.3626373626373626,3,,,,,,,,,1,1,1,0.7,1.0
13,55,10,0.023237659776797134,0.4541284403669725,5,,,,,,,,,1,1,1,0.7,1.0
13,56,5,0.005797905192208366,0.37358490566037733,5,,,,,,,,,1,1,1,0.7,1.0
13,57,8,0.016349603863737225,0.4090909090909091,5,,,,,,,,,1,1,1,0.7,1.0
13,58,9,0.019899514796318962,0.4194915254237288,5,,,,,,,,,1,1,1,0.7,1.0
13,59,10,0.022085707361162835,0.4342105263157895,5,,,,,,,,,1,1,1,0.7,1.0
13,60,11,0.019807911567924382,0.43612334801762115,5,,,,,,,,,1,1,1,0.7,1.0
13,61,8,0.010424008924552612,0.4057377049180328,5,,,,,,,,,1,1,1,0.7,1.0
13,62,12,0.025946448104021823,0.45622119815668205,5,,,,,,,,,1,1,1,0.7,1.0
13,63,2,0.0005614126362425681,0.3344594594594595,2,,,,,,,,,1,1,1,0.7,1.0
13,64,9,0.01872332415682547,0.4267241379310345,5,,,,,,,,,1,1,1,0.7,1.0
13,65,12,0.031032488648889307,0.4520547945205479,5,,,,,,,,,1,1,1,0.7,1.0
13,66,6,0.0057761754226101384,0.38372093023255816,5,,,,,,,,,1,1,1,0.7,1.0
13,67,7,0.013160777951982968,0.42127659574468085,5,,,,,,,,,1,1,1,0.7,1.0
13,68,9,0.017227215239394276,0.4248927038626609,5,,,,,,,,,1,1,1,0.7,1.0
13,69,10,0.025227933667602773,0.4177215189873418,5,,,,,,,,,1,1,1,0.7,1.0
13,70,8,0.01387620475838911,0.4267241379310345,5,,,,,,,,,1,1,1,0.7,1.0
13,71,9,0.016185486162689472,0.41596638655462187,5,,,,,,,,,1,1,1,0.7,1.0
13,72,9,0.015273779864619004,0.43043478260869567,5,,,,,,,,,1,1,1,0.7,1.0
13,73,5,0.004078652941379849,0.375,5,,,,,,,,,1,1,1,0.7,1.0
13,74,9,0.018681489814624395,0.4125,5,,,,,,,,,1,1,1,0.7,1.0
13,75,9,0.0171208681049252,0.43231441048034935,5,,,,,,,,,1,1,1,0.7,1.0
13,76,9,0.014075601128570363,0.42127659574468085,5,,,,,,,,,1,1,1,0.7,1.0
13,77,10,0.01743825099569623,0.44,5,,,,,,,,,1,1,1,0.7,1.0
13,78,5,0.0038024049630668573,0.38976377952755903,5,,,,,,,,,1,1,1,0.7,1.0
13,79,6,0.003933385627379168,0.396,5,,,,,,,,,1,1,1,0.7,1.0
13,80,6,0.009540177285457217,0.38976377952755903,5,,,,,,,,,1,1,1,0.7,1.0
13,81,4,0.003878362412685233,0.3535714285714286,3,,,,,,,,,1,1,1,0.7,1.0
13,82,6,0.006102204291129582,0.3793103448275862,5,,,,,,,,,1,1,1,0.7,1.0
13,83,9,0.020811545403340872,0.4230769230769231,5,,,,,,,,,1,1,1,0.7,1.0
13,84,7,0.012843574800630352,0.38823529411764707,5,,,,,,,,,1,1,1,0.7,1.0
13,85,11,0.02311943072088779,0.43612334801762115,5,,,,,,,,,1,1,1,0.7,1.0
13,86,9,0.02249266760837428,0.4230769230769231,5,,,,,,,,,1,1,1,0.7,1.0
13,87,9,0.01288331850351868,0.4248927038626609,5,,,,,,,,,1,1,1,0.7,1.0
13,88,7,0.009293753449501873,0.4090909090909091,5,,,,,,,,,1,1,1,0.7,1.0
13,89,7,0.007638586484533018,0.4074074074074074,5,,,,,,,,,1,1,1,0.7,1.0
13,90,10,0.023171127747701463,0.43231441048034935,5,,,,,,,,,1,1,1,0.7,1.0
13,91,10,0.02595944987752483,0.4439461883408072,5,,,,,,,,,1,1,1,0.7,1.0
13,92,7,0.008537605041661208,0.4008097165991903,5,,,,,,,,,1,1,1,0.7,1.0
13,93,10,0.02616016778149733,0.4479638009049774,5,,,,,,,,,1,1,1,0.7,1.0
13,94,4,0.002824004922169769,0.36,4,,,,,,,,,1,1,1,0.7,1.0
13,95,6,0.0073059396014398675,0.4057377049180328,5,,,,,,,,,1,1,1,0.7,1.0
13,96,6,0.008292640749202327,0.391304347826087,5,,,,,,,,,1,1,1,0.7,1.0
13,97,7,0.012769970808459086,0.4090909090909091,5,,,,,,,,,1,1,1,0.7,1.0
13,98,9,0.016231205942319603,0.4267241379310345,5,,,,,,,,,1,1,1,0.7,1.0
13,99,10,0.02365500758389639,0.4177215189873418,5,,,,,,,,,1,1,1,0.7,1.0
14,0,12,0.027870177639501746,0.4439461883408072,5,,,,,,,,,1,1,1,0.7,1.0
14,1,6,0.008284928002406858,0.39759036144578314,5,,,,,,,,,1,1,1,0.7,1.0
14,2,6,0.007862988956379923,0.3944223107569721,5,,,,,,,,,1,1,1,0.7,1.0
14,3,7,0.009060616819988506,0.4125,5,,,,,,,,,1,1,1,0.7,1.0
14,4,7,0.011546566243780348,0.38372093023255816,5,,,,,,,,,1,1,1,0.7,1.0
14,5,6,0.007353821423085494,0.38823529411764707,5,,,,,,,,,1,1,1,0.7,1.0
14,6,8,0.016582929083409786,0.4024390243902439,5,,,,,,,,,1,1,1,0.7,1.0
14,7,7,0.01482499303979092,0.4090909090909091,5,,,,,,,,,1,1,1,0.7,1.0
14,8,5,0.004648371147546576,0.38671875,5,,,,,,,,,1,1,1,0.7,1.0
14,9,8,0.01083664390532592,0.4125,5,,,,,,,,,1,1,1,0.7,1.0
14,10,4,0.0030267081689468824,0.375,4,,,,,,,,,1,1,1,0.7,1.0
14,11,3,0.001798234955708471,0.3378839590443686,3,,,,,,,,,1,1,1,0.7,1.0
14,12,12,0.03246531234079403,0.4714285714285714,5,,,,,,,,,1,1,1,0.7,1.0
14,13,7,0.009413152607664656,0.3944223107569721,5,,,,,,,,,1,1,1,0.7,1.0
14,14,10,0.02034681887297241,0.43612334801762115,5,,,,,,,,,1,1,1,0.7,1.0
14,15,9,0.022967970997341273,0.4125,5,,,,,,,,,1,1,1,0.7,1.0
14,16,3,0.0008141163676104925,0.3473684210526316,3,,,,,,,,,1,1,1,0.7,1.0
14,17,9,0.013710214410568368,0.4125,5,,,,,,,,,1,1,1,0.7,1.0
14,18,12,0.029269697836801636,0.4669811320754717,5,,,,,,,,,1,1,1,0.7,1.0
14,19,10,0.0202537925463073,0.4419642857142857,5,,,,,,,,,1,1,1,0.7,1.0
14,20,3,0.0021808142692860207,0.339041095890411,3,,,,,,,,,1,1,1,0.7,1.0
14,21,6,0.007542316400121865,0.39919354838709675,5,,,,,,,,,1,1,1,0.7,1.0
14,22,10,0.029376023808859605,0.43043478260869567,5,,,,,,,,,1,1,1,0.7,1.0
14,23,9,0.01864473712174515,0.4267241379310345,5,,,,,,,,,1,1,1,0.7,1.0
14,24,2,0.0,0.32038834951456313,2,,,,,,,,,1,1,1,0.7,1.0
14,25,5,0.0062320001243736595,0.38076923076923075,5,,,,,,,,,1,1,1,0.7,1.0
14,26,3,0.0011672780323125835,0.36,3,,,,,,,,,1,1,1,0.7,1.0
14,27,14,0.04032081334260075,0.4782608695652174,5,,,,,,,,,1,1,1,0.7,1.0
14,28,11,0.025196041378104415,0.4479638009049774,5,,,,,,,,,1,1,1,0.7,1.0
14,29,6,0.007148901888439518,0.391304347826087,5,,,,,,,,,1,1,1,0.7,1.0
14,30,6,0.007893523509131792,0.38671875,5,,,,,,,,,1,1,1,0.7,1.0
14,31,8,0.016685872476458252,0.4008097165991903,5,,,,,,,,,1,1,1,0.7,1.0
14,32,15,0.042175075381476565,0.47368421052631576,5,,,,,,,,,1,1,1,0.7,1.0
14,33,9,0.02012775183331944,0.4230769230769231,5,,,,,,,,,1,1,1,0.7,1.0
14,34,9,0.01841082522871394,0.4248927038626609,5,,,,,,,,,1,1,1,0.7,1.0
14,35,9,0.022128555021271912,0.42127659574468085,5,,,,,,,,,1,1,1,0.7,1.0
14,36,6,0.009052232439077976,0.4008097165991903,5,,,,,,,,,1,1,1,0.7,1.0
14,37,10,0.022884808637103175,0.4439461883408072,5,,,,,,,,,1,1,1,0.7,1.0
14,38,3,0.0011621659124968892,0.33559322033898303,3,,,,,,,,,1,1,1,0.7,1.0
14,39,7,0.009374462711473703,0.4125,5,,,,,,,,,1,1,1,0.7,1.0
14,40,7,0.010041046143858966,0.41422594142259417,5,,,,,,,,,1,1,1,0.7,1.0
14,41,8,0.01644273385424969,0.42127659574468085,5,,,,,,,,,1,1,1,0.7,1.0
14,42,7,0.008107386616062813,0.40408163265306124,5,,,,,,,,,1,1,1,0.7,1.0
14,43,8,0.014842540020111665,0.43805309734513276,5,,,,,,,,,1,1,1,0.7,1.0
14,44,9,0.019506962294465077,0.4194915254237288,5,,,,,,,,,1,1,1,0.7,1.0
14,45,8,0.015499166069116324,0.4090909090909091,5,,,,,,,,,1,1,1,0.7,1.0
14,46,7,0.009132084094994313,0.4107883817427386,5,,,,,,,,,1,1,1,0.7,1.0
14,47,8,0.01588333884215923,0.4008097165991903,5,,,,,,,,,1,1,1,0.7,1.0
14,48,8,0.013057353661506293,0.4194915254237288,5,,,,,,,,,1,1,1,0.7,1.0
14,49,10,0.022998126649215727,0.4342105263157895,5,,,,,,,,,1,1,1,0.7,1.0
14,50,10,0.0308143346441008,0.43805309734513276,5,,,,,,,,,1,1,1,0.7,1.0
14,51,14,0.03914697687093884,0.4714285714285714,5,,,,,,,,,1,1,1,0.7,1.0
14,52,5,0.008107289253582214,0.376425855513308,5,,,,,,,,,1,1,1,0.7,1.0
14,53,8,0.011537483487035103,0.4177215189873418,5,,,,,,,,,1,1,1,0.7,1.0
14,54,4,0.003793024144388423,0.3626373626373626,3,,,,,,,,,1,1,1,0.7,1.0
14,55,10,0.023237659776797134,0.4541284403669725,5,,,,,,,,,1,1,1,0.7,1.0
14,56,5,0.005797905192208366,0.37358490566037733,5,,,,,,,,,1,1,1,0.7,1.0
14,57,8,0.016349603863737225,0.4090909090909091,5,,,,,,,,,1,1,1,0.7,1.0
14,58,9,0.019899514796318962,0.4194915254237288,5,,,,,,,,,1,1,1,0.7,1.0
14,59,10,0.022085707361162835,0.4342105263157895,5,,,,,,,,,1,1,1,0.7,1.0
14,60,11,0.019807911567924382,0.43612334801762115,5,,,,,,,,,1,1,1,0.7,1.0
14,61,8,0.010424008924552612,0.4057377049180328,5,,,,,,,,,1,1,1,0.7,1.0
14,62,12,0.025946448104021823,0.45622119815668205,5,,,,,,,,,1,1,1,0.7,1.0
14,63,2,0.0005614126362425681,0.3344594594594595,2,,,,,,,,,1,1,1,0.7,1.0
14,64,9,0.01872332415682547,0.4267241379310345,5,,,,,,,,,1,1,1,0.7,1.0
14,65,12,0.031032488648889307,0.4520547945205479,5,,,,,,,,,1,1,1,0.7,1.0
14,66,6,0.0057761754226101384,0.38372093023255816,5,,,,,,,,,1,1,1,0.7,1.0
14,67,7,0.013160777951982968,0.42127659574468085,5,,,,,,,,,1,1,1,0.7,1.0
14,68,9,0.017227215239394276,0.4248927038626609,5,,,,,,,,,1,1,1,0.7,1.0
14,69,10,0.025227933667602773,0.4177215189873418,5,,,,,,,,,1,1,1,0.7,1.0
14,70,8,0.01387620475838911,0.4267241379310345,5,,,,,,,,,1,1,1,0.7,1.0
14,71,9,0.016185486162689472,0.41596638655462187,5,,,,,,,,,1,1,1,0.7,1.0
14,72,9,0.015273779864619004,0.43043478260869567,5,,,,,,,,,1,1,1,0.7,1.0
14,73,5,0.004078652941379849,0.375,5,,,,,,,,,1,1,1,0.7,1.0
14,74,9,0.018681489814624395,0.4125,5,,,,,,,,,1,1,1,0.7,1.0
14,75,9,0.0171208681049252,0.43231441048034935,5,,,,,,,,,1,1,1,0.7,1.0
14,76,9,0.014075601128570363,0.42127659574468085,5,,,,,,,,,1,1,1,0.7,1.0
14,77,10,0.01743825099569623,0.44,5,,,,,,,,,1,1,1,0.7,1.0
14,78,5,0.0038024049630668573,0.38976377952755903,5,,,,,,,,,1,1,1,0.7,1.0
14,79,6,0.003933385627379168,0.396,5,,,,,,,,,1,1,1,0.7,1.0
14,80,6,0.009540177285457217,0.38976377952755903,5,,,,,,,,,1,1,1,0.7,1.0
14,81,4,0.003878362412685233,0.3535714285714286,3,,,,,,,,,1,1,1,0.7,1.0
14,82,6,0.006102204291129582,0.3793103448275862,5,,,,,,,,,1,1,1,0.7,1.0
14,83,9,0.020811545403340872,0.4230769230769231,5,,,,,,,,,1,1,1,0.7,1.0
14,84,7,0.012843574800630352,0.38823529411764707,5,,,,,,,,,1,1,1,0.7,1.0
14,85,11,0.02311943072088779,0.43612334801762115,5,,,,,,,,,1,1,1,0.7,1.0
14,86,9,0.02249266760837428,0.4230769230769231,5,,,,,,,,,1,1,1,0.7,1.0
14,87,9,0.01288331850351868,0.4248927038626609,5,,,,,,,,,1,1,1,0.7,1.0
14,88,7,0.009293753449501873,0.4090909090909091,5,,,,,,,,,1,1,1,0.7,1.0
14,89,7,0.007638586484533018,0.4074074074074074,5,,,,,,,,,1,1,1,0.7,1.0
14,90,10,0.023171127747701463,0.43231441048034935,5,,,,,,,,,1,1,1,0.7,1.0
14,91,10,0.02595944987752483,0.4439461883408072,5,,,,,,,,,1,1,1,0.7,1.0
14,92,7,0.008537605041661208,0.4008097165991903,5,,,,,,,,,1,1,1,0.7,1.0
14,93,10,0.02616016778149733,0.4479638009049774,5,,,,,,,,,1,1,1,0.7,1.0
14,94,4,0.002824004922169769,0.36,4,,,,,,,,,1,1,1,0.7,1.0
14,95,6,0.0073059396014398675,0.4057377049180328,5,,,,,,,,,1,1,1,0.7,1.0
14,96,6,0.008292640749202327,0.391304347826087,5,,,,,,,,,1,1,1,0.7,1.0
14,97,7,0.012769970808459086,0.4090909090909091,5,,,,,,,,,1,1,1,0.7,1.0
14,98,9,0.016231205942319603,0.4267241379310345,5,,,,,,,,,1,1,1,0.7,1.0
14,99,10,0.02365500758389639,0.4177215189873418,5,,,,,,,,,1,1,1,0.7,1.0
15,0,12,0.027870177639501746,0.4439461883408072,5,,,,,,,,,1,1,1,0.7,1.0
15,1,6,0.008284928002406858,0.39759036144578314,5,,,,,,,,,1,1,1,0.7,1.0
15,2,6,0.007862988956379923,0.3944223107569721,5,,,,,,,,,1,1,1,0.7,1.0
15,3,7,0.009060616819988506,0.4125,5,,,,,,,,,1,1,1,0.7,1.0
15,4,7,0.011546566243780348,0.38372093023255816,5,,,,,,,,,1,1,1,0.7,1.0
15,5,6,0.007353821423085494,0.38823529411764707,5,,,,,,,,,1,1,1,0.7,1.0
15,6,8,0.016582929083409786,0.4024390243902439,5,,,,,,,,,1,1,1,0.7,1.0
15,7,7,0.01482499303979092,0.4090909090909091,5,,,,,,,,,1,1,1,0.7,1.0
15,8,5,0.004648371147546576,0.38671875,5,,,,,,,,,1,1,1,0.7,1.0
15,9,8,0.01083664390532592,0.4125,5,,,,,,,,,1,1,1,0.7,1.0
15,10,4,0.0030267081689468824,0.375,4,,,,,,,,,1,1,1,0.7,1.0
15,11,3,0.001798234955708471,0.3378839590443686,3,,,,,,,,,1,1,1,0.7,1.0
15,12,12,0.03246531234079403,0.4714285714285714,5,,,,,,,,,1,1,1,0.7,1.0
15,13,7,0.009413152607664656,0.3944223107569721,5,,,,,,,,,1,1,1,0.7,1.0
15,14,10,0.02034681887297241,0.43612334801762115,5,,,,,,,,,1,1,1,0.7,1.0
15,15,9,0.022967970997341273,0.4125,5,,,,,,,,,1,1,1,0.7,1.0
15,16,3,0.0008141163676104925,0.3473684210526316,3,,,,,,,,,1,1,1,0.7,1.0
15,17,9,0.013710214410568368,0.4125,5,,,,,,,,,1,1,1,0.7,1.0
15,18,12,0.029269697836801636,0.4669811320754717,5,,,,,,,,,1,1,1,0.7,1.0
15,19,10,0.0202537925463073,0.4419642857142857,5,,,,,,,,,1,1,1,0.7,1.0
15,20,3,0.0021808142692860207,0.339041095890411,3,,,,,,,,,1,1,1,0.7,1.0
15,21,6,0.007542316400121865,0.39919354838709675,5,,,,,,,,,1,1,1,0.7,1.0
15,22,10,0.029376023808859605,0.43043478260869567,5,,,,,,,,,1,1,1,0.7,1.0
15,23,9,0.01864473712174515,0.4267241379310345,5,,,,,,,,,1,1,1,0.7,1.0
15,24,2,0.0,0.32038834951456313,2,,,,,,,,,1,1,1,0.7,1.0
15,25,5,0.0062320001243736595,0.38076923076923075,5,,,,,,,,,1,1,1,0.7,1.0
15,26,3,0.0011672780323125835,0.36,3,,,,,,,,,1,1,1,0.7,1.0
15,27,14,0.04032081334260075,0.4782608695652174,5,,,,,,,,,1,1,1,0.7,1.0
15,28,11,0.025196041378104415,0.4479638009049774,5,,,,,,,,,1,1,1,0.7,1.0
15,29,6,0.007148901888439518,0.391304347826087,5,,,,,,,,,1,1,1,0.7,1.0
15,30,6,0.007893523509131792,0.38671875,5,,,,,,,,,1,1,1,0.7,1.0
15,31,8,0.016685872476458252,0.4008097165991903,5,,,,,,,,,1,1,1,0.7,1.0
15,32,15,0.042175075381476565,0.47368421052631576,5,,,,,,,,,1,1,1,0.7,1.0
15,33,9,0.02012775183331944,0.4230769230769231,5,,,,,,,,,1,1,1,0.7,1.0
15,34,9,0.01841082522871394,0.4248927038626609,5,,,,,,,,,1,1,1,0.7,1.0
15,35,9,0.022128555021271912,0.42127659574468085,5,,,,,,,,,1,1,1,0.7,1.0
15,36,6,0.009052232439077976,0.4008097165991903,5,,,,,,,,,1,1,1,0.7,1.0
15,37,10,0.022884808637103175,0.4439461883408072,5,,,,,,,,,1,1,1,0.7,1.0
15,38,3,0.0011621659124968892,0.33559322033898303,3,,,,,,,,,1,1,1,0.7,1.0
15,39,7,0.009374462711473703,0.4125,5,,,,,,,,,1,1,1,0.7,1.0
15,40,7,0.010041046143858966,0.41422594142259417,5,,,,,,,,,1,1,1,0.7,1.0
15,41,8,0.01644273385424969,0.42127659574468085,5,,,,,,,,,1,1,1,0.7,1.0
15,42,7,0.008107386616062813,0.40408163265306124,5,,,,,,,,,1,1,1,0.7,1.0
15,43,8,0.014842540020111665,0.43805309734513276,5,,,,,,,,,1,1,1,0.7,1.0
15,44,9,0.019506962294465077,0.4194915254237288,5,,,,,,,,,1,1,1,0.7,1.0
15,45,8,0.015499166069116324,0.4090909090909091,5,,,,,,,,,1,1,1,0.7,1.0
15,46,7,0.009132084094994313,0.4107883817427386,5,,,,,,,,,1,1,1,0.7,1.0
15,47,8,0.01588333884215923,0.4008097165991903,5,,,,,,,,,1,1,1,0.7,1.0
15,48,8,0.013057353661506293,0.4194915254237288,5,,,,,,,,,1,1,1,0.7,1.0
15,49,10,0.022998126649215727,0.4342105263157895,5,,,,,,,,,1,1,1,0.7,1.0
15,50,10,0.0308143346441008,0.43805309734513276,5,,,,,,,,,1,1,1,0.7,1.0
15,51,14,0.03914697687093884,0.4714285714285714,5,,,,,,,,,1,1,1,0.7,1.0
15,52,5,0.008107289253582214,0.376425855513308,5,,,,,,,,,1,1,1,0.7,1.0
15,53,8,0.011537483487035103,0.4177215189873418,5,,,,,,,,,1,1,1,0.7,1.0
15,54,4,0.003793024144388423,0.3626373626373626,3,,,,,,,,,1,1,1,0.7,1.0
15,55,10,0.023237659776797134,0.4541284403669725,5,,,,,,,,,1,1,1,0.7,1.0
15,56,5,0.005797905192208366,0.37358490566037733,5,,,,,,,,,1,1,1,0.7,1.0
15,57,8,0.016349603863737225,0.4090909090909091,5,,,,,,,,,1,1,1,0.7,1.0
15,58,9,0.019899514796318962,0.4194915254237288,5,,,,,,,,,1,1,1,0.7,1.0
15,59,10,0.022085707361162835,0.4342105263157895,5,,,,,,,,,1,1,1,0.7,1.0
15,60,11,0.019807911567924382,0.43612334801762115,5,,,,,,,,,1,1,1,0.7,1.0
15,61,8,0.010424008924552612,0.4057377049180328,5,,,,,,,,,1,1,1,0.7,1.0
15,62,12,0.025946448104021823,0.45622119815668205,5,,,,,,,,,1,1,1,0.7,1.0
15,63,2,0.0005614126362425681,0.3344594594594595,2,,,,,,,,,1,1,1,0.7,1.0
15,64,9,0.01872332415682547,0.4267241379310345,5,,,,,,,,,1,1,1,0.7,1.0
15,65,12,0.031032488648889307,0.4520547945205479,5,,,,,,,,,1,1,1,0.7,1.0
15,66,6,0.0057761754226101384,0.38372093023255816,5,,,,,,,,,1,1,1,0.7,1.0
15,67,7,0.013160777951982968,0.42127659574468085,5,,,,,,,,,1,1,1,0.7,1.0
15,68,9,0.017227215239394276,0.4248927038626609,5,,,,,,,,,1,1,1,0.7,1.0
15,69,10,0.025227933667602773,0.4177215189873418,5,,,,,,,,,1,1,1,0.7,1.0
15,70,8,0.01387620475838911,0.4267241379310345,5,,,,,,,,,1,1,1,0.7,1.0
15,71,9,0.016185486162689472,0.41596638655462187,5,,,,,,,,,1,1,1,0.7,1.0
15,72,9,0.015273779864619004,0.43043478260869567,5,,,,,,,,,1,1,1,0.7,1.0
15,73,5,0.004078652941379849,0.375,5,,,,,,,,,1,1,1,0.7,1.0
15,74,9,0.018681489814624395,0.4125,5,,,,,,,,,1,1,1,0.7,1.0
15,75,9,0.0171208681049252,0.43231441048034935,5,,,,,,,,,1,1,1,0.7,1.0
15,76,9,0.014075601128570363,0.42127659574468085,5,,,,,,,,,1,1,1,0.7,1.0
15,77,10,0.01743825099569623,0.44,5,,,,,,,,,1,1,1,0.7,1.0
15,78,5,0.0038024049630668573,0.38976377952755903,5,,,,,,,,,1,1,1,0.7,1.0
15,79,6,0.003933385627379168,0.396,5,,,,,,,,,1,1,1,0.7,1.0
15,80,6,0.009540177285457217,0.38976377952755903,5,,,,,,,,,1,1,1,0.7,1.0
15,81,4,0.003878362412685233,0.3535714285714286,3,,,,,,,,,1,1,1,0.7,1.0
15,82,6,0.006102204291129582,0.3793103448275862,5,,,,,,,,,1,1,1,0.7,1.0
15,83,9,0.020811545403340872,0.4230769230769231,5,,,,,,,,,1,1,1,0.7,1.0
15,84,7,0.012843574800630352,0.38823529411764707,5,,,,,,,,,1,1,1,0.7,1.0
15,85,11,0.02311943072088779,0.43612334801762115,5,,,,,,,,,1,1,1,0.7,1.0
15,86,9,0.02249266760837428,0.4230769230769231,5,,,,,,,,,1,1,1,0.7,1.0
15,87,9,0.01288331850351868,0.4248927038626609,5,,,,,,,,,1,1,1,0.7,1.0
15,88,7,0.009293753449501873,0.4090909090909091,5,,,,,,,,,1,1,1,0.7,1.0
15,89,7,0.007638586484533018,0.4074074074074074,5,,,,,,,,,1,1,1,0.7,1.0
15,90,10,0.023171127747701463,0.43231441048034935,5,,,,,,,,,1,1,1,0.7,1.0
15,91,10,0.02595944987752483,0.4439461883408072,5,,,,,,,,,1,1,1,0.7,1.0
15,92,7,0.008537605041661208,0.4008097165991903,5,,,,,,,,,1,1,1,0.7,1.0
15,93,10,0.02616016778149733,0.4479638009049774,5,,,,,,,,,1,1,1,0.7,1.0
15,94,4,0.002824004922169769,0.36,4,,,,,,,,,1,1,1,0.7,1.0
15,95,6,0.0073059396014398675,0.4057377049180328,5,,,,,,,,,1,1,1,0.7,1.0
15,96,6,0.008292640749202327,0.391304347826087,5,,,,,,,,,1,1,1,0.7,1.0
15,97,7,0.012769970808459086,0.4090909090909091,5,,,,,,,,,1,1,1,0.7,1.0
15,98,9,0.016231205942319603,0.4267241379310345,5,,,,,,,,,1,1,1,0.7,1.0
15,99,10,0.02365500758389639,0.4177215189873418,5,,,,,,,,,1,1,1,0.7,1.0
16,0,12,0.027870177639501746,0.4439461883408072,5,,,,,,,,,1,1,1,0.7,1.0
16,1,6,0.008284928002406858,0.39759036144578314,5,,,,,,,,,1,1,1,0.7,1.0
16,2,6,0.007862988956379923,0.3944223107569721,5,,,,,,,,,1,1,1,0.7,1.0
16,3,7,0.009060616819988506,0.4125,5,,,,,,,,,1,1,1,0.7,1.0
16,4,7,0.011546566243780348,0.38372093023255816,5,,,,,,,,,1,1,1,0.7,1.0
16,5,6,0.007353821423085494,0.38823529411764707,5,,,,,,,,,1,1,1,0.7,1.0
16,6,8,0.016582929083409786,0.4024390243902439,5,,,,,,,,,1,1,1,0.7,1.0
16,7,7,0.01482499303979092,0.4090909090909091,5,,,,,,,,,1,1,1,0.7,1.0
16,8,5,0.004648371147546576,0.38671875,5,,,,,,,,,1,1,1,0.7,1.0
16,9,8,0.01083664390532592,0.4125,5,,,,,,,,,1,1,1,0.7,1.0
16,10,4,0.0030267081689468824,0.375,4,,,,,,,,,1,1,1,0.7,1.0
16,11,3,0.001798234955708471,0.3378839590443686,3,,,,,,,,,1,1,1,0.7,1.0
16,12,12,0.03246531234079403,0.4714285714285714,5,,,,,,,,,1,1,1,0.7,1.0
16,13,7,0.009413152607664656,0.3944223107569721,5,,,,,,,,,1,1,1,0.7,1.0
16,14,10,0.02034681887297241,0.43612334801762115,5,,,,,,,,,1,1,1,0.7,1.0
16,15,9,0.022967970997341273,0.4125,5,,,,,,,,,1,1,1,0.7,1.0
16,16,3,0.0008141163676104925,0.3473684210526316,3,,,,,,,,,1,1,1,0.7,1.0
16,17,9,0.013710214410568368,0.4125,5,,,,,,,,,1,1,1,0.7,1.0
16,18,12,0.029269697836801636,0.4669811320754717,5,,,,,,,,,1,1,1,0.7,1.0
16,19,10,0.0202537925463073,0.4419642857142857,5,,,,,,,,,1,1,1,0.7,1.0
16,20,3,0.0021808142692860207,0.339041095890411,3,,,,,,,,,1,1,1,0.7,1.0
16,21,6,0.007542316400121865,0.39919354838709675,5,,,,,,,,,1,1,1,0.7,1.0
16,22,10,0.029376023808859605,0.43043478260869567,5,,,,,,,,,1,1,1,0.7,1.0
16,23,9,0.01864473712174515,0.4267241379310345,5,,,,,,,,,1,1,1,0.7,1.0
16,24,2,0.0,0.32038834951456313,2,,,,,,,,,1,1,1,0.7,1.0
16,25,5,0.0062320001243736595,0.38076923076923075,5,,,,,,,,,1,1,1,0.7,1.0
16,26,3,0.0011672780323125835,0.36,3,,,,,,,,,1,1,1,0.7,1.0
16,27,14,0.04032081334260075,0.4782608695652174,5,,,,,,,,,1,1,1,0.7,1.0
16,28,11,0.025196041378104415,0.4479638009049774,5,,,,,,,,,1,1,1,0.7,1.0
16,29,6,0.007148901888439518,0.391304347826087,5,,,,,,,,,1,1,1,0.7,1.0
16,30,6,0.007893523509131792,0.38671875,5,,,,,,,,,1,1,1,0.7,1.0
16,31,8,0.016685872476458252,0.4008097165991903,5,,,,,,,,,1,1,1,0.7,1.0
16,32,15,0.042175075381476565,0.47368421052631576,5,,,,,,,,,1,1,1,0.7,1.0
16,33,9,0.02012775183331944,0.4230769230769231,5,,,,,,,,,1,1,1,0.7,1.0
16,34,9,0.01841082522871394,0.4248927038626609,5,,,,,,,,,1,1,1,0.7,1.0
16,35,9,0.022128555021271912,0.42127659574468085,5,,,,,,,,,1,1,1,0.7,1.0
16,36,6,0.009052232439077976,0.4008097165991903,5,,,,,,,,,1,1,1,0.7,1.0
16,37,10,0.022884808637103175,0.4439461883408072,5,,,,,,,,,1,1,1,0.7,1.0
16,38,3,0.0011621659124968892,0.33559322033898303,3,,,,,,,,,1,1,1,0.7,1.0
16,39,7,0.009374462711473703,0.4125,5,,,,,,,,,1,1,1,0.7,1.0
16,40,7,0.010041046143858966,0.41422594142259417,5,,,,,,,,,1,1,1,0.7,1.0
16,41,8,0.01644273385424969,0.42127659574468085,5,,,,,,,,,1,1,1,0.7,1.0
16,42,7,0.008107386616062813,0.40408163265306124,5,,,,,,,,,1,1,1,0.7,1.0
16,43,8,0.014842540020111665,0.43805309734513276,5,,,,,,,,,1,1,1,0.7,1.0
16,44,9,0.019506962294465077,0.4194915254237288,5,,,,,,,,,1,1,1,0.7,1.0
16,45,8,0.015499166069116324,0.4090909090909091,5,,,,,,,,,1,1,1,0.7,1.0
16,46,7,0.009132084094994313,0.4107883817427386,5,,,,,,,,,1,1,1,0.7,1.0
16,47,8,0.01588333884215923,0.4008097165991903,5,,,,,,,,,1,1,1,0.7,1.0
16,48,8,0.013057353661506293,0.4194915254237288,5,,,,,,,,,1,1,1,0.7,1.0
16,49,10,0.022998126649215727,0.4342105263157895,5,,,,,,,,,1,1,1,0.7,1.0
16,50,10,0.0308143346441008,0.43805309734513276,5,,,,,,,,,1,1,1,0.7,1.0
16,51,14,0.03914697687093884,0.4714285714285714,5,,,,,,,,,1,1,1,0.7,1.0
16,52,5,0.008107289253582214,0.376425855513308,5,,,,,,,,,1,1,1,0.7,1.0
16,53,8,0.011537483487035103,0.4177215189873418,5,,,,,,,,,1,1,1,0.7,1.0
16,54,4,0.003793024144388423,0.3626373626373626,3,,,,,,,,,1,1,1,0.7,1.0
16,55,10,0.023237659776797134,0.4541284403669725,5,,,,,,,,,1,1,1,0.7,1.0
16,56,5,0.005797905192208366,0.37358490566037733,5,,,,,,,,,1,1,1,0.7,1.0
16,57,8,0.016349603863737225,0.4090909090909091,5,,,,,,,,,1,1,1,0.7,1.0
16,58,9,0.019899514796318962,0.4194915254237288,5,,,,,,,,,1,1,1,0.7,1.0
16,59,10,0.022085707361162835,0.4342105263157895,5,,,,,,,,,1,1,1,0.7,1.0
16,60,11,0.019807911567924382,0.43612334801762115,5,,,,,,,,,1,1,1,0.7,1.0
16,61,8,0.010424008924552612,0.4057377049180328,5,,,,,,,,,1,1,1,0.7,1.0
16,62,12,0.025946448104021823,0.45622119815668205,5,,,,,,,,,1,1,1,0.7,1.0
16,63,2,0.0005614126362425681,0.3344594594594595,2,,,,,,,,,1,1,1,0.7,1.0
16,64,9,0.01872332415682547,0.4267241379310345,5,,,,,,,,,1,1,1,0.7,1.0
16,65,12,0.031032488648889307,0.4520547945205479,5,,,,,,,,,1,1,1,0.7,1.0
16,66,6,0.0057761754226101384,0.38372093023255816,5,,,,,,,,,1,1,1,0.7,1.0
16,67,7,0.013160777951982968,0.42127659574468085,5,,,,,,,,,1,1,1,0.7,1.0
16,68,9,0.017227215239394276,0.4248927038626609,5,,,,,,,,,1,1,1,0.7,1.0
16,69,10,0.025227933667602773,0.4177215189873418,5,,,,,,,,,1,1,1,0.7,1.0
16,70,8,0.01387620475838911,0.4267241379310345,5,,,,,,,,,1,1,1,0.7,1.0
16,71,9,0.016185486162689472,0.41596638655462187,5,,,,,,,,,1,1,1,0.7,1.0
16,72,9,0.015273779864619004,0.43043478260869567,5,,,,,,,,,1,1,1,0.7,1.0
16,73,5,0.004078652941379849,0.375,5,,,,,,,,,1,1,1,0.7,1.0
16,74,9,0.018681489814624395,0.4125,5,,,,,,,,,1,1,1,0.7,1.0
16,75,9,0.0171208681049252,0.43231441048034935,5,,,,,,,,,1,1,1,0.7,1.0
16,76,9,0.014075601128570363,0.42127659574468085,5,,,,,,,,,1,1,1,0.7,1.0
16,77,10,0.01743825099569623,0.44,5,,,,,,,,,1,1,1,0.7,1.0
16,78,5,0.0038024049630668573,0.38976377952755903,5,,,,,,,,,1,1,1,0.7,1.0
16,79,6,0.003933385627379168,0.396,5,,,,,,,,,1,1,1,0.7,1.0
16,80,6,0.009540177285457217,0.38976377952755903,5,,,,,,,,,1,1,1,0.7,1.0
16,81,4,0.003878362412685233,0.3535714285714286,3,,,,,,,,,1,1,1,0.7,1.0
16,82,6,0.006102204291129582,0.3793103448275862,5,,,,,,,,,1,1,1,0.7,1.0
16,83,9,0.020811545403340872,0.4230769230769231,5,,,,,,,,,1,1,1,0.7,1.0
16,84,7,0.012843574800630352,0.38823529411764707,5,,,,,,,,,1,1,1,0.7,1.0
16,85,11,0.02311943072088779,0.43612334801762115,5,,,,,,,,,1,1,1,0.7,1.0
16,86,9,0.02249266760837428,0.4230769230769231,5,,,,,,,,,1,1,1,0.7,1.0
16,87,9,0.01288331850351868,0.4248927038626609,5,,,,,,,,,1,1,1,0.7,1.0
16,88,7,0.009293753449501873,0.4090909090909091,5,,,,,,,,,1,1,1,0.7,1.0
16,89,7,0.007638586484533018,0.4074074074074074,5,,,,,,,,,1,1,1,0.7,1.0
16,90,10,0.023171127747701463,0.43231441048034935,5,,,,,,,,,1,1,1,0.7,1.0
16,91,10,0.02595944987752483,0.4439461883408072,5,,,,,,,,,1,1,1,0.7,1.0
16,92,7,0.008537605041661208,0.4008097165991903,5,,,,,,,,,1,1,1,0.7,1.0
16,93,10,0.02616016778149733,0.4479638009049774,5,,,,,,,,,1,1,1,0.7,1.0
16,94,4,0.002824004922169769,0.36,4,,,,,,,,,1,1,1,0.7,1.0
16,95,6,0.0073059396014398675,0.4057377049180328,5,,,,,,,,,1,1,1,0.7,1.0
16,96,6,0.008292640749202327,0.391304347826087,5,,,,,,,,,1,1,1,0.7,1.0
16,97,7,0.012769970808459086,0.4090909090909091,5,,,,,,,,,1,1,1,0.7,1.0
16,98,9,0.016231205942319603,0.4267241379310345,5,,,,,,,,,1,1,1,0.7,1.0
16,99,10,0.02365500758389639,0.4177215189873418,5,,,,,,,,,1,1,1,0.7,1.0
17,0,12,0.027870177639501746,0.4439461883408072,5,,,,,,,,,1,1,1,0.7,1.0
17,1,6,0.008284928002406858,0.39759036144578314,5,,,,,,,,,1,1,1,0.7,1.0
17,2,6,0.007862988956379923,0.3944223107569721,5,,,,,,,,,1,1,1,0.7,1.0
17,3,7,0.009060616819988506,0.4125,5,,,,,,,,,1,1,1,0.7,1.0
17,4,7,0.011546566243780348,0.38372093023255816,5,,,,,,,,,1,1,1,0.7,1.0
17,5,6,0.007353821423085494,0.38823529411764707,5,,,,,,,,,1,1,1,0.7,1.0
17,6,8,0.016582929083409786,0.4024390243902439,5,,,,,,,,,1,1,1,0.7,1.0
17,7,7,0.01482499303979092,0.4090909090909091,5,,,,,,,,,1,1,1,0.7,1.0
17,8,5,0.004648371147546576,0.38671875,5,,,,,,,,,1,1,1,0.7,1.0
17,9,8,0.01083664390532592,0.4125,5,,,,,,,,,1,1,1,0.7,1.0
17,10,4,0.0030267081689468824,0.375,4,,,,,,,,,1,1,1,0.7,1.0
17,11,3,0.001798234955708471,0.3378839590443686,3,,,,,,,,,1,1,1,0.7,1.0
17,12,12,0.03246531234079403,0.4714285714285714,5,,,,,,,,,1,1,1,0.7,1.0
17,13,7,0.009413152607664656,0.3944223107569721,5,,,,,,,,,1,1,1,0.7,1.0
17,14,10,0.02034681887297241,0.43612334801762115,5,,,,,,,,,1,1,1,0.7,1.0
17,15,9,0.022967970997341273,0.4125,5,,,,,,,,,1,1,1,0.7,1.0
17,16,3,0.0008141163676104925,0.3473684210526316,3,,,,,,,,,1,1,1,0.7,1.0
17,17,9,0.013710214410568368,0.4125,5,,,,,,,,,1,1,1,0.7,1.0
17,18,12,0.029269697836801636,0.4669811320754717,5,,,,,,,,,1,1,1,0.7,1.0
17,19,10,0.0202537925463073,0.4419642857142857,5,,,,,,,,,1,1,1,0.7,1.0
17,20,3,0.0021808142692860207,0.339041095890411,3,,,,,,,,,1,1,1,0.7,1.0
17,21,6,0.007542316400121865,0.39919354838709675,5,,,,,,,,,1,1,1,0.7,1.0
17,22,10,0.029376023808859605,0.43043478260869567,5,,,,,,,,,1,1,1,0.7,1.0
17,23,9,0.01864473712174515,0.4267241379310345,5,,,,,,,,,1,1,1,0.7,1.0
17,24,2,0.0,0.32038834951456313,2,,,,,,,,,1,1,1,0.7,1.0
17,25,5,0.0062320001243736595,0.38076923076923075,5,,,,,,,,,1,1,1,0.7,1.0
17,26,3,0.0011672780323125835,0.36,3,,,,,,,,,1,1,1,0.7,1.0
17,27,14,0.04032081334260075,0.4782608695652174,5,,,,,,,,,1,1,1,0.7,1.0
17,28,11,0.025196041378104415,0.4479638009049774,5,,,,,,,,,1,1,1,0.7,1.0
17,29,6,0.007148901888439518,0.391304347826087,5,,,,,,,,,1,1,1,0.7,1.0
17,30,6,0.007893523509131792,0.38671875,5,,,,,,,,,1,1,1,0.7,1.0
17,31,8,0.016685872476458252,0.4008097165991903,5,,,,,,,,,1,1,1,0.7,1.0
17,32,15,0.042175075381476565,0.47368421052631576,5,,,,,,,,,1,1,1,0.7,1.0
17,33,9,0.02012775183331944,0.4230769230769231,5,,,,,,,,,1,1,1,0.7,1.0
17,34,9,0.01841082522871394,0.4248927038626609,5,,,,,,,,,1,1,1,0.7,1.0
17,35,9,0.022128555021271912,0.42127659574468085,5,,,,,,,,,1,1,1,0.7,1.0
17,36,6,0.009052232439077976,0.4008097165991903,5,,,,,,,,,1,1,1,0.7,1.0
17,37,10,0.022884808637103175,0.4439461883408072,5,,,,,,,,,1,1,1,0.7,1.0
17,38,3,0.0011621659124968892,0.33559322033898303,3,,,,,,,,,1,1,1,0.7,1.0
17,39,7,0.009374462711473703,0.4125,5,,,,,,,,,1,1,1,0.7,1.0
17,40,7,0.010041046143858966,0.41422594142259417,5,,,,,,,,,1,1,1,0.7,1.0
17,41,8,0.01644273385424969,0.42127659574468085,5,,,,,,,,,1,1,1,0.7,1.0
17,42,7,0.008107386616062813,0.40408163265306124,5,,,,,,,,,1,1,1,0.7,1.0
17,43,8,0.014842540020111665,0.43805309734513276,5,,,,,,,,,1,1,1,0.7,1.0
17,44,9,0.019506962294465077,0.4194915254237288,5,,,,,,,,,1,1,1,0.7,1.0
17,45,8,0.015499166069116324,0.4090909090909091,5,,,,,,,,,1,1,1,0.7,1.0
17,46,7,0.009132084094994313,0.4107883817427386,5,,,,,,,,,1,1,1,0.7,1.0
17,47,8,0.01588333884215923,0.4008097165991903,5,,,,,,,,,1,1,1,0.7,1.0
17,48,8,0.013057353661506293,0.4194915254237288,5,,,,,,,,,1,1,1,0.7,1.0
17,49,10,0.022998126649215727,0.4342105263157895,5,,,,,,,,,1,1,1,0.7,1.0
17,50,10,0.0308143346441008,0.43805309734513276,5,,,,,,,,,1,1,1,0.7,1.0
17,51,14,0.03914697687093884,0.4714285714285714,5,,,,,,,,,1,1,1,0.7,1.0
17,52,5,0.008107289253582214,0.376425855513308,5,,,,,,,,,1,1,1,0.7,1.0
17,53,8,0.011537483487035103,0.4177215189873418,5,,,,,,,,,1,1,1,0.7,1.0
17,54,4,0.003793024144388423,0.3626373626373626,3,,,,,,,,,1,1,1,0.7,1.0
17,55,10,0.023237659776797134,0.4541284403669725,5,,,,,,,,,1,1,1,0.7,1.0
17,56,5,0.005797905192208366,0.37358490566037733,5,,,,,,,,,1,1,1,0.7,1.0
17,57,8,0.016349603863737225,0.4090909090909091,5,,,,,,,,,1,1,1,0.7,1.0
17,58,9,0.019899514796318962,0.4194915254237288,5,,,,,,,,,1,1,1,0.7,1.0
17,59,10,0.022085707361162835,0.4342105263157895,5,,,,,,,,,1,1,1,0.7,1.0
17,60,11,0.019807911567924382,0.43612334801762115,5,,,,,,,,,1,1,1,0.7,1.0
17,61,8,0.010424008924552612,0.4057377049180328,5,,,,,,,,,1,1,1,0.7,1.0
17,62,12,0.025946448104021823,0.45622119815668205,5,,,,,,,,,1,1,1,0.7,1.0
17,63,2,0.0005614126362425681,0.3344594594594595,2,,,,,,,,,1,1,1,0.7,1.0
17,64,9,0.01872332415682547,0.4267241379310345,5,,,,,,,,,1,1,1,0.7,1.0
17,65,12,0.031032488648889307,0.4520547945205479,5,,,,,,,,,1,1,1,0.7,1.0
17,66,6,0.0057761754226101384,0.38372093023255816,5,,,,,,,,,1,1,1,0.7,1.0
17,67,7,0.013160777951982968,0.42127659574468085,5,,,,,,,,,1,1,1,0.7,1.0
17,68,9,0.017227215239394276,0.4248927038626609,5,,,,,,,,,1,1,1,0.7,1.0
17,69,10,0.025227933667602773,0.4177215189873418,5,,,,,,,,,1,1,1,0.7,1.0
17,70,8,0.01387620475838911,0.4267241379310345,5,,,,,,,,,1,1,1,0.7,1.0
17,71,9,0.016185486162689472,0.41596638655462187,5,,,,,,,,,1,1,1,0.7,1.0
17,72,9,0.015273779864619004,0.43043478260869567,5,,,,,,,,,1,1,1,0.7,1.0
17,73,5,0.004078652941379849,0.375,5,,,,,,,,,1,1,1,0.7,1.0
17,74,9,0.018681489814624395,0.4125,5,,,,,,,,,1,1,1,0.7,1.0
17,75,9,0.0171208681049252,0.43231441048034935,5,,,,,,,,,1,1,1,0.7,1.0
17,76,9,0.014075601128570363,0.42127659574468085,5,,,,,,,,,1,1,1,0.7,1.0
17,77,10,0.01743825099569623,0.44,5,,,,,,,,,1,1,1,0.7,1.0
17,78,5,0.0038024049630668573,0.38976377952755903,5,,,,,,,,,1,1,1,0.7,1.0
17,79,6,0.003933385627379168,0.396,5,,,,,,,,,1,1,1,0.7,1.0
17,80,6,0.009540177285457217,0.38976377952755903,5,,,,,,,,,1,1,1,0.7,1.0
17,81,4,0.003878362412685233,0.3535714285714286,3,,,,,,,,,1,1,1,0.7,1.0
17,82,6,0.006102204291129582,0.3793103448275862,5,,,,,,,,,1,1,1,0.7,1.0
17,83,9,0.020811545403340872,0.4230769230769231,5,,,,,,,,,1,1,1,0.7,1.0
17,84,7,0.012843574800630352,0.38823529411764707,5,,,,,,,,,1,1,1,0.7,1.0
17,85,11,0.02311943072088779,0.43612334801762115,5,,,,,,,,,1,1,1,0.7,1.0
17,86,9,0.02249266760837428,0.4230769230769231,5,,,,,,,,,1,1,1,0.7,1.0
17,87,9,0.01288331850351868,0.4248927038626609,5,,,,,,,,,1,1,1,0.7,1.0
17,88,7,0.009293753449501873,0.4090909090909091,5,,,,,,,,,1,1,1,0.7,1.0
17,89,7,0.007638586484533018,0.4074074074074074,5,,,,,,,,,1,1,1,0.7,1.0
17,90,10,0.023171127747701463,0.43231441048034935,5,,,,,,,,,1,1,1,0.7,1.0
17,91,10,0.02595944987752483,0.4439461883408072,5,,,,,,,,,1,1,1,0.7,1.0
17,92,7,0.008537605041661208,0.4008097165991903,5,,,,,,,,,1,1,1,0.7,1.0
17,93,10,0.02616016778149733,0.4479638009049774,5,,,,,,,,,1,1,1,0.7,1.0
17,94,4,0.002824004922169769,0.36,4,,,,,,,,,1,1,1,0.7,1.0
17,95,6,0.0073059396014398675,0.4057377049180328,5,,,,,,,,,1,1,1,0.7,1.0
17,96,6,0.008292640749202327,0.391304347826087,5,,,,,,,,,1,1,1,0.7,1.0
17,97,7,0.012769970808459086,0.4090909090909091,5,,,,,,,,,1,1,1,0.7,1.0
17,98,9,0.016231205942319603,0.4267241379310345,5,,,,,,,,,1,1,1,0.7,1.0
17,99,10,0.02365500758389639,0.4177215189873418,5,,,,,,,,,1,1,1,0.7,1.0
18,0,12,0.027870177639501746,0.4439461883408072,5,,,,,,,,,1,1,1,0.7,1.0
18,1,6,0.008284928002406858,0.39759036144578314,5,,,,,,,,,1,1,1,0.7,1.0
18,2,6,0.007862988956379923,0.3944223107569721,5,,,,,,,,,1,1,1,0.7,1.0
18,3,7,0.009060616819988506,0.4125,5,,,,,,,,,1,1,1,0.7,1.0
18,4,7,0.011546566243780348,0.38372093023255816,5,,,,,,,,,1,1,1,0.7,1.0
18,5,6,0.007353821423085494,0.38823529411764707,5,,,,,,,,,1,1,1,0.7,1.0
18,6,8,0.016582929083409786,0.4024390243902439,5,,,,,,,,,1,1,1,0.7,1.0
18,7,7,0.01482499303979092,0.4090909090909091,5,,,,,,,,,1,1,1,0.7,1.0
18,8,5,0.004648371147546576,0.38671875,5,,,,,,,,,1,1,1,0.7,1.0
18,9,8,0.01083664390532592,0.4125,5,,,,,,,,,1,1,1,0.7,1.0
18,10,4,0.0030267081689468824,0.375,4,,,,,,,,,1,1,1,0.7,1.0
18,11,3,0.001798234955708471,0.3378839590443686,3,,,,,,,,,1,1,1,0.7,1.0
18,12,12,0.03246531234079403,0.4714285714285714,5,,,,,,,,,1,1,1,0.7,1.0
18,13,7,0.009413152607664656,0.3944223107569721,5,,,,,,,,,1,1,1,0.7,1.0
18,14,10,0.02034681887297241,0.43612334801762115,5,,,,,,,,,1,1,1,0.7,1.0
18,15,9,0.022967970997341273,0.4125,5,,,,,,,,,1,1,1,0.7,1.0
18,16,3,0.0008141163676104925,0.3473684210526316,3,,,,,,,,,1,1,1,0.7,1.0
18,17,9,0.013710214410568368,0.4125,5,,,,,,,,,1,1,1,0.7,1.0
18,18,12,0.029269697836801636,0.4669811320754717,5,,,,,,,,,1,1,1,0.7,1.0
18,19,10,0.0202537925463073,0.4419642857142857,5,,,,,,,,,1,1,1,0.7,1.0
18,20,3,0.0021808142692860207,0.339041095890411,3,,,,,,,,,1,1,1,0.7,1.0
18,21,6,0.007542316400121865,0.39919354838709675,5,,,,,,,,,1,1,1,0.7,1.0
18,22,10,0.029376023808859605,0.43043478260869567,5,,,,,,,,,1,1,1,0.7,1.0
18,23,9,0.01864473712174515,0.4267241379310345,5,,,,,,,,,1,1,1,0.7,1.0
18,24,2,0.0,0.32038834951456313,2,,,,,,,,,1,1,1,0.7,1.0
18,25,5,0.0062320001243736595,0.38076923076923075,5,,,,,,,,,1,1,1,0.7,1.0
18,26,3,0.0011672780323125835,0.36,3,,,,,,,,,1,1,1,0.7,1.0
18,27,14,0.04032081334260075,0.4782608695652174,5,,,,,,,,,1,1,1,0.7,1.0
18,28,11,0.025196041378104415,0.4479638009049774,5,,,,,,,,,1,1,1,0.7,1.0
18,29,6,0.007148901888439518,0.391304347826087,5,,,,,,,,,1,1,1,0.7,1.0
18,30,6,0.007893523509131792,0.38671875,5,,,,,,,,,1,1,1,0.7,1.0
18,31,8,0.016685872476458252,0.4008097165991903,5,,,,,,,,,1,1,1,0.7,1.0
18,32,15,0.042175075381476565,0.47368421052631576,5,,,,,,,,,1,1,1,0.7,1.0
18,33,9,0.02012775183331944,0.4230769230769231,5,,,,,,,,,1,1,1,0.7,1.0
18,34,9,0.01841082522871394,0.4248927038626609,5,,,,,,,,,1,1,1,0.7,1.0
18,35,9,0.022128555021271912,0.42127659574468085,5,,,,,,,,,1,1,1,0.7,1.0
18,36,6,0.009052232439077976,0.4008097165991903,5,,,,,,,,,1,1,1,0.7,1.0
18,37,10,0.022884808637103175,0.4439461883408072,5,,,,,,,,,1,1,1,0.7,1.0
18,38,3,0.0011621659124968892,0.33559322033898303,3,,,,,,,,,1,1,1,0.7,1.0
18,39,7,0.009374462711473703,0.4125,5,,,,,,,,,1,1,1,0.7,1.0
18,40,7,0.010041046143858966,0.41422594142259417,5,,,,,,,,,1,1,1,0.7,1.0
18,41,8,0.01644273385424969,0.42127659574468085,5,,,,,,,,,1,1,1,0.7,1.0
18,42,7,0.008107386616062813,0.40408163265306124,5,,,,,,,,,1,1,1,0.7,1.0
18,43,8,0.014842540020111665,0.43805309734513276,5,,,,,,,,,1,1,1,0.7,1.0
18,44,9,0.019506962294465077,0.4194915254237288,5,,,,,,,,,1,1,1,0.7,1.0
18,45,8,0.015499166069116324,0.4090909090909091,5,,,,,,,,,1,1,1,0.7,1.0
18,46,7,0.009132084094994313,0.4107883817427386,5,,,,,,,,,1,1,1,0.7,1.0
18,47,8,0.01588333884215923,0.4008097165991903,5,,,,,,,,,1,1,1,0.7,1.0
18,48,8,0.013057353661506293,0.4194915254237288,5,,,,,,,,,1,1,1,0.7,1.0
18,49,10,0.022998126649215727,0.4342105263157895,5,,,,,,,,,1,1,1,0.7,1.0
18,50,10,0.0308143346441008,0.43805309734513276,5,,,,,,,,,1,1,1,0.7,1.0
18,51,14,0.03914697687093884,0.4714285714285714,5,,,,,,,,,1,1,1,0.7,1.0
18,52,5,0.008107289253582214,0.376425855513308,5,,,,,,,,,1,1,1,0.7,1.0
18,53,8,0.011537483487035103,0.4177215189873418,5,,,,,,,,,1,1,1,0.7,1.0
18,54,4,0.003793024144388423,0.3626373626373626,3,,,,,,,,,1,1,1,0.7,1.0
18,55,10,0.023237659776797134,0.4541284403669725,5,,,,,,,,,1,1,1,0.7,1.0
18,56,5,0.005797905192208366,0.37358490566037733,5,,,,,,,,,1,1,1,0.7,1.0
18,57,8,0.016349603863737225,0.4090909090909091,5,,,,,,,,,1,1,1,0.7,1.0
18,58,9,0.019899514796318962,0.4194915254237288,5,,,,,,,,,1,1,1,0.7,1.0
18,59,10,0.022085707361162835,0.4342105263157895,5,,,,,,,,,1,1,1,0.7,1.0
18,60,11,0.019807911567924382,0.43612334801762115,5,,,,,,,,,1,1,1,0.7,1.0
18,61,8,0.010424008924552612,0.4057377049180328,5,,,,,,,,,1,1,1,0.7,1.0
18,62,12,0.025946448104021823,0.45622119815668205,5,,,,,,,,,1,1,1,0.7,1.0
18,63,2,0.0005614126362425681,0.3344594594594595,2,,,,,,,,,1,1,1,0.7,1.0
18,64,9,0.01872332415682547,0.4267241379310345,5,,,,,,,,,1,1,1,0.7,1.0
18,65,12,0.031032488648889307,0.4520547945205479,5,,,,,,,,,1,1,1,0.7,1.0
18,66,6,0.0057761754226101384,0.38372093023255816,5,,,,,,,,,1,1,1,0.7,1.0
18,67,7,0.013160777951982968,0.42127659574468085,5,,,,,,,,,1,1,1,0.7,1.0
18,68,9,0.017227215239394276,0.4248927038626609,5,,,,,,,,,1,1,1,0.7,1.0
18,69,10,0.025227933667602773,0.4177215189873418,5,,,,,,,,,1,1,1,0.7,1.0
18,70,8,0.01387620475838911,0.4267241379310345,5,,,,,,,,,1,1,1,0.7,1.0
18,71,9,0.016185486162689472,0.41596638655462187,5,,,,,,,,,1,1,1,0.7,1.0
18,72,9,0.015273779864619004,0.43043478260869567,5,,,,,,,,,1,1,1,0.7,1.0
18,73,5,0.004078652941379849,0.375,5,,,,,,,,,1,1,1,0.7,1.0
18,74,9,0.018681489814624395,0.4125,5,,,,,,,,,1,1,1,0.7,1.0
18,75,9,0.0171208681049252,0.43231441048034935,5,,,,,,,,,1,1,1,0.7,1.0
18,76,9,0.014075601128570363,0.42127659574468085,5,,,,,,,,,1,1,1,0.7,1.0
18,77,10,0.01743825099569623,0.44,5,,,,,,,,,1,1,1,0.7,1.0
18,78,5,0.0038024049630668573,0.38976377952755903,5,,,,,,,,,1,1,1,0.7,1.0
18,79,6,0.003933385627379168,0.396,5,,,,,,,,,1,1,1,0.7,1.0
18,80,6,0.009540177285457217,0.38976377952755903,5,,,,,,,,,1,1,1,0.7,1.0
18,81,4,0.003878362412685233,0.3535714285714286,3,,,,,,,,,1,1,1,0.7,1.0
18,82,6,0.006102204291129582,0.3793103448275862,5,,,,,,,,,1,1,1,0.7,1.0
18,83,9,0.020811545403340872,0.4230769230769231,5,,,,,,,,,1,1,1,0.7,1.0
18,84,7,0.012843574800630352,0.38823529411764707,5,,,,,,,,,1,1,1,0.7,1.0
18,85,11,0.02311943072088779,0.43612334801762115,5,,,,,,,,,1,1,1,0.7,1.0
18,86,9,0.02249266760837428,0.4230769230769231,5,,,,,,,,,1,1,1,0.7,1.0
18,87,9,0.01288331850351868,0.4248927038626609,5,,,,,,,,,1,1,1,0.7,1.0
18,88,7,0.009293753449501873,0.4090909090909091,5,,,,,,,,,1,1,1,0.7,1.0
18,89,7,0.007638586484533018,0.4074074074074074,5,,,,,,,,,1,1,1,0.7,1.0
18,90,10,0.023171127747701463,0.43231441048034935,5,,,,,,,,,1,1,1,0.7,1.0
18,91,10,0.02595944987752483,0.4439461883408072,5,,,,,,,,,1,1,1,0.7,1.0
18,92,7,0.008537605041661208,0.4008097165991903,5,,,,,,,,,1,1,1,0.7,1.0
18,93,10,0.02616016778149733,0.4479638009049774,5,,,,,,,,,1,1,1,0.7,1.0
18,94,4,0.002824004922169769,0.36,4,,,,,,,,,1,1,1,0.7,1.0
18,95,6,0.0073059396014398675,0.4057377049180328,5,,,,,,,,,1,1,1,0.7,1.0
18,96,6,0.008292640749202327,0.391304347826087,5,,,,,,,,,1,1,1,0.7,1.0
18,97,7,0.012769970808459086,0.4090909090909091,5,,,,,,,,,1,1,1,0.7,1.0
18,98,9,0.016231205942319603,0.4267241379310345,5,,,,,,,,,1,1,1,0.7,1.0
18,99,10,0.02365500758389639,0.4177215189873418,5,,,,,,,,,1,1,1,0.7,1.0
19,0,12,0.027870177639501746,0.4439461883408072,5,,,,,,,,,1,1,1,0.7,1.0
19,1,6,0.008284928002406858,0.39759036144578314,5,,,,,,,,,1,1,1,0.7,1.0
19,2,6,0.007862988956379923,0.3944223107569721,5,,,,,,,,,1,1,1,0.7,1.0
19,3,7,0.009060616819988506,0.4125,5,,,,,,,,,1,1,1,0.7,1.0
19,4,7,0.011546566243780348,0.38372093023255816,5,,,,,,,,,1,1,1,0.7,1.0
19,5,6,0.007353821423085494,0.38823529411764707,5,,,,,,,,,1,1,1,0.7,1.0
19,6,8,0.016582929083409786,0.4024390243902439,5,,,,,,,,,1,1,1,0.7,1.0
19,7,7,0.01482499303979092,0.4090909090909091,5,,,,,,,,,1,1,1,0.7,1.0
19,8,5,0.004648371147546576,0.38671875,5,,,,,,,,,1,1,1,0.7,1.0
19,9,8,0.01083664390532592,0.4125,5,,,,,,,,,1,1,1,0.7,1.0
19,10,4,0.0030267081689468824,0.375,4,,,,,,,,,1,1,1,0.7,1.0
19,11,3,0.001798234955708471,0.3378839590443686,3,,,,,,,,,1,1,1,0.7,1.0
19,12,12,0.03246531234079403,0.4714285714285714,5,,,,,,,,,1,1,1,0.7,1.0
19,13,7,0.009413152607664656,0.3944223107569721,5,,,,,,,,,1,1,1,0.7,1.0
19,14,10,0.02034681887297241,0.43612334801762115,5,,,,,,,,,1,1,1,0.7,1.0
19,15,9,0.022967970997341273,0.4125,5,,,,,,,,,1,1,1,0.7,1.0
19,16,3,0.0008141163676104925,0.3473684210526316,3,,,,,,,,,1,1,1,0.7,1.0
19,17,9,0.013710214410568368,0.4125,5,,,,,,,,,1,1,1,0.7,1.0
19,18,12,0.029269697836801636,0.4669811320754717,5,,,,,,,,,1,1,1,0.7,1.0
19,19,10,0.0202537925463073,0.4419642857142857,5,,,,,,,,,1,1,1,0.7,1.0
19,20,3,0.0021808142692860207,0.339041095890411,3,,,,,,,,,1,1,1,0.7,1.0
19,21,6,0.007542316400121865,0.39919354838709675,5,,,,,,,,,1,1,1,0.7,1.0
19,22,10,0.029376023808859605,0.43043478260869567,5,,,,,,,,,1,1,1,0.7,1.0
19,23,9,0.01864473712174515,0.4267241379310345,5,,,,,,,,,1,1,1,0.7,1.0
19,24,2,0.0,0.32038834951456313,2,,,,,,,,,1,1,1,0.7,1.0
19,25,5,0.0062320001243736595,0.38076923076923075,5,,,,,,,,,1,1,1,0.7,1.0
19,26,3,0.0011672780323125835,0.36,3,,,,,,,,,1,1,1,0.7,1.0
19,27,14,0.04032081334260075,0.4782608695652174,5,,,,,,,,,1,1,1,0.7,1.0
19,28,11,0.025196041378104415,0.4479638009049774,5,,,,,,,,,1,1,1,0.7,1.0
19,29,6,0.007148901888439518,0.391304347826087,5,,,,,,,,,1,1,1,0.7,1.0
19,30,6,0.007893523509131792,0.38671875,5,,,,,,,,,1,1,1,0.7,1.0
19,31,8,0.016685872476458252,0.4008097165991903,5,,,,,,,,,1,1,1,0.7,1.0
19,32,15,0.042175075381476565,0.47368421052631576,5,,,,,,,,,1,1,1,0.7,1.0
19,33,9,0.02012775183331944,0.4230769230769231,5,,,,,,,,,1,1,1,0.7,1.0
19,34,9,0.01841082522871394,0.4248927038626609,5,,,,,,,,,1,1,1,0.7,1.0
19,35,9,0.022128555021271912,0.42127659574468085,5,,,,,,,,,1,1,1,0.7,1.0
19,36,6,0.009052232439077976,0.4008097165991903,5,,,,,,,,,1,1,1,0.7,1.0
19,37,10,0.022884808637103175,0.4439461883408072,5,,,,,,,,,1,1,1,0.7,1.0
19,38,3,0.0011621659124968892,0.33559322033898303,3,,,,,,,,,1,1,1,0.7,1.0
19,39,7,0.009374462711473703,0.4125,5,,,,,,,,,1,1,1,0.7,1.0
19,40,7,0.010041046143858966,0.41422594142259417,5,,,,,,,,,1,1,1,0.7,1.0
19,41,8,0.01644273385424969,0.42127659574468085,5,,,,,,,,,1,1,1,0.7,1.0
19,42,7,0.008107386616062813,0.40408163265306124,5,,,,,,,,,1,1,1,0.7,1.0
19,43,8,0.014842540020111665,0.43805309734513276,5,,,,,,,,,1,1,1,0.7,1.0
19,44,9,0.019506962294465077,0.4194915254237288,5,,,,,,,,,1,1,1,0.7,1.0
19,45,8,0.015499166069116324,0.4090909090909091,5,,,,,,,,,1,1,1,0.7,1.0
19,46,7,0.009132084094994313,0.4107883817427386,5,,,,,,,,,1,1,1,0.7,1.0
19,47,8,0.01588333884215923,0.4008097165991903,5,,,,,,,,,1,1,1,0.7,1.0
19,48,8,0.013057353661506293,0.4194915254237288,5,,,,,,,,,1,1,1,0.7,1.0
19,49,10,0.022998126649215727,0.4342105263157895,5,,,,,,,,,1,1,1,0.7,1.0
19,50,10,0.0308143346441008,0.43805309734513276,5,,,,,,,,,1,1,1,0.7,1.0
19,51,14,0.03914697687093884,0.4714285714285714,5,,,,,,,,,1,1,1,0.7,1.0
19,52,5,0.008107289253582214,0.376425855513308,5,,,,,,,,,1,1,1,0.7,1.0
19,53,8,0.011537483487035103,0.4177215189873418,5,,,,,,,,,1,1,1,0.7,1.0
19,54,4,0.003793024144388423,0.3626373626373626,3,,,,,,,,,1,1,1,0.7,1.0
19,55,10,0.023237659776797134,0.4541284403669725,5,,,,,,,,,1,1,1,0.7,1.0
19,56,5,0.005797905192208366,0.37358490566037733,5,,,,,,,,,1,1,1,0.7,1.0
19,57,8,0.016349603863737225,0.4090909090909091,5,,,,,,,,,1,1,1,0.7,1.0
19,58,9,0.019899514796318962,0.4194915254237288,5,,,,,,,,,1,1,1,0.7,1.0
19,59,10,0.022085707361162835,0.4342105263157895,5,,,,,,,,,1,1,1,0.7,1.0
19,60,11,0.019807911567924382,0.43612334801762115,5,,,,,,,,,1,1,1,0.7,1.0
19,61,8,0.010424008924552612,0.4057377049180328,5,,,,,,,,,1,1,1,0.7,1.0
19,62,12,0.025946448104021823,0.45622119815668205,5,,,,,,,,,1,1,1,0.7,1.0
19,63,2,0.0005614126362425681,0.3344594594594595,2,,,,,,,,,1,1,1,0.7,1.0
19,64,9,0.01872332415682547,0.4267241379310345,5,,,,,,,,,1,1,1,0.7,1.0
19,65,12,0.031032488648889307,0.4520547945205479,5,,,,,,,,,1,1,1,0.7,1.0
19,66,6,0.0057761754226101384,0.38372093023255816,5,,,,,,,,,1,1,1,0.7,1.0
19,67,7,0.013160777951982968,0.42127659574468085,5,,,,,,,,,1,1,1,0.7,1.0
19,68,9,0.017227215239394276,0.4248927038626609,5,,,,,,,,,1,1,1,0.7,1.0
19,69,10,0.025227933667602773,0.4177215189873418,5,,,,,,,,,1,1,1,0.7,1.0
19,70,8,0.01387620475838911,0.4267241379310345,5,,,,,,,,,1,1,1,0.7,1.0
19,71,9,0.016185486162689472,0.41596638655462187,5,,,,,,,,,1,1,1,0.7,1.0
19,72,9,0.015273779864619004,0.43043478260869567,5,,,,,,,,,1,1,1,0.7,1.0
19,73,5,0.004078652941379849,0.375,5,,,,,,,,,1,1,1,0.7,1.0
19,74,9,0.018681489814624395,0.4125,5,,,,,,,,,1,1,1,0.7,1.0
19,75,9,0.0171208681049252,0.43231441048034935,5,,,,,,,,,1,1,1,0.7,1.0
19,76,9,0.014075601128570363,0.42127659574468085,5,,,,,,,,,1,1,1,0.7,1.0
19,77,10,0.01743825099569623,0.44,5,,,,,,,,,1,1,1,0.7,1.0
19,78,5,0.0038024049630668573,0.38976377952755903,5,,,,,,,,,1,1,1,0.7,1.0
19,79,6,0.003933385627379168,0.396,5,,,,,,,,,1,1,1,0.7,1.0
19,80,6,0.009540177285457217,0.38976377952755903,5,,,,,,,,,1,1,1,0.7,1.0
19,81,4,0.003878362412685233,0.3535714285714286,3,,,,,,,,,1,1,1,0.7,1.0
19,82,6,0.006102204291129582,0.3793103448275862,5,,,,,,,,,1,1,1,0.7,1.0
19,83,9,0.020811545403340872,0.4230769230769231,5,,,,,,,,,1,1,1,0.7,1.0
19,84,7,0.012843574800630352,0.38823529411764707,5,,,,,,,,,1,1,1,0.7,1.0
19,85,11,0.02311943072088779,0.43612334801762115,5,,,,,,,,,1,1,1,0.7,1.0
19,86,9,0.02249266760837428,0.4230769230769231,5,,,,,,,,,1,1,1,0.7,1.0
19,87,9,0.01288331850351868,0.4248927038626609,5,,,,,,,,,1,1,1,0.7,1.0
19,88,7,0.009293753449501873,0.4090909090909091,5,,,,,,,,,1,1,1,0.7,1.0
19,89,7,0.007638586484533018,0.4074074074074074,5,,,,,,,,,1,1,1,0.7,1.0
19,90,10,0.023171127747701463,0.43231441048034935,5,,,,,,,,,1,1,1,0.7,1.0
19,91,10,0.02595944987752483,0.4439461883408072,5,,,,,,,,,1,1,1,0.7,1.0
19,92,7,0.008537605041661208,0.4008097165991903,5,,,,,,,,,1,1,1,0.7,1.0
19,93,10,0.02616016778149733,0.4479638009049774,5,,,,,,,,,1,1,1,0.7,1.0
19,94,4,0.002824004922169769,0.36,4,,,,,,,,,1,1,1,0.7,1.0
19,95,6,0.0073059396014398675,0.4057377049180328,5,,,,,,,,,1,1,1,0.7,1.0
19,96,6,0.008292640749202327,0.391304347826087,5,,,,,,,,,1,1,1,0.7,1.0
19,97,7,0.012769970808459086,0.4090909090909091,5,,,,,,,,,1,1,1,0.7,1.0
19,98,9,0.016231205942319603,0.4267241379310345,5,,,,,,,,,1,1,1,0.7,1.0
19,99,10,0.02365500758389639,0.4177215189873418,5,,,,,,,,,1,1,1,0.7,1.0
20,0,12,0.027870177639501746,0.4439461883408072,5,,,,,,,,,1,1,1,0.7,1.0
20,1,6,0.008284928002406858,0.39759036144578314,5,,,,,,,,,1,1,1,0.7,1.0
20,2,6,0.007862988956379923,0.3944223107569721,5,,,,,,,,,1,1,1,0.7,1.0
20,3,7,0.009060616819988506,0.4125,5,,,,,,,,,1,1,1,0.7,1.0
20,4,7,0.011546566243780348,0.38372093023255816,5,,,,,,,,,1,1,1,0.7,1.0
20,5,6,0.007353821423085494,0.38823529411764707,5,,,,,,,,,1,1,1,0.7,1.0
20,6,8,0.016582929083409786,0.4024390243902439,5,,,,,,,,,1,1,1,0.7,1.0
20,7,7,0.01482499303979092,0.4090909090909091,5,,,,,,,,,1,1,1,0.7,1.0
20,8,5,0.004648371147546576,0.38671875,5,,,,,,,,,1,1,1,0.7,1.0
20,9,8,0.01083664390532592,0.4125,5,,,,,,,,,1,1,1,0.7,1.0
20,10,4,0.0030267081689468824,0.375,4,,,,,,,,,1,1,1,0.7,1.0
20,11,3,0.001798234955708471,0.3378839590443686,3,,,,,,,,,1,1,1,0.7,1.0
20,12,12,0.03246531234079403,0.4714285714285714,5,,,,,,,,,1,1,1,0.7,1.0
20,13,7,0.009413152607664656,0.3944223107569721,5,,,,,,,,,1,1,1,0.7,1.0
20,14,10,0.02034681887297241,0.43612334801762115,5,,,,,,,,,1,1,1,0.7,1.0
20,15,9,0.022967970997341273,0.4125,5,,,,,,,,,1,1,1,0.7,1.0
20,16,3,0.0008141163676104925,0.3473684210526316,3,,,,,,,,,1,1,1,0.7,1.0
20,17,9,0.013710214410568368,0.4125,5,,,,,,,,,1,1,1,0.7,1.0
20,18,12,0.029269697836801636,0.4669811320754717,5,,,,,,,,,1,1,1,0.7,1.0
20,19,10,0.0202537925463073,0.4419642857142857,5,,,,,,,,,1,1,1,0.7,1.0
20,20,3,0.0021808142692860207,0.339041095890411,3,,,,,,,,,1,1,1,0.7,1.0
20,21,6,0.007542316400121865,0.39919354838709675,5,,,,,,,,,1,1,1,0.7,1.0
20,22,10,0.029376023808859605,0.43043478260869567,5,,,,,,,,,1,1,1,0.7,1.0
20,23,9,0.01864473712174515,0.4267241379310345,5,,,,,,,,,1,1,1,0.7,1.0
20,24,2,0.0,0.32038834951456313,2,,,,,,,,,1,1,1,0.7,1.0
20,25,5,0.0062320001243736595,0.38076923076923075,5,,,,,,,,,1,1,1,0.7,1.0
20,26,3,0.0011672780323125835,0.36,3,,,,,,,,,1,1,1,0.7,1.0
20,27,14,0.04032081334260075,0.4782608695652174,5,,,,,,,,,1,1,1,0.7,1.0
20,28,11,0.025196041378104415,0.4479638009049774,5,,,,,,,,,1,1,1,0.7,1.0
20,29,6,0.007148901888439518,0.391304347826087,5,,,,,,,,,1,1,1,0.7,1.0
20,30,6,0.007893523509131792,0.38671875,5,,,,,,,,,1,1,1,0.7,1.0
20,31,8,0.016685872476458252,0.4008097165991903,5,,,,,,,,,1,1,1,0.7,1.0
20,32,15,0.042175075381476565,0.47368421052631576,5,,,,,,,,,1,1,1,0.7,1.0
20,33,9,0.02012775183331944,0.4230769230769231,5,,,,,,,,,1,1,1,0.7,1.0
20,34,9,0.01841082522871394,0.4248927038626609,5,,,,,,,,,1,1,1,0.7,1.0
20,35,9,0.022128555021271912,0.42127659574468085,5,,,,,,,,,1,1,1,0.7,1.0
20,36,6,0.009052232439077976,0.4008097165991903,5,,,,,,,,,1,1,1,0.7,1.0
20,37,10,0.022884808637103175,0.4439461883408072,5,,,,,,,,,1,1,1,0.7,1.0
20,38,3,0.0011621659124968892,0.33559322033898303,3,,,,,,,,,1,1,1,0.7,1.0
20,39,7,0.009374462711473703,0.4125,5,,,,,,,,,1,1,1,0.7,1.0
20,40,7,0.010041046143858966,0.41422594142259417,5,,,,,,,,,1,1,1,0.7,1.0
20,41,8,0.01644273385424969,0.42127659574468085,5,,,,,,,,,1,1,1,0.7,1.0
20,42,7,0.008107386616062813,0.40408163265306124,5,,,,,,,,,1,1,1,0.7,1.0
20,43,8,0.014842540020111665,0.43805309734513276,5,,,,,,,,,1,1,1,0.7,1.0
20,44,9,0.019506962294465077,0.4194915254237288,5,,,,,,,,,1,1,1,0.7,1.0
20,45,8,0.015499166069116324,0.4090909090909091,5,,,,,,,,,1,1,1,0.7,1.0
20,46,7,0.009132084094994313,0.4107883817427386,5,,,,,,,,,1,1,1,0.7,1.0
20,47,8,0.01588333884215923,0.4008097165991903,5,,,,,,,,,1,1,1,0.7,1.0
20,48,8,0.013057353661506293,0.4194915254237288,5,,,,,,,,,1,1,1,0.7,1.0
20,49,10,0.022998126649215727,0.4342105263157895,5,,,,,,,,,1,1,1,0.7,1.0
20,50,10,0.0308143346441008,0.43805309734513276,5,,,,,,,,,1,1,1,0.7,1.0
20,51,14,0.03914697687093884,0.4714285714285714,5,,,,,,,,,1,1,1,0.7,1.0
20,52,5,0.008107289253582214,0.376425855513308,5,,,,,,,,,1,1,1,0.7,1.0
20,53,8,0.011537483487035103,0.4177215189873418,5,,,,,,,,,1,1,1,0.7,1.0
20,54,4,0.003793024144388423,0.3626373626373626,3,,,,,,,,,1,1,1,0.7,1.0
20,55,10,0.023237659776797134,0.4541284403669725,5,,,,,,,,,1,1,1,0.7,1.0
20,56,5,0.005797905192208366,0.37358490566037733,5,,,,,,,,,1,1,1,0.7,1.0
20,57,8,0.016349603863737225,0.4090909090909091,5,,,,,,,,,1,1,1,0.7,1.0
20,58,9,0.019899514796318962,0.4194915254237288,5,,,,,,,,,1,1,1,0.7,1.0
20,59,10,0.022085707361162835,0.4342105263157895,5,,,,,,,,,1,1,1,0.7,1.0
20,60,11,0.019807911567924382,0.43612334801762115,5,,,,,,,,,1,1,1,0.7,1.0
20,61,8,0.010424008924552612,0.4057377049180328,5,,,,,,,,,1,1,1,0.7,1.0
20,62,12,0.025946448104021823,0.45622119815668205,5,,,,,,,,,1,1,1,0.7,1.0
20,63,2,0.0005614126362425681,0.3344594594594595,2,,,,,,,,,1,1,1,0.7,1.0
20,64,9,0.01872332415682547,0.4267241379310345,5,,,,,,,,,1,1,1,0.7,1.0
20,65,12,0.031032488648889307,0.4520547945205479,5,,,,,,,,,1,1,1,0.7,1.0
20,66,6,0.0057761754226101384,0.38372093023255816,5,,,,,,,,,1,1,1,0.7,1.0
20,67,7,0.013160777951982968,0.42127659574468085,5,,,,,,,,,1,1,1,0.7,1.0
20,68,9,0.017227215239394276,0.4248927038626609,5,,,,,,,,,1,1,1,0.7,1.0
20,69,10,0.025227933667602773,0.4177215189873418,5,,,,,,,,,1,1,1,0.7,1.0
20,70,8,0.01387620475838911,0.4267241379310345,5,,,,,,,,,1,1,1,0.7,1.0
20,71,9,0.016185486162689472,0.41596638655462187,5,,,,,,,,,1,1,1,0.7,1.0
20,72,9,0.015273779864619004,0.43043478260869567,5,,,,,,,,,1,1,1,0.7,1.0
20,73,5,0.004078652941379849,0.375,5,,,,,,,,,1,1,1,0.7,1.0
20,74,9,0.018681489814624395,0.4125,5,,,,,,,,,1,1,1,0.7,1.0
20,75,9,0.0171208681049252,0.43231441048034935,5,,,,,,,,,1,1,1,0.7,1.0
20,76,9,0.014075601128570363,0.42127659574468085,5,,,,,,,,,1,1,1,0.7,1.0
20,77,10,0.01743825099569623,0.44,5,,,,,,,,,1,1,1,0.7,1.0
20,78,5,0.0038024049630668573,0.38976377952755903,5,,,,,,,,,1,1,1,0.7,1.0
20,79,6,0.003933385627379168,0.396,5,,,,,,,,,1,1,1,0.7,1.0
20,80,6,0.009540177285457217,0.38976377952755903,5,,,,,,,,,1,1,1,0.7,1.0
20,81,4,0.003878362412685233,0.3535714285714286,3,,,,,,,,,1,1,1,0.7,1.0
20,82,6,0.006102204291129582,0.3793103448275862,5,,,,,,,,,1,1,1,0.7,1.0
20,83,9,0.020811545403340872,0.4230769230769231,5,,,,,,,,,1,1,1,0.7,1.0
20,84,7,0.012843574800630352,0.38823529411764707,5,,,,,,,,,1,1,1,0.7,1.0
20,85,11,0.02311943072088779,0.43612334801762115,5,,,,,,,,,1,1,1,0.7,1.0
20,86,9,0.02249266760837428,0.4230769230769231,5,,,,,,,,,1,1,1,0.7,1.0
20,87,9,0.01288331850351868,0.4248927038626609,5,,,,,,,,,1,1,1,0.7,1.0
20,88,7,0.009293753449501873,0.4090909090909091,5,,,,,,,,,1,1,1,0.7,1.0
20,89,7,0.007638586484533018,0.4074074074074074,5,,,,,,,,,1,1,1,0.7,1.0
20,90,10,0.023171127747701463,0.43231441048034935,5,,,,,,,,,1,1,1,0.7,1.0
20,91,10,0.02595944987752483,0.4439461883408072,5,,,,,,,,,1,1,1,0.7,1.0
20,92,7,0.008537605041661208,0.4008097165991903,5,,,,,,,,,1,1,1,0.7,1.0
20,93,10,0.02616016778149733,0.4479638009049774,5,,,,,,,,,1,1,1,0.7,1.0
20,94,4,0.002824004922169769,0.36,4,,,,,,,,,1,1,1,0.7,1.0
20,95,6,0.0073059396014398675,0.4057377049180328,5,,,,,,,,,1,1,1,0.7,1.0
20,96,6,0.008292640749202327,0.391304347826087,5,,,,,,,,,1,1,1,0.7,1.0
20,97,7,0.012769970808459086,0.4090909090909091,5,,,,,,,,,1,1,1,0.7,1.0
20,98,9,0.016231205942319603,0.4267241379310345,5,,,,,,,,,1,1,1,0.7,1.0
20,99,10,0.02365500758389639,0.4177215189873418,5,,,,,,,,,1,1,1,0.7,1.0
21,0,12,0.027870177639501746,0.4439461883408072,5,,,,,,,,,1,1,1,0.7,1.0
21,1,6,0.008284928002406858,0.39759036144578314,5,,,,,,,,,1,1,1,0.7,1.0
21,2,6,0.007862988956379923,0.3944223107569721,5,,,,,,,,,1,1,1,0.7,1.0
21,3,7,0.009060616819988506,0.4125,5,,,,,,,,,1,1,1,0.7,1.0
21,4,7,0.011546566243780348,0.38372093023255816,5,,,,,,,,,1,1,1,0.7,1.0
21,5,6,0.007353821423085494,0.38823529411764707,5,,,,,,,,,1,1,1,0.7,1.0
21,6,8,0.016582929083409786,0.4024390243902439,5,,,,,,,,,1,1,1,0.7,1.0
21,7,7,0.01482499303979092,0.4090909090909091,5,,,,,,,,,1,1,1,0.7,1.0
21,8,5,0.004648371147546576,0.38671875,5,,,,,,,,,1,1,1,0.7,1.0
21,9,8,0.01083664390532592,0.4125,5,,,,,,,,,1,1,1,0.7,1.0
21,10,4,0.0030267081689468824,0.375,4,,,,,,,,,1,1,1,0.7,1.0
21,11,3,0.001798234955708471,0.3378839590443686,3,,,,,,,,,1,1,1,0.7,1.0
21,12,12,0.03246531234079403,0.4714285714285714,5,,,,,,,,,1,1,1,0.7,1.0
21,13,7,0.009413152607664656,0.3944223107569721,5,,,,,,,,,1,1,1,0.7,1.0
21,14,10,0.02034681887297241,0.43612334801762115,5,,,,,,,,,1,1,1,0.7,1.0
21,15,9,0.022967970997341273,0.4125,5,,,,,,,,,1,1,1,0.7,1.0
21,16,3,0.0008141163676104925,0.3473684210526316,3,,,,,,,,,1,1,1,0.7,1.0
21,17,9,0.013710214410568368,0.4125,5,,,,,,,,,1,1,1,0.7,1.0
21,18,12,0.029269697836801636,0.4669811320754717,5,,,,,,,,,1,1,1,0.7,1.0
21,19,10,0.0202537925463073,0.4419642857142857,5,,,,,,,,,1,1,1,0.7,1.0
21,20,3,0.0021808142692860207,0.339041095890411,3,,,,,,,,,1,1,1,0.7,1.0
21,21,6,0.007542316400121865,0.39919354838709675,5,,,,,,,,,1,1,1,0.7,1.0
21,22,10,0.029376023808859605,0.43043478260869567,5,,,,,,,,,1,1,1,0.7,1.0
21,23,9,0.01864473712174515,0.4267241379310345,5,,,,,,,,,1,1,1,0.7,1.0
21,24,2,0.0,0.32038834951456313,2,,,,,,,,,1,1,1,0.7,1.0
21,25,5,0.0062320001243736595,0.38076923076923075,5,,,,,,,,,1,1,1,0.7,1.0
21,26,3,0.0011672780323125835,0.36,3,,,,,,,,,1,1,1,0.7,1.0
21,27,14,0.04032081334260075,0.4782608695652174,5,,,,,,,,,1,1,1,0.7,1.0
21,28,11,0.025196041378104415,0.4479638009049774,5,,,,,,,,,1,1,1,0.7,1.0
21,29,6,0.007148901888439518,0.391304347826087,5,,,,,,,,,1,1,1,0.7,1.0
21,30,6,0.007893523509131792,0.38671875,5,,,,,,,,,1,1,1,0.7,1.0
21,31,8,0.016685872476458252,0.4008097165991903,5,,,,,,,,,1,1,1,0.7,1.0
21,32,15,0.042175075381476565,0.47368421052631576,5,,,,,,,,,1,1,1,0.7,1.0
21,33,9,0.02012775183331944,0.4230769230769231,5,,,,,,,,,1,1,1,0.7,1.0
21,34,9,0.01841082522871394,0.4248927038626609,5,,,,,,,,,1,1,1,0.7,1.0
21,35,9,0.022128555021271912,0.42127659574468085,5,,,,,,,,,1,1,1,0.7,1.0
21,36,6,0.009052232439077976,0.4008097165991903,5,,,,,,,,,1,1,1,0.7,1.0
21,37,10,0.022884808637103175,0.4439461883408072,5,,,,,,,,,1,1,1,0.7,1.0
21,38,3,0.0011621659124968892,0.33559322033898303,3,,,,,,,,,1,1,1,0.7,1.0
21,39,7,0.009374462711473703,0.4125,5,,,,,,,,,1,1,1,0.7,1.0
21,40,7,0.010041046143858966,0.41422594142259417,5,,,,,,,,,1,1,1,0.7,1.0
21,41,8,0.01644273385424969,0.42127659574468085,5,,,,,,,,,1,1,1,0.7,1.0
21,42,7,0.008107386616062813,0.40408163265306124,5,,,,,,,,,1,1,1,0.7,1.0
21,43,8,0.014842540020111665,0.43805309734513276,5,,,,,,,,,1,1,1,0.7,1.0
21,44,9,0.019506962294465077,0.4194915254237288,5,,,,,,,,,1,1,1,0.7,1.0
21,45,8,0.015499166069116324,0.4090909090909091,5,,,,,,,,,1,1,1,0.7,1.0
21,46,7,0.009132084094994313,0.4107883817427386,5,,,,,,,,,1,1,1,0.7,1.0
21,47,8,0.01588333884215923,0.4008097165991903,5,,,,,,,,,1,1,1,0.7,1.0
21,48,8,0.013057353661506293,0.4194915254237288,5,,,,,,,,,1,1,1,0.7,1.0
21,49,10,0.022998126649215727,0.4342105263157895,5,,,,,,,,,1,1,1,0.7,1.0
21,50,10,0.0308143346441008,0.43805309734513276,5,,,,,,,,,1,1,1,0.7,1.0
21,51,14,0.03914697687093884,0.4714285714285714,5,,,,,,,,,1,1,1,0.7,1.0
21,52,5,0.008107289253582214,0.376425855513308,5,,,,,,,,,1,1,1,0.7,1.0
21,53,8,0.011537483487035103,0.4177215189873418,5,,,,,,,,,1,1,1,0.7,1.0
21,54,4,0.003793024144388423,0.3626373626373626,3,,,,,,,,,1,1,1,0.7,1.0
21,55,10,0.023237659776797134,0.4541284403669725,5,,,,,,,,,1,1,1,0.7,1.0
21,56,5,0.005797905192208366,0.37358490566037733,5,,,,,,,,,1,1,1,0.7,1.0
21,57,8,0.016349603863737225,0.4090909090909091,5,,,,,,,,,1,1,1,0.7,1.0
21,58,9,0.019899514796318962,0.4194915254237288,5,,,,,,,,,1,1,1,0.7,1.0
21,59,10,0.022085707361162835,0.4342105263157895,5,,,,,,,,,1,1,1,0.7,1.0
21,60,11,0.019807911567924382,0.43612334801762115,5,,,,,,,,,1,1,1,0.7,1.0
21,61,8,0.010424008924552612,0.4057377049180328,5,,,,,,,,,1,1,1,0.7,1.0
21,62,12,0.025946448104021823,0.45622119815668205,5,,,,,,,,,1,1,1,0.7,1.0
21,63,2,0.0005614126362425681,0.3344594594594595,2,,,,,,,,,1,1,1,0.7,1.0
21,64,9,0.01872332415682547,0.4267241379310345,5,,,,,,,,,1,1,1,0.7,1.0
21,65,12,0.031032488648889307,0.4520547945205479,5,,,,,,,,,1,1,1,0.7,1.0
21,66,6,0.0057761754226101384,0.38372093023255816,5,,,,,,,,,1,1,1,0.7,1.0
21,67,7,0.013160777951982968,0.42127659574468085,5,,,,,,,,,1,1,1,0.7,1.0
21,68,9,0.017227215239394276,0.4248927038626609,5,,,,,,,,,1,1,1,0.7,1.0
21,69,10,0.025227933667602773,0.4177215189873418,5,,,,,,,,,1,1,1,0.7,1.0
21,70,8,0.01387620475838911,0.4267241379310345,5,,,,,,,,,1,1,1,0.7,1.0
21,71,9,0.016185486162689472,0.41596638655462187,5,,,,,,,,,1,1,1,0.7,1.0
21,72,9,0.015273779864619004,0.43043478260869567,5,,,,,,,,,1,1,1,0.7,1.0
21,73,5,0.004078652941379849,0.375,5,,,,,,,,,1,1,1,0.7,1.0
21,74,9,0.018681489814624395,0.4125,5,,,,,,,,,1,1,1,0.7,1.0
21,75,9,0.0171208681049252,0.43231441048034935,5,,,,,,,,,1,1,1,0.7,1.0
21,76,9,0.014075601128570363,0.42127659574468085,5,,,,,,,,,1,1,1,0.7,1.0
21,77,10,0.01743825099569623,0.44,5,,,,,,,,,1,1,1,0.7,1.0
21,78,5,0.0038024049630668573,0.38976377952755903,5,,,,,,,,,1,1,1,0.7,1.0
21,79,6,0.003933385627379168,0.396,5,,,,,,,,,1,1,1,0.7,1.0
21,80,6,0.009540177285457217,0.38976377952755903,5,,,,,,,,,1,1,1,0.7,1.0
21,81,4,0.003878362412685233,0.3535714285714286,3,,,,,,,,,1,1,1,0.7,1.0
21,82,6,0.006102204291129582,0.3793103448275862,5,,,,,,,,,1,1,1,0.7,1.0
21,83,9,0.020811545403340872,0.4230769230769231,5,,,,,,,,,1,1,1,0.7,1.0
21,84,7,0.012843574800630352,0.38823529411764707,5,,,,,,,,,1,1,1,0.7,1.0
21,85,11,0.02311943072088779,0.43612334801762115,5,,,,,,,,,1,1,1,0.7,1.0
21,86,9,0.02249266760837428,0.4230769230769231,5,,,,,,,,,1,1,1,0.7,1.0
21,87,9,0.01288331850351868,0.4248927038626609,5,,,,,,,,,1,1,1,0.7,1.0
21,88,7,0.009293753449501873,0.4090909090909091,5,,,,,,,,,1,1,1,0.7,1.0
21,89,7,0.007638586484533018,0.4074074074074074,5,,,,,,,,,1,1,1,0.7,1.0
21,90,10,0.023171127747701463,0.43231441048034935,5,,,,,,,,,1,1,1,0.7,1.0
21,91,10,0.02595944987752483,0.4439461883408072,5,,,,,,,,,1,1,1,0.7,1.0
21,92,7,0.008537605041661208,0.4008097165991903,5,,,,,,,,,1,1,1,0.7,1.0
21,93,10,0.02616016778149733,0.4479638009049774,5,,,,,,,,,1,1,1,0.7,1.0
21,94,4,0.002824004922169769,0.36,4,,,,,,,,,1,1,1,0.7,1.0
21,95,6,0.0073059396014398675,0.4057377049180328,5,,,,,,,,,1,1,1,0.7,1.0
21,96,6,0.008292640749202327,0.391304347826087,5,,,,,,,,,1,1,1,0.7,1.0
21,97,7,0.012769970808459086,0.4090909090909091,5,,,,,,,,,1,1,1,0.7,1.0
21,98,9,0.016231205942319603,0.4267241379310345,5,,,,,,,,,1,1,1,0.7,1.0
21,99,10,0.02365500758389639,0.4177215189873418,5,,,,,,,,,1,1,1,0.7,1.0
22,0,12,0.027870177639501746,0.4439461883408072,5,,,,,,,,,1,1,1,0.7,1.0
22,1,6,0.008284928002406858,0.39759036144578314,5,,,,,,,,,1,1,1,0.7,1.0
22,2,6,0.007862988956379923,0.3944223107569721,5,,,,,,,,,1,1,1,0.7,1.0
22,3,7,0.009060616819988506,0.4125,5,,,,,,,,,1,1,1,0.7,1.0
22,4,7,0.011546566243780348,0.38372093023255816,5,,,,,,,,,1,1,1,0.7,1.0
22,5,6,0.007353821423085494,0.38823529411764707,5,,,,,,,,,1,1,1,0.7,1.0
22,6,8,0.016582929083409786,0.4024390243902439,5,,,,,,,,,1,1,1,0.7,1.0
22,7,7,0.01482499303979092,0.4090909090909091,5,,,,,,,,,1,1,1,0.7,1.0
22,8,5,0.004648371147546576,0.38671875,5,,,,,,,,,1,1,1,0.7,1.0
22,9,8,0.01083664390532592,0.4125,5,,,,,,,,,1,1,1,0.7,1.0
22,10,4,0.0030267081689468824,0.375,4,,,,,,,,,1,1,1,0.7,1.0
22,11,3,0.001798234955708471,0.3378839590443686,3,,,,,,,,,1,1,1,0.7,1.0
22,12,12,0.03246531234079403,0.4714285714285714,5,,,,,,,,,1,1,1,0.7,1.0
22,13,7,0.009413152607664656,0.3944223107569721,5,,,,,,,,,1,1,1,0.7,1.0
22,14,10,0.02034681887297241,0.43612334801762115,5,,,,,,,,,1,1,1,0.7,1.0
22,15,9,0.022967970997341273,0.4125,5,,,,,,,,,1,1,1,0.7,1.0
22,16,3,0.0008141163676104925,0.3473684210526316,3,,,,,,,,,1,1,1,0.7,1.0
22,17,9,0.013710214410568368,0.4125,5,,,,,,,,,1,1,1,0.7,1.0
22,18,12,0.029269697836801636,0.4669811320754717,5,,,,,,,,,1,1,1,0.7,1.0
22,19,10,0.0202537925463073,0.4419642857142857,5,,,,,,,,,1,1,1,0.7,1.0
22,20,3,0.0021808142692860207,0.339041095890411,3,,,,,,,,,1,1,1,0.7,1.0
22,21,6,0.007542316400121865,0.39919354838709675,5,,,,,,,,,1,1,1,0.7,1.0
22,22,10,0.029376023808859605,0.43043478260869567,5,,,,,,,,,1,1,1,0.7,1.0
22,23,9,0.01864473712174515,0.4267241379310345,5,,,,,,,,,1,1,1,0.7,1.0
22,24,2,0.0,0.32038834951456313,2,,,,,,,,,1,1,1,0.7,1.0
22,25,5,0.0062320001243736595,0.38076923076923075,5,,,,,,,,,1,1,1,0.7,1.0
22,26,3,0.0011672780323125835,0.36,3,,,,,,,,,1,1,1,0.7,1.0
22,27,14,0.04032081334260075,0.4782608695652174,5,,,,,,,,,1,1,1,0.7,1.0
22,28,11,0.025196041378104415,0.4479638009049774,5,,,,,,,,,1,1,1,0.7,1.0
22,29,6,0.007148901888439518,0.391304347826087,5,,,,,,,,,1,1,1,0.7,1.0
22,30,6,0.007893523509131792,0.38671875,5,,,,,,,,,1,1,1,0.7,1.0
22,31,8,0.016685872476458252,0.4008097165991903,5,,,,,,,,,1,1,1,0.7,1.0
22,32,15,0.042175075381476565,0.47368421052631576,5,,,,,,,,,1,1,1,0.7,1.0
22,33,9,0.02012775183331944,0.4230769230769231,5,,,,,,,,,1,1,1,0.7,1.0
22,34,9,0.01841082522871394,0.4248927038626609,5,,,,,,,,,1,1,1,0.7,1.0
22,35,9,0.022128555021271912,0.42127659574468085,5,,,,,,,,,1,1,1,0.7,1.0
22,36,6,0.009052232439077976,0.4008097165991903,5,,,,,,,,,1,1,1,0.7,1.0
22,37,10,0.022884808637103175,0.4439461883408072,5,,,,,,,,,1,1,1,0.7,1.0
22,38,3,0.0011621659124968892,0.33559322033898303,3,,,,,,,,,1,1,1,0.7,1.0
22,39,7,0.009374462711473703,0.4125,5,,,,,,,,,1,1,1,0.7,1.0
22,40,7,0.010041046143858966,0.41422594142259417,5,,,,,,,,,1,1,1,0.7,1.0
22,41,8,0.01644273385424969,0.42127659574468085,5,,,,,,,,,1,1,1,0.7,1.0
22,42,7,0.008107386616062813,0.40408163265306124,5,,,,,,,,,1,1,1,0.7,1.0
22,43,8,0.014842540020111665,0.43805309734513276,5,,,,,,,,,1,1,1,0.7,1.0
22,44,9,0.019506962294465077,0.4194915254237288,5,,,,,,,,,1,1,1,0.7,1.0
22,45,8,0.015499166069116324,0.4090909090909091,5,,,,,,,,,1,1,1,0.7,1.0
22,46,7,0.009132084094994313,0.4107883817427386,5,,,,,,,,,1,1,1,0.7,1.0
22,47,8,0.01588333884215923,0.4008097165991903,5,,,,,,,,,1,1,1,0.7,1.0
22,48,8,0.013057353661506293,0.4194915254237288,5,,,,,,,,,1,1,1,0.7,1.0
22,49,10,0.022998126649215727,0.4342105263157895,5,,,,,,,,,1,1,1,0.7,1.0
22,50,10,0.0308143346441008,0.43805309734513276,5,,,,,,,,,1,1,1,0.7,1.0
22,51,14,0.03914697687093884,0.4714285714285714,5,,,,,,,,,1,1,1,0.7,1.0
22,52,5,0.008107289253582214,0.376425855513308,5,,,,,,,,,1,1,1,0.7,1.0
22,53,8,0.011537483487035103,0.4177215189873418,5,,,,,,,,,1,1,1,0.7,1.0
22,54,4,0.003793024144388423,0.3626373626373626,3,,,,,,,,,1,1,1,0.7,1.0
22,55,10,0.023237659776797134,0.4541284403669725,5,,,,,,,,,1,1,1,0.7,1.0
22,56,5,0.005797905192208366,0.37358490566037733,5,,,,,,,,,1,1,1,0.7,1.0
22,57,8,0.016349603863737225,0.4090909090909091,5,,,,,,,,,1,1,1,0.7,1.0
22,58,9,0.019899514796318962,0.4194915254237288,5,,,,,,,,,1,1,1,0.7,1.0
22,59,10,0.022085707361162835,0.4342105263157895,5,,,,,,,,,1,1,1,0.7,1.0
22,60,11,0.019807911567924382,0.43612334801762115,5,,,,,,,,,1,1,1,0.7,1.0
22,61,8,0.010424008924552612,0.4057377049180328,5,,,,,,,,,1,1,1,0.7,1.0
22,62,12,0.025946448104021823,0.45622119815668205,5,,,,,,,,,1,1,1,0.7,1.0
22,63,2,0.0005614126362425681,0.3344594594594595,2,,,,,,,,,1,1,1,0.7,1.0
22,64,9,0.01872332415682547,0.4267241379310345,5,,,,,,,,,1,1,1,0.7,1.0
22,65,12,0.031032488648889307,0.4520547945205479,5,,,,,,,,,1,1,1,0.7,1.0
22,66,6,0.0057761754226101384,0.38372093023255816,5,,,,,,,,,1,1,1,0.7,1.0
22,67,7,0.013160777951982968,0.42127659574468085,5,,,,,,,,,1,1,1,0.7,1.0
22,68,9,0.017227215239394276,0.4248927038626609,5,,,,,,,,,1,1,1,0.7,1.0
22,69,10,0.025227933667602773,0.4177215189873418,5,,,,,,,,,1,1,1,0.7,1.0
22,70,8,0.01387620475838911,0.4267241379310345,5,,,,,,,,,1,1,1,0.7,1.0
22,71,9,0.016185486162689472,0.41596638655462187,5,,,,,,,,,1,1,1,0.7,1.0
22,72,9,0.015273779864619004,0.43043478260869567,5,,,,,,,,,1,1,1,0.7,1.0
22,73,5,0.004078652941379849,0.375,5,,,,,,,,,1,1,1,0.7,1.0
22,74,9,0.018681489814624395,0.4125,5,,,,,,,,,1,1,1,0.7,1.0
22,75,9,0.0171208681049252,0.43231441048034935,5,,,,,,,,,1,1,1,0.7,1.0
22,76,9,0.014075601128570363,0.42127659574468085,5,,,,,,,,,1,1,1,0.7,1.0
22,77,10,0.01743825099569623,0.44,5,,,,,,,,,1,1,1,0.7,1.0
22,78,5,0.0038024049630668573,0.38976377952755903,5,,,,,,,,,1,1,1,0.7,1.0
22,79,6,0.003933385627379168,0.396,5,,,,,,,,,1,1,1,0.7,1.0
22,80,6,0.009540177285457217,0.38976377952755903,5,,,,,,,,,1,1,1,0.7,1.0
22,81,4,0.003878362412685233,0.3535714285714286,3,,,,,,,,,1,1,1,0.7,1.0
22,82,6,0.006102204291129582,0.3793103448275862,5,,,,,,,,,1,1,1,0.7,1.0
22,83,9,0.020811545403340872,0.4230769230769231,5,,,,,,,,,1,1,1,0.7,1.0
22,84,7,0.012843574800630352,0.38823529411764707,5,,,,,,,,,1,1,1,0.7,1.0
22,85,11,0.02311943072088779,0.43612334801762115,5,,,,,,,,,1,1,1,0.7,1.0
22,86,9,0.02249266760837428,0.4230769230769231,5,,,,,,,,,1,1,1,0.7,1.0
22,87,9,0.01288331850351868,0.4248927038626609,5,,,,,,,,,1,1,1,0.7,1.0
22,88,7,0.009293753449501873,0.4090909090909091,5,,,,,,,,,1,1,1,0.7,1.0
22,89,7,0.007638586484533018,0.4074074074074074,5,,,,,,,,,1,1,1,0.7,1.0
22,90,10,0.023171127747701463,0.43231441048034935,5,,,,,,,,,1,1,1,0.7,1.0
22,91,10,0.02595944987752483,0.4439461883408072,5,,,,,,,,,1,1,1,0.7,1.0
22,92,7,0.008537605041661208,0.4008097165991903,5,,,,,,,,,1,1,1,0.7,1.0
22,93,10,0.02616016778149733,0.4479638009049774,5,,,,,,,,,1,1,1,0.7,1.0
22,94,4,0.002824004922169769,0.36,4,,,,,,,,,1,1,1,0.7,1.0
22,95,6,0.0073059396014398675,0.4057377049180328,5,,,,,,,,,1,1,1,0.7,1.0
22,96,6,0.008292640749202327,0.391304347826087,5,,,,,,,,,1,1,1,0.7,1.0
22,97,7,0.012769970808459086,0.4090909090909091,5,,,,,,,,,1,1,1,0.7,1.0
22,98,9,0.016231205942319603,0.4267241379310345,5,,,,,,,,,1,1,1,0.7,1.0
22,99,10,0.02365500758389639,0.4177215189873418,5,,,,,,,,,1,1,1,0.7,1.0
23,0,12,0.027870177639501746,0.4439461883408072,5,,,,,,,,,1,1,1,0.7,1.0
23,1,6,0.008284928002406858,0.39759036144578314,5,,,,,,,,,1,1,1,0.7,1.0
23,2,6,0.007862988956379923,0.3944223107569721,5,,,,,,,,,1,1,1,0.7,1.0
23,3,7,0.009060616819988506,0.4125,5,,,,,,,,,1,1,1,0.7,1.0
23,4,7,0.011546566243780348,0.38372093023255816,5,,,,,,,,,1,1,1,0.7,1.0
23,5,6,0.007353821423085494,0.38823529411764707,5,,,,,,,,,1,1,1,0.7,1.0
23,6,8,0.016582929083409786,0.4024390243902439,5,,,,,,,,,1,1,1,0.7,1.0
23,7,7,0.01482499303979092,0.4090909090909091,5,,,,,,,,,1,1,1,0.7,1.0
23,8,5,0.004648371147546576,0.38671875,5,,,,,,,,,1,1,1,0.7,1.0
23,9,8,0.01083664390532592,0.4125,5,,,,,,,,,1,1,1,0.7,1.0
23,10,4,0.0030267081689468824,0.375,4,,,,,,,,,1,1,1,0.7,1.0
23,11,3,0.001798234955708471,0.3378839590443686,3,,,,,,,,,1,1,1,0.7,1.0
23,12,12,0.03246531234079403,0.4714285714285714,5,,,,,,,,,1,1,1,0.7,1.0
23,13,7,0.009413152607664656,0.3944223107569721,5,,,,,,,,,1,1,1,0.7,1.0
23,14,10,0.02034681887297241,0.43612334801762115,5,,,,,,,,,1,1,1,0.7,1.0
23,15,9,0.022967970997341273,0.4125,5,,,,,,,,,1,1,1,0.7,1.0
23,16,3,0.0008141163676104925,0.3473684210526316,3,,,,,,,,,1,1,1,0.7,1.0
23,17,9,0.013710214410568368,0.4125,5,,,,,,,,,1,1,1,0.7,1.0
23,18,12,0.029269697836801636,0.4669811320754717,5,,,,,,,,,1,1,1,0.7,1.0
23,19,10,0.0202537925463073,0.4419642857142857,5,,,,,,,,,1,1,1,0.7,1.0
23,20,3,0.0021808142692860207,0.339041095890411,3,,,,,,,,,1,1,1,0.7,1.0
23,21,6,0.007542316400121865,0.39919354838709675,5,,,,,,,,,1,1,1,0.7,1.0
23,22,10,0.029376023808859605,0.43043478260869567,5,,,,,,,,,1,1,1,0.7,1.0
23,23,9,0.01864473712174515,0.4267241379310345,5,,,,,,,,,1,1,1,0.7,1.0
23,24,2,0.0,0.32038834951456313,2,,,,,,,,,1,1,1,0.7,1.0
23,25,5,0.0062320001243736595,0.38076923076923075,5,,,,,,,,,1,1,1,0.7,1.0
23,26,3,0.0011672780323125835,0.36,3,,,,,,,,,1,1,1,0.7,1.0
23,27,14,0.04032081334260075,0.4782608695652174,5,,,,,,,,,1,1,1,0.7,1.0
23,28,11,0.025196041378104415,0.4479638009049774,5,,,,,,,,,1,1,1,0.7,1.0
23,29,6,0.007148901888439518,0.391304347826087,5,,,,,,,,,1,1,1,0.7,1.0
23,30,6,0.007893523509131792,0.38671875,5,,,,,,,,,1,1,1,0.7,1.0
23,31,8,0.016685872476458252,0.4008097165991903,5,,,,,,,,,1,1,1,0.7,1.0
23,32,15,0.042175075381476565,0.47368421052631576,5,,,,,,,,,1,1,1,0.7,1.0
23,33,9,0.02012775183331944,0.4230769230769231,5,,,,,,,,,1,1,1,0.7,1.0
23,34,9,0.01841082522871394,0.4248927038626609,5,,,,,,,,,1,1,1,0.7,1.0
23,35,9,0.022128555021271912,0.42127659574468085,5,,,,,,,,,1,1,1,0.7,1.0
23,36,6,0.009052232439077976,0.4008097165991903,5,,,,,,,,,1,1,1,0.7,1.0
23,37,10,0.022884808637103175,0.4439461883408072,5,,,,,,,,,1,1,1,0.7,1.0
23,38,3,0.0011621659124968892,0.33559322033898303,3,,,,,,,,,1,1,1,0.7,1.0
23,39,7,0.009374462711473703,0.4125,5,,,,,,,,,1,1,1,0.7,1.0
23,40,7,0.010041046143858966,0.41422594142259417,5,,,,,,,,,1,1,1,0.7,1.0
23,41,8,0.01644273385424969,0.42127659574468085,5,,,,,,,,,1,1,1,0.7,1.0
23,42,7,0.008107386616062813,0.40408163265306124,5,,,,,,,,,1,1,1,0.7,1.0
23,43,8,0.014842540020111665,0.43805309734513276,5,,,,,,,,,1,1,1,0.7,1.0
23,44,9,0.019506962294465077,0.4194915254237288,5,,,,,,,,,1,1,1,0.7,1.0
23,45,8,0.015499166069116324,0.4090909090909091,5,,,,,,,,,1,1,1,0.7,1.0
23,46,7,0.009132084094994313,0.4107883817427386,5,,,,,,,,,1,1,1,0.7,1.0
23,47,8,0.01588333884215923,0.4008097165991903,5,,,,,,,,,1,1,1,0.7,1.0
23,48,8,0.013057353661506293,0.4194915254237288,5,,,,,,,,,1,1,1,0.7,1.0
23,49,10,0.022998126649215727,0.4342105263157895,5,,,,,,,,,1,1,1,0.7,1.0
23,50,10,0.0308143346441008,0.43805309734513276,5,,,,,,,,,1,1,1,0.7,1.0
23,51,14,0.03914697687093884,0.4714285714285714,5,,,,,,,,,1,1,1,0.7,1.0
23,52,5,0.008107289253582214,0.376425855513308,5,,,,,,,,,1,1,1,0.7,1.0
23,53,8,0.011537483487035103,0.4177215189873418,5,,,,,,,,,1,1,1,0.7,1.0
23,54,4,0.003793024144388423,0.3626373626373626,3,,,,,,,,,1,1,1,0.7,1.0
23,55,10,0.023237659776797134,0.4541284403669725,5,,,,,,,,,1,1,1,0.7,1.0
23,56,5,0.005797905192208366,0.37358490566037733,5,,,,,,,,,1,1,1,0.7,1.0
23,57,8,0.016349603863737225,0.4090909090909091,5,,,,,,,,,1,1,1,0.7,1.0
23,58,9,0.019899514796318962,0.4194915254237288,5,,,,,,,,,1,1,1,0.7,1.0
23,59,10,0.022085707361162835,0.4342105263157895,5,,,,,,,,,1,1,1,0.7,1.0
23,60,11,0.019807911567924382,0.43612334801762115,5,,,,,,,,,1,1,1,0.7,1.0
23,61,8,0.010424008924552612,0.4057377049180328,5,,,,,,,,,1,1,1,0.7,1.0
23,62,12,0.025946448104021823,0.45622119815668205,5,,,,,,,,,1,1,1,0.7,1.0
23,63,2,0.0005614126362425681,0.3344594594594595,2,,,,,,,,,1,1,1,0.7,1.0
23,64,9,0.01872332415682547,0.4267241379310345,5,,,,,,,,,1,1,1,0.7,1.0
23,65,12,0.031032488648889307,0.4520547945205479,5,,,,,,,,,1,1,1,0.7,1.0
23,66,6,0.0057761754226101384,0.38372093023255816,5,,,,,,,,,1,1,1,0.7,1.0
23,67,7,0.013160777951982968,0.42127659574468085,5,,,,,,,,,1,1,1,0.7,1.0
23,68,9,0.017227215239394276,0.4248927038626609,5,,,,,,,,,1,1,1,0.7,1.0
23,69,10,0.025227933667602773,0.4177215189873418,5,,,,,,,,,1,1,1,0.7,1.0
23,70,8,0.01387620475838911,0.4267241379310345,5,,,,,,,,,1,1,1,0.7,1.0
23,71,9,0.016185486162689472,0.41596638655462187,5,,,,,,,,,1,1,1,0.7,1.0
23,72,9,0.015273779864619004,0.43043478260869567,5,,,,,,,,,1,1,1,0.7,1.0
23,73,5,0.004078652941379849,0.375,5,,,,,,,,,1,1,1,0.7,1.0
23,74,9,0.018681489814624395,0.4125,5,,,,,,,,,1,1,1,0.7,1.0
23,75,9,0.0171208681049252,0.43231441048034935,5,,,,,,,,,1,1,1,0.7,1.0
23,76,9,0.014075601128570363,0.42127659574468085,5,,,,,,,,,1,1,1,0.7,1.0
23,77,10,0.01743825099569623,0.44,5,,,,,,,,,1,1,1,0.7,1.0
23,78,5,0.0038024049630668573,0.38976377952755903,5,,,,,,,,,1,1,1,0.7,1.0
23,79,6,0.003933385627379168,0.396,5,,,,,,,,,1,1,1,0.7,1.0
23,80,6,0.009540177285457217,0.38976377952755903,5,,,,,,,,,1,1,1,0.7,1.0
23,81,4,0.003878362412685233,0.3535714285714286,3,,,,,,,,,1,1,1,0.7,1.0
23,82,6,0.006102204291129582,0.3793103448275862,5,,,,,,,,,1,1,1,0.7,1.0
23,83,9,0.020811545403340872,0.4230769230769231,5,,,,,,,,,1,1,1,0.7,1.0
23,84,7,0.012843574800630352,0.38823529411764707,5,,,,,,,,,1,1,1,0.7,1.0
23,85,11,0.02311943072088779,0.43612334801762115,5,,,,,,,,,1,1,1,0.7,1.0
23,86,9,0.02249266760837428,0.4230769230769231,5,,,,,,,,,1,1,1,0.7,1.0
23,87,9,0.01288331850351868,0.4248927038626609,5,,,,,,,,,1,1,1,0.7,1.0
23,88,7,0.009293753449501873,0.4090909090909091,5,,,,,,,,,1,1,1,0.7,1.0
23,89,7,0.007638586484533018,0.4074074074074074,5,,,,,,,,,1,1,1,0.7,1.0
23,90,10,0.023171127747701463,0.43231441048034935,5,,,,,,,,,1,1,1,0.7,1.0
23,91,10,0.02595944987752483,0.4439461883408072,5,,,,,,,,,1,1,1,0.7,1.0
23,92,7,0.008537605041661208,0.4008097165991903,5,,,,,,,,,1,1,1,0.7,1.0
23,93,10,0.02616016778149733,0.4479638009049774,5,,,,,,,,,1,1,1,0.7,1.0
23,94,4,0.002824004922169769,0.36,4,,,,,,,,,1,1,1,0.7,1.0
23,95,6,0.0073059396014398675,0.4057377049180328,5,,,,,,,,,1,1,1,0.7,1.0
23,96,6,0.008292640749202327,0.391304347826087,5,,,,,,,,,1,1,1,0.7,1.0
23,97,7,0.012769970808459086,0.4090909090909091,5,,,,,,,,,1,1,1,0.7,1.0
23,98,9,0.016231205942319603,0.4267241379310345,5,,,,,,,,,1,1,1,0.7,1.0
23,99,10,0.02365500758389639,0.4177215189873418,5,,,,,,,,,1,1,1,0.7,1.0
24,0,12,0.027870177639501746,0.4439461883408072,5,,,,,,,,,1,1,1,0.7,1.0
24,1,6,0.008284928002406858,0.39759036144578314,5,,,,,,,,,1,1,1,0.7,1.0
24,2,6,0.007862988956379923,0.3944223107569721,5,,,,,,,,,1,1,1,0.7,1.0
24,3,7,0.009060616819988506,0.4125,5,,,,,,,,,1,1,1,0.7,1.0
24,4,7,0.011546566243780348,0.38372093023255816,5,,,,,,,,,1,1,1,0.7,1.0
24,5,6,0.007353821423085494,0.38823529411764707,5,,,,,,,,,1,1,1,0.7,1.0
24,6,8,0.016582929083409786,0.4024390243902439,5,,,,,,,,,1,1,1,0.7,1.0
24,7,7,0.01482499303979092,0.4090909090909091,5,,,,,,,,,1,1,1,0.7,1.0
24,8,5,0.004648371147546576,0.38671875,5,,,,,,,,,1,1,1,0.7,1.0
24,9,8,0.01083664390532592,0.4125,5,,,,,,,,,1,1,1,0.7,1.0
24,10,4,0.0030267081689468824,0.375,4,,,,,,,,,1,1,1,0.7,1.0
24,11,3,0.001798234955708471,0.3378839590443686,3,,,,,,,,,1,1,1,0.7,1.0
24,12,12,0.03246531234079403,0.4714285714285714,5,,,,,,,,,1,1,1,0.7,1.0
24,13,7,0.009413152607664656,0.3944223107569721,5,,,,,,,,,1,1,1,0.7,1.0
24,14,10,0.02034681887297241,0.43612334801762115,5,,,,,,,,,1,1,1,0.7,1.0
24,15,9,0.022967970997341273,0.4125,5,,,,,,,,,1,1,1,0.7,1.0
24,16,3,0.0008141163676104925,0.3473684210526316,3,,,,,,,,,1,1,1,0.7,1.0
24,17,9,0.013710214410568368,0.4125,5,,,,,,,,,1,1,1,0.7,1.0
24,18,12,0.029269697836801636,0.4669811320754717,5,,,,,,,,,1,1,1,0.7,1.0
24,19,10,0.0202537925463073,0.4419642857142857,5,,,,,,,,,1,1,1,0.7,1.0
24,20,3,0.0021808142692860207,0.339041095890411,3,,,,,,,,,1,1,1,0.7,1.0
24,21,6,0.007542316400121865,0.39919354838709675,5,,,,,,,,,1,1,1,0.7,1.0
24,22,10,0.029376023808859605,0.43043478260869567,5,,,,,,,,,1,1,1,0.7,1.0
24,23,9,0.01864473712174515,0.4267241379310345,5,,,,,,,,,1,1,1,0.7,1.0
24,24,2,0.0,0.32038834951456313,2,,,,,,,,,1,1,1,0.7,1.0
24,25,5,0.0062320001243736595,0.38076923076923075,5,,,,,,,,,1,1,1,0.7,1.0
24,26,3,0.0011672780323125835,0.36,3,,,,,,,,,1,1,1,0.7,1.0
24,27,14,0.04032081334260075,0.4782608695652174,5,,,,,,,,,1,1,1,0.7,1.0
24,28,11,0.025196041378104415,0.4479638009049774,5,,,,,,,,,1,1,1,0.7,1.0
24,29,6,0.007148901888439518,0.391304347826087,5,,,,,,,,,1,1,1,0.7,1.0
24,30,6,0.007893523509131792,0.38671875,5,,,,,,,,,1,1,1,0.7,1.0
24,31,8,0.016685872476458252,0.4008097165991903,5,,,,,,,,,1,1,1,0.7,1.0
24,32,15,0.042175075381476565,0.47368421052631576,5,,,,,,,,,1,1,1,0.7,1.0
24,33,9,0.02012775183331944,0.4230769230769231,5,,,,,,,,,1,1,1,0.7,1.0
24,34,9,0.01841082522871394,0.4248927038626609,5,,,,,,,,,1,1,1,0.7,1.0
24,35,9,0.022128555021271912,0.42127659574468085,5,,,,,,,,,1,1,1,0.7,1.0
24,36,6,0.009052232439077976,0.4008097165991903,5,,,,,,,,,1,1,1,0.7,1.0
24,37,10,0.022884808637103175,0.4439461883408072,5,,,,,,,,,1,1,1,0.7,1.0
24,38,3,0.0011621659124968892,0.33559322033898303,3,,,,,,,,,1,1,1,0.7,1.0
24,39,7,0.009374462711473703,0.4125,5,,,,,,,,,1,1,1,0.7,1.0
24,40,7,0.010041046143858966,0.41422594142259417,5,,,,,,,,,1,1,1,0.7,1.0
24,41,8,0.01644273385424969,0.42127659574468085,5,,,,,,,,,1,1,1,0.7,1.0
24,42,7,0.008107386616062813,0.40408163265306124,5,,,,,,,,,1,1,1,0.7,1.0
24,43,8,0.014842540020111665,0.43805309734513276,5,,,,,,,,,1,1,1,0.7,1.0
24,44,9,0.019506962294465077,0.4194915254237288,5,,,,,,,,,1,1,1,0.7,1.0
24,45,8,0.015499166069116324,0.4090909090909091,5,,,,,,,,,1,1,1,0.7,1.0
24,46,7,0.009132084094994313,0.4107883817427386,5,,,,,,,,,1,1,1,0.7,1.0
24,47,8,0.01588333884215923,0.4008097165991903,5,,,,,,,,,1,1,1,0.7,1.0
24,48,8,0.013057353661506293,0.4194915254237288,5,,,,,,,,,1,1,1,0.7,1.0
24,49,10,0.022998126649215727,0.4342105263157895,5,,,,,,,,,1,1,1,0.7,1.0
24,50,10,0.0308143346441008,0.43805309734513276,5,,,,,,,,,1,1,1,0.7,1.0
24,51,14,0.03914697687093884,0.4714285714285714,5,,,,,,,,,1,1,1,0.7,1.0
24,52,5,0.008107289253582214,0.376425855513308,5,,,,,,,,,1,1,1,0.7,1.0
24,53,8,0.011537483487035103,0.4177215189873418,5,,,,,,,,,1,1,1,0.7,1.0
24,54,4,0.003793024144388423,0.3626373626373626,3,,,,,,,,,1,1,1,0.7,1.0
24,55,10,0.023237659776797134,0.4541284403669725,5,,,,,,,,,1,1,1,0.7,1.0
24,56,5,0.005797905192208366,0.37358490566037733,5,,,,,,,,,1,1,1,0.7,1.0
24,57,8,0.016349603863737225,0.4090909090909091,5,,,,,,,,,1,1,1,0.7,1.0
24,58,9,0.019899514796318962,0.4194915254237288,5,,,,,,,,,1,1,1,0.7,1.0
24,59,10,0.022085707361162835,0.4342105263157895,5,,,,,,,,,1,1,1,0.7,1.0
24,60,11,0.019807911567924382,0.43612334801762115,5,,,,,,,,,1,1,1,0.7,1.0
24,61,8,0.010424008924552612,0.4057377049180328,5,,,,,,,,,1,1,1,0.7,1.0
24,62,12,0.025946448104021823,0.45622119815668205,5,,,,,,,,,1,1,1,0.7,1.0
24,63,2,0.0005614126362425681,0.3344594594594595,2,,,,,,,,,1,1,1,0.7,1.0
24,64,9,0.01872332415682547,0.4267241379310345,5,,,,,,,,,1,1,1,0.7,1.0
24,65,12,0.031032488648889307,0.4520547945205479,5,,,,,,,,,1,1,1,0.7,1.0
24,66,6,0.0057761754226101384,0.38372093023255816,5,,,,,,,,,1,1,1,0.7,1.0
24,67,7,0.013160777951982968,0.42127659574468085,5,,,,,,,,,1,1,1,0.7,1.0
24,68,9,0.017227215239394276,0.4248927038626609,5,,,,,,,,,1,1,1,0.7,1.0
24,69,10,0.025227933667602773,0.4177215189873418,5,,,,,,,,,1,1,1,0.7,1.0
24,70,8,0.01387620475838911,0.4267241379310345,5,,,,,,,,,1,1,1,0.7,1.0
24,71,9,0.016185486162689472,0.41596638655462187,5,,,,,,,,,1,1,1,0.7,1.0
24,72,9,0.015273779864619004,0.43043478260869567,5,,,,,,,,,1,1,1,0.7,1.0
24,73,5,0.004078652941379849,0.375,5,,,,,,,,,1,1,1,0.7,1.0
24,74,9,0.018681489814624395,0.4125,5,,,,,,,,,1,1,1,0.7,1.0
24,75,9,0.0171208681049252,0.43231441048034935,5,,,,,,,,,1,1,1,0.7,1.0
24,76,9,0.014075601128570363,0.42127659574468085,5,,,,,,,,,1,1,1,0.7,1.0
24,77,10,0.01743825099569623,0.44,5,,,,,,,,,1,1,1,0.7,1.0
24,78,5,0.0038024049630668573,0.38976377952755903,5,,,,,,,,,1,1,1,0.7,1.0
24,79,6,0.003933385627379168,0.396,5,,,,,,,,,1,1,1,0.7,1.0
24,80,6,0.009540177285457217,0.38976377952755903,5,,,,,,,,,1,1,1,0.7,1.0
24,81,4,0.003878362412685233,0.3535714285714286,3,,,,,,,,,1,1,1,0.7,1.0
24,82,6,0.006102204291129582,0.3793103448275862,5,,,,,,,,,1,1,1,0.7,1.0
24,83,9,0.020811545403340872,0.4230769230769231,5,,,,,,,,,1,1,1,0.7,1.0
24,84,7,0.012843574800630352,0.38823529411764707,5,,,,,,,,,1,1,1,0.7,1.0
24,85,11,0.02311943072088779,0.43612334801762115,5,,,,,,,,,1,1,1,0.7,1.0
24,86,9,0.02249266760837428,0.4230769230769231,5,,,,,,,,,1,1,1,0.7,1.0
24,87,9,0.01288331850351868,0.4248927038626609,5,,,,,,,,,1,1,1,0.7,1.0
24,88,7,0.009293753449501873,0.4090909090909091,5,,,,,,,,,1,1,1,0.7,1.0
24,89,7,0.007638586484533018,0.4074074074074074,5,,,,,,,,,1,1,1,0.7,1.0
24,90,10,0.023171127747701463,0.43231441048034935,5,,,,,,,,,1,1,1,0.7,1.0
24,91,10,0.02595944987752483,0.4439461883408072,5,,,,,,,,,1,1,1,0.7,1.0
24,92,7,0.008537605041661208,0.4008097165991903,5,,,,,,,,,1,1,1,0.7,1.0
24,93,10,0.02616016778149733,0.4479638009049774,5,,,,,,,,,1,1,1,0.7,1.0
24,94,4,0.002824004922169769,0.36,4,,,,,,,,,1,1,1,0.7,1.0
24,95,6,0.0073059396014398675,0.4057377049180328,5,,,,,,,,,1,1,1,0.7,1.0
24,96,6,0.008292640749202327,0.391304347826087,5,,,,,,,,,1,1,1,0.7,1.0
24,97,7,0.012769970808459086,0.4090909090909091,5,,,,,,,,,1,1,1,0.7,1.0
24,98,9,0.016231205942319603,0.4267241379310345,5,,,,,,,,,1,1,1,0.7,1.0
24,99,10,0.02365500758389639,0.4177215189873418,5,,,,,,,,,1,1,1,0.7,1.0
25,0,12,0.027870177639501746,0.4439461883408072,5,,,,,,,,,1,1,1,0.7,1.0
25,1,6,0.008284928002406858,0.39759036144578314,5,,,,,,,,,1,1,1,0.7,1.0
25,2,6,0.007862988956379923,0.3944223107569721,5,,,,,,,,,1,1,1,0.7,1.0
25,3,7,0.009060616819988506,0.4125,5,,,,,,,,,1,1,1,0.7,1.0
25,4,7,0.011546566243780348,0.38372093023255816,5,,,,,,,,,1,1,1,0.7,1.0
25,5,6,0.007353821423085494,0.38823529411764707,5,,,,,,,,,1,1,1,0.7,1.0
25,6,8,0.016582929083409786,0.4024390243902439,5,,,,,,,,,1,1,1,0.7,1.0
25,7,7,0.01482499303979092,0.4090909090909091,5,,,,,,,,,1,1,1,0.7,1.0
25,8,5,0.004648371147546576,0.38671875,5,,,,,,,,,1,1,1,0.7,1.0
25,9,8,0.01083664390532592,0.4125,5,,,,,,,,,1,1,1,0.7,1.0
25,10,4,0.0030267081689468824,0.375,4,,,,,,,,,1,1,1,0.7,1.0
25,11,3,0.001798234955708471,0.3378839590443686,3,,,,,,,,,1,1,1,0.7,1.0
25,12,12,0.03246531234079403,0.4714285714285714,5,,,,,,,,,1,1,1,0.7,1.0
25,13,7,0.009413152607664656,0.3944223107569721,5,,,,,,,,,1,1,1,0.7,1.0
25,14,10,0.02034681887297241,0.43612334801762115,5,,,,,,,,,1,1,1,0.7,1.0
25,15,9,0.022967970997341273,0.4125,5,,,,,,,,,1,1,1,0.7,1.0
25,16,3,0.0008141163676104925,0.3473684210526316,3,,,,,,,,,1,1,1,0.7,1.0
25,17,9,0.013710214410568368,0.4125,5,,,,,,,,,1,1,1,0.7,1.0
25,18,12,0.029269697836801636,0.4669811320754717,5,,,,,,,,,1,1,1,0.7,1.0
25,19,10,0.0202537925463073,0.4419642857142857,5,,,,,,,,,1,1,1,0.7,1.0
25,20,3,0.0021808142692860207,0.339041095890411,3,,,,,,,,,1,1,1,0.7,1.0
25,21,6,0.007542316400121865,0.39919354838709675,5,,,,,,,,,1,1,1,0.7,1.0
25,22,10,0.029376023808859605,0.43043478260869567,5,,,,,,,,,1,1,1,0.7,1.0
25,23,9,0.01864473712174515,0.4267241379310345,5,,,,,,,,,1,1,1,0.7,1.0
25,24,2,0.0,0.32038834951456313,2,,,,,,,,,1,1,1,0.7,1.0
25,25,5,0.0062320001243736595,0.38076923076923075,5,,,,,,,,,1,1,1,0.7,1.0
25,26,3,0.0011672780323125835,0.36,3,,,,,,,,,1,1,1,0.7,1.0
25,27,14,0.04032081334260075,0.4782608695652174,5,,,,,,,,,1,1,1,0.7,1.0
25,28,11,0.025196041378104415,0.4479638009049774,5,,,,,,,,,1,1,1,0.7,1.0
25,29,6,0.007148901888439518,0.391304347826087,5,,,,,,,,,1,1,1,0.7,1.0
25,30,6,0.007893523509131792,0.38671875,5,,,,,,,,,1,1,1,0.7,1.0
25,31,8,0.016685872476458252,0.4008097165991903,5,,,,,,,,,1,1,1,0.7,1.0
25,32,15,0.042175075381476565,0.47368421052631576,5,,,,,,,,,1,1,1,0.7,1.0
25,33,9,0.02012775183331944,0.4230769230769231,5,,,,,,,,,1,1,1,0.7,1.0
25,34,9,0.01841082522871394,0.4248927038626609,5,,,,,,,,,1,1,1,0.7,1.0
25,35,9,0.022128555021271912,0.42127659574468085,5,,,,,,,,,1,1,1,0.7,1.0
25,36,6,0.009052232439077976,0.4008097165991903,5,,,,,,,,,1,1,1,0.7,1.0
25,37,10,0.022884808637103175,0.4439461883408072,5,,,,,,,,,1,1,1,0.7,1.0
25,38,3,0.0011621659124968892,0.33559322033898303,3,,,,,,,,,1,1,1,0.7,1.0
25,39,7,0.009374462711473703,0.4125,5,,,,,,,,,1,1,1,0.7,1.0
25,40,7,0.010041046143858966,0.41422594142259417,5,,,,,,,,,1,1,1,0.7,1.0
25,41,8,0.01644273385424969,0.42127659574468085,5,,,,,,,,,1,1,1,0.7,1.0
25,42,7,0.008107386616062813,0.40408163265306124,5,,,,,,,,,1,1,1,0.7,1.0
25,43,8,0.014842540020111665,0.43805309734513276,5,,,,,,,,,1,1,1,0.7,1.0
25,44,9,0.019506962294465077,0.4194915254237288,5,,,,,,,,,1,1,1,0.7,1.0
25,45,8,0.015499166069116324,0.4090909090909091,5,,,,,,,,,1,1,1,0.7,1.0
25,46,7,0.009132084094994313,0.4107883817427386,5,,,,,,,,,1,1,1,0.7,1.0
25,47,8,0.01588333884215923,0.4008097165991903,5,,,,,,,,,1,1,1,0.7,1.0
25,48,8,0.013057353661506293,0.4194915254237288,5,,,,,,,,,1,1,1,0.7,1.0
25,49,10,0.022998126649215727,0.4342105263157895,5,,,,,,,,,1,1,1,0.7,1.0
25,50,10,0.0308143346441008,0.43805309734513276,5,,,,,,,,,1,1,1,0.7,1.0
25,51,14,0.03914697687093884,0.4714285714285714,5,,,,,,,,,1,1,1,0.7,1.0
25,52,5,0.008107289253582214,0.376425855513308,5,,,,,,,,,1,1,1,0.7,1.0
25,53,8,0.011537483487035103,0.4177215189873418,5,,,,,,,,,1,1,1,0.7,1.0
25,54,4,0.003793024144388423,0.3626373626373626,3,,,,,,,,,1,1,1,0.7,1.0
25,55,10,0.023237659776797134,0.4541284403669725,5,,,,,,,,,1,1,1,0.7,1.0
25,56,5,0.005797905192208366,0.37358490566037733,5,,,,,,,,,1,1,1,0.7,1.0
25,57,8,0.016349603863737225,0.4090909090909091,5,,,,,,,,,1,1,1,0.7,1.0
25,58,9,0.019899514796318962,0.4194915254237288,5,,,,,,,,,1,1,1,0.7,1.0
25,59,10,0.022085707361162835,0.4342105263157895,5,,,,,,,,,1,1,1,0.7,1.0
25,60,11,0.019807911567924382,0.43612334801762115,5,,,,,,,,,1,1,1,0.7,1.0
25,61,8,0.010424008924552612,0.4057377049180328,5,,,,,,,,,1,1,1,0.7,1.0
25,62,12,0.025946448104021823,0.45622119815668205,5,,,,,,,,,1,1,1,0.7,1.0
25,63,2,0.0005614126362425681,0.3344594594594595,2,,,,,,,,,1,1,1,0.7,1.0
25,64,9,0.01872332415682547,0.4267241379310345,5,,,,,,,,,1,1,1,0.7,1.0
25,65,12,0.031032488648889307,0.4520547945205479,5,,,,,,,,,1,1,1,0.7,1.0
25,66,6,0.0057761754226101384,0.38372093023255816,5,,,,,,,,,1,1,1,0.7,1.0
25,67,7,0.013160777951982968,0.42127659574468085,5,,,,,,,,,1,1,1,0.7,1.0
25,68,9,0.017227215239394276,0.4248927038626609,5,,,,,,,,,1,1,1,0.7,1.0
25,69,10,0.025227933667602773,0.4177215189873418,5,,,,,,,,,1,1,1,0.7,1.0
25,70,8,0.01387620475838911,0.4267241379310345,5,,,,,,,,,1,1,1,0.7,1.0
25,71,9,0.016185486162689472,0.41596638655462187,5,,,,,,,,,1,1,1,0.7,1.0
25,72,9,0.015273779864619004,0.43043478260869567,5,,,,,,,,,1,1,1,0.7,1.0
25,73,5,0.004078652941379849,0.375,5,,,,,,,,,1,1,1,0.7,1.0
25,74,9,0.018681489814624395,0.4125,5,,,,,,,,,1,1,1,0.7,1.0
25,75,9,0.0171208681049252,0.43231441048034935,5,,,,,,,,,1,1,1,0.7,1.0
25,76,9,0.014075601128570363,0.42127659574468085,5,,,,,,,,,1,1,1,0.7,1.0
25,77,10,0.01743825099569623,0.44,5,,,,,,,,,1,1,1,0.7,1.0
25,78,5,0.0038024049630668573,0.38976377952755903,5,,,,,,,,,1,1,1,0.7,1.0
25,79,6,0.003933385627379168,0.396,5,,,,,,,,,1,1,1,0.7,1.0
25,80,6,0.009540177285457217,0.38976377952755903,5,,,,,,,,,1,1,1,0.7,1.0
25,81,4,0.003878362412685233,0.3535714285714286,3,,,,,,,,,1,1,1,0.7,1.0
25,82,6,0.006102204291129582,0.3793103448275862,5,,,,,,,,,1,1,1,0.7,1.0
25,83,9,0.020811545403340872,0.4230769230769231,5,,,,,,,,,1,1,1,0.7,1.0
25,84,7,0.012843574800630352,0.38823529411764707,5,,,,,,,,,1,1,1,0.7,1.0
25,85,11,0.02311943072088779,0.43612334801762115,5,,,,,,,,,1,1,1,0.7,1.0
25,86,9,0.02249266760837428,0.4230769230769231,5,,,,,,,,,1,1,1,0.7,1.0
25,87,9,0.01288331850351868,0.4248927038626609,5,,,,,,,,,1,1,1,0.7,1.0
25,88,7,0.009293753449501873,0.4090909090909091,5,,,,,,,,,1,1,1,0.7,1.0
25,89,7,0.007638586484533018,0.4074074074074074,5,,,,,,,,,1,1,1,0.7,1.0
25,90,10,0.023171127747701463,0.43231441048034935,5,,,,,,,,,1,1,1,0.7,1.0
25,91,10,0.02595944987752483,0.4439461883408072,5,,,,,,,,,1,1,1,0.7,1.0
25,92,7,0.008537605041661208,0.4008097165991903,5,,,,,,,,,1,1,1,0.7,1.0
25,93,10,0.02616016778149733,0.4479638009049774,5,,,,,,,,,1,1,1,0.7,1.0
25,94,4,0.002824004922169769,0.36,4,,,,,,,,,1,1,1,0.7,1.0
25,95,6,0.0073059396014398675,0.4057377049180328,5,,,,,,,,,1,1,1,0.7,1.0
25,96,6,0.008292640749202327,0.391304347826087,5,,,,,,,,,1,1,1,0.7,1.0
25,97,7,0.012769970808459086,0.4090909090909091,5,,,,,,,,,1,1,1,0.7,1.0
25,98,9,0.016231205942319603,0.4267241379310345,5,,,,,,,,,1,1,1,0.7,1.0
25,99,10,0.02365500758389639,0.4177215189873418,5,,,,,,,,,1,1,1,0.7,1.0
26,0,12,0.027870177639501746,0.4439461883408072,5,,,,,,,,,1,1,1,0.7,1.0
26,1,6,0.008284928002406858,0.39759036144578314,5,,,,,,,,,1,1,1,0.7,1.0
26,2,6,0.007862988956379923,0.3944223107569721,5,,,,,,,,,1,1,1,0.7,1.0
26,3,7,0.009060616819988506,0.4125,5,,,,,,,,,1,1,1,0.7,1.0
26,4,7,0.011546566243780348,0.38372093023255816,5,,,,,,,,,1,1,1,0.7,1.0
26,5,6,0.007353821423085494,0.38823529411764707,5,,,,,,,,,1,1,1,0.7,1.0
26,6,8,0.016582929083409786,0.4024390243902439,5,,,,,,,,,1,1,1,0.7,1.0
26,7,7,0.01482499303979092,0.4090909090909091,5,,,,,,,,,1,1,1,0.7,1.0
26,8,5,0.004648371147546576,0.38671875,5,,,,,,,,,1,1,1,0.7,1.0
26,9,8,0.01083664390532592,0.4125,5,,,,,,,,,1,1,1,0.7,1.0
26,10,4,0.0030267081689468824,0.375,4,,,,,,,,,1,1,1,0.7,1.0
26,11,3,0.001798234955708471,0.3378839590443686,3,,,,,,,,,1,1,1,0.7,1.0
26,12,12,0.03246531234079403,0.4714285714285714,5,,,,,,,,,1,1,1,0.7,1.0
26,13,7,0.009413152607664656,0.3944223107569721,5,,,,,,,,,1,1,1,0.7,1.0
26,14,10,0.02034681887297241,0.43612334801762115,5,,,,,,,,,1,1,1,0.7,1.0
26,15,9,0.022967970997341273,0.4125,5,,,,,,,,,1,1,1,0.7,1.0
26,16,3,0.0008141163676104925,0.3473684210526316,3,,,,,,,,,1,1,1,0.7,1.0
26,17,9,0.013710214410568368,0.4125,5,,,,,,,,,1,1,1,0.7,1.0
26,18,12,0.029269697836801636,0.4669811320754717,5,,,,,,,,,1,1,1,0.7,1.0
26,19,10,0.0202537925463073,0.4419642857142857,5,,,,,,,,,1,1,1,0.7,1.0
26,20,3,0.0021808142692860207,0.339041095890411,3,,,,,,,,,1,1,1,0.7,1.0
26,21,6,0.007542316400121865,0.39919354838709675,5,,,,,,,,,1,1,1,0.7,1.0
26,22,10,0.029376023808859605,0.43043478260869567,5,,,,,,,,,1,1,1,0.7,1.0
26,23,9,0.01864473712174515,0.4267241379310345,5,,,,,,,,,1,1,1,0.7,1.0
26,24,2,0.0,0.32038834951456313,2,,,,,,,,,1,1,1,0.7,1.0
26,25,5,0.0062320001243736595,0.38076923076923075,5,,,,,,,,,1,1,1,0.7,1.0
26,26,3,0.0011672780323125835,0.36,3,,,,,,,,,1,1,1,0.7,1.0
26,27,14,0.04032081334260075,0.4782608695652174,5,,,,,,,,,1,1,1,0.7,1.0
26,28,11,0.025196041378104415,0.4479638009049774,5,,,,,,,,,1,1,1,0.7,1.0
26,29,6,0.007148901888439518,0.391304347826087,5,,,,,,,,,1,1,1,0.7,1.0
26,30,6,0.007893523509131792,0.38671875,5,,,,,,,,,1,1,1,0.7,1.0
26,31,8,0.016685872476458252,0.4008097165991903,5,,,,,,,,,1,1,1,0.7,1.0
26,32,15,0.042175075381476565,0.47368421052631576,5,,,,,,,,,1,1,1,0.7,1.0
26,33,9,0.02012775183331944,0.4230769230769231,5,,,,,,,,,1,1,1,0.7,1.0
26,34,9,0.01841082522871394,0.4248927038626609,5,,,,,,,,,1,1,1,0.7,1.0
26,35,9,0.022128555021271912,0.42127659574468085,5,,,,,,,,,1,1,1,0.7,1.0
26,36,6,0.009052232439077976,0.4008097165991903,5,,,,,,,,,1,1,1,0.7,1.0
26,37,10,0.022884808637103175,0.4439461883408072,5,,,,,,,,,1,1,1,0.7,1.0
26,38,3,0.0011621659124968892,0.33559322033898303,3,,,,,,,,,1,1,1,0.7,1.0
26,39,7,0.009374462711473703,0.4125,5,,,,,,,,,1,1,1,0.7,1.0
26,40,7,0.010041046143858966,0.41422594142259417,5,,,,,,,,,1,1,1,0.7,1.0
26,41,8,0.01644273385424969,0.42127659574468085,5,,,,,,,,,1,1,1,0.7,1.0
26,42,7,0.008107386616062813,0.40408163265306124,5,,,,,,,,,1,1,1,0.7,1.0
26,43,8,0.014842540020111665,0.43805309734513276,5,,,,,,,,,1,1,1,0.7,1.0
26,44,9,0.019506962294465077,0.4194915254237288,5,,,,,,,,,1,1,1,0.7,1.0
26,45,8,0.015499166069116324,0.4090909090909091,5,,,,,,,,,1,1,1,0.7,1.0
26,46,7,0.009132084094994313,0.4107883817427386,5,,,,,,,,,1,1,1,0.7,1.0
26,47,8,0.01588333884215923,0.4008097165991903,5,,,,,,,,,1,1,1,0.7,1.0
26,48,8,0.013057353661506293,0.4194915254237288,5,,,,,,,,,1,1,1,0.7,1.0
26,49,10,0.022998126649215727,0.4342105263157895,5,,,,,,,,,1,1,1,0.7,1.0
26,50,10,0.0308143346441008,0.43805309734513276,5,,,,,,,,,1,1,1,0.7,1.0
26,51,14,0.03914697687093884,0.4714285714285714,5,,,,,,,,,1,1,1,0.7,1.0
26,52,5,0.008107289253582214,0.376425855513308,5,,,,,,,,,1,1,1,0.7,1.0
26,53,8,0.011537483487035103,0.4177215189873418,5,,,,,,,,,1,1,1,0.7,1.0
26,54,4,0.003793024144388423,0.3626373626373626,3,,,,,,,,,1,1,1,0.7,1.0
26,55,10,0.023237659776797134,0.4541284403669725,5,,,,,,,,,1,1,1,0.7,1.0
26,56,5,0.005797905192208366,0.37358490566037733,5,,,,,,,,,1,1,1,0.7,1.0
26,57,8,0.016349603863737225,0.4090909090909091,5,,,,,,,,,1,1,1,0.7,1.0
26,58,9,0.019899514796318962,0.4194915254237288,5,,,,,,,,,1,1,1,0.7,1.0
26,59,10,0.022085707361162835,0.4342105263157895,5,,,,,,,,,1,1,1,0.7,1.0
26,60,11,0.019807911567924382,0.43612334801762115,5,,,,,,,,,1,1,1,0.7,1.0
26,61,8,0.010424008924552612,0.4057377049180328,5,,,,,,,,,1,1,1,0.7,1.0
26,62,12,0.025946448104021823,0.45622119815668205,5,,,,,,,,,1,1,1,0.7,1.0
26,63,2,0.0005614126362425681,0.3344594594594595,2,,,,,,,,,1,1,1,0.7,1.0
26,64,9,0.01872332415682547,0.4267241379310345,5,,,,,,,,,1,1,1,0.7,1.0
26,65,12,0.031032488648889307,0.4520547945205479,5,,,,,,,,,1,1,1,0.7,1.0
26,66,6,0.0057761754226101384,0.38372093023255816,5,,,,,,,,,1,1,1,0.7,1.0
26,67,7,0.013160777951982968,0.42127659574468085,5,,,,,,,,,1,1,1,0.7,1.0
26,68,9,0.017227215239394276,0.4248927038626609,5,,,,,,,,,1,1,1,0.7,1.0
26,69,10,0.025227933667602773,0.4177215189873418,5,,,,,,,,,1,1,1,0.7,1.0
26,70,8,0.01387620475838911,0.4267241379310345,5,,,,,,,,,1,1,1,0.7,1.0
26,71,9,0.016185486162689472,0.41596638655462187,5,,,,,,,,,1,1,1,0.7,1.0
26,72,9,0.015273779864619004,0.43043478260869567,5,,,,,,,,,1,1,1,0.7,1.0
26,73,5,0.004078652941379849,0.375,5,,,,,,,,,1,1,1,0.7,1.0
26,74,9,0.018681489814624395,0.4125,5,,,,,,,,,1,1,1,0.7,1.0
26,75,9,0.0171208681049252,0.43231441048034935,5,,,,,,,,,1,1,1,0.7,1.0
26,76,9,0.014075601128570363,0.42127659574468085,5,,,,,,,,,1,1,1,0.7,1.0
26,77,10,0.01743825099569623,0.44,5,,,,,,,,,1,1,1,0.7,1.0
26,78,5,0.0038024049630668573,0.38976377952755903,5,,,,,,,,,1,1,1,0.7,1.0
26,79,6,0.003933385627379168,0.396,5,,,,,,,,,1,1,1,0.7,1.0
26,80,6,0.009540177285457217,0.38976377952755903,5,,,,,,,,,1,1,1,0.7,1.0
26,81,4,0.003878362412685233,0.3535714285714286,3,,,,,,,,,1,1,1,0.7,1.0
26,82,6,0.006102204291129582,0.3793103448275862,5,,,,,,,,,1,1,1,0.7,1.0
26,83,9,0.020811545403340872,0.4230769230769231,5,,,,,,,,,1,1,1,0.7,1.0
26,84,7,0.012843574800630352,0.38823529411764707,5,,,,,,,,,1,1,1,0.7,1.0
26,85,11,0.02311943072088779,0.43612334801762115,5,,,,,,,,,1,1,1,0.7,1.0
26,86,9,0.02249266760837428,0.4230769230769231,5,,,,,,,,,1,1,1,0.7,1.0
26,87,9,0.01288331850351868,0.4248927038626609,5,,,,,,,,,1,1,1,0.7,1.0
26,88,7,0.009293753449501873,0.4090909090909091,5,,,,,,,,,1,1,1,0.7,1.0
26,89,7,0.007638586484533018,0.4074074074074074,5,,,,,,,,,1,1,1,0.7,1.0
26,90,10,0.023171127747701463,0.43231441048034935,5,,,,,,,,,1,1,1,0.7,1.0
26,91,10,0.02595944987752483,0.4439461883408072,5,,,,,,,,,1,1,1,0.7,1.0
26,92,7,0.008537605041661208,0.4008097165991903,5,,,,,,,,,1,1,1,0.7,1.0
26,93,10,0.02616016778149733,0.4479638009049774,5,,,,,,,,,1,1,1,0.7,1.0
26,94,4,0.002824004922169769,0.36,4,,,,,,,,,1,1,1,0.7,1.0
26,95,6,0.0073059396014398675,0.4057377049180328,5,,,,,,,,,1,1,1,0.7,1.0
26,96,6,0.008292640749202327,0.391304347826087,5,,,,,,,,,1,1,1,0.7,1.0
26,97,7,0.012769970808459086,0.4090909090909091,5,,,,,,,,,1,1,1,0.7,1.0
26,98,9,0.016231205942319603,0.4267241379310345,5,,,,,,,,,1,1,1,0.7,1.0
26,99,10,0.02365500758389639,0.4177215189873418,5,,,,,,,,,1,1,1,0.7,1.0
27,0,12,0.027870177639501746,0.4439461883408072,5,,,,,,,,,1,1,1,0.7,1.0
27,1,6,0.008284928002406858,0.39759036144578314,5,,,,,,,,,1,1,1,0.7,1.0
27,2,6,0.007862988956379923,0.3944223107569721,5,,,,,,,,,1,1,1,0.7,1.0
27,3,7,0.009060616819988506,0.4125,5,,,,,,,,,1,1,1,0.7,1.0
27,4,7,0.011546566243780348,0.38372093023255816,5,,,,,,,,,1,1,1,0.7,1.0
27,5,6,0.007353821423085494,0.38823529411764707,5,,,,,,,,,1,1,1,0.7,1.0
27,6,8,0.016582929083409786,0.4024390243902439,5,,,,,,,,,1,1,1,0.7,1.0
27,7,7,0.01482499303979092,0.4090909090909091,5,,,,,,,,,1,1,1,0.7,1.0
27,8,5,0.004648371147546576,0.38671875,5,,,,,,,,,1,1,1,0.7,1.0
27,9,8,0.01083664390532592,0.4125,5,,,,,,,,,1,1,1,0.7,1.0
27,10,4,0.0030267081689468824,0.375,4,,,,,,,,,1,1,1,0.7,1.0
27,11,3,0.001798234955708471,0.3378839590443686,3,,,,,,,,,1,1,1,0.7,1.0
27,12,12,0.03246531234079403,0.4714285714285714,5,,,,,,,,,1,1,1,0.7,1.0
27,13,7,0.009413152607664656,0.3944223107569721,5,,,,,,,,,1,1,1,0.7,1.0
27,14,10,0.02034681887297241,0.43612334801762115,5,,,,,,,,,1,1,1,0.7,1.0
27,15,9,0.022967970997341273,0.4125,5,,,,,,,,,1,1,1,0.7,1.0
27,16,3,0.0008141163676104925,0.3473684210526316,3,,,,,,,,,1,1,1,0.7,1.0
27,17,9,0.013710214410568368,0.4125,5,,,,,,,,,1,1,1,0.7,1.0
27,18,12,0.029269697836801636,0.4669811320754717,5,,,,,,,,,1,1,1,0.7,1.0
27,19,10,0.0202537925463073,0.4419642857142857,5,,,,,,,,,1,1,1,0.7,1.0
27,20,3,0.0021808142692860207,0.339041095890411,3,,,,,,,,,1,1,1,0.7,1.0
27,21,6,0.007542316400121865,0.39919354838709675,5,,,,,,,,,1,1,1,0.7,1.0
27,22,10,0.029376023808859605,0.43043478260869567,5,,,,,,,,,1,1,1,0.7,1.0
27,23,9,0.01864473712174515,0.4267241379310345,5,,,,,,,,,1,1,1,0.7,1.0
27,24,2,0.0,0.32038834951456313,2,,,,,,,,,1,1,1,0.7,1.0
27,25,5,0.0062320001243736595,0.38076923076923075,5,,,,,,,,,1,1,1,0.7,1.0
27,26,3,0.0011672780323125835,0.36,3,,,,,,,,,1,1,1,0.7,1.0
27,27,14,0.04032081334260075,0.4782608695652174,5,,,,,,,,,1,1,1,0.7,1.0
27,28,11,0.025196041378104415,0.4479638009049774,5,,,,,,,,,1,1,1,0.7,1.0
27,29,6,0.007148901888439518,0.391304347826087,5,,,,,,,,,1,1,1,0.7,1.0
27,30,6,0.007893523509131792,0.38671875,5,,,,,,,,,1,1,1,0.7,1.0
27,31,8,0.016685872476458252,0.4008097165991903,5,,,,,,,,,1,1,1,0.7,1.0
27,32,15,0.042175075381476565,0.47368421052631576,5,,,,,,,,,1,1,1,0.7,1.0
27,33,9,0.02012775183331944,0.4230769230769231,5,,,,,,,,,1,1,1,0.7,1.0
27,34,9,0.01841082522871394,0.4248927038626609,5,,,,,,,,,1,1,1,0.7,1.0
27,35,9,0.022128555021271912,0.42127659574468085,5,,,,,,,,,1,1,1,0.7,1.0
27,36,6,0.009052232439077976,0.4008097165991903,5,,,,,,,,,1,1,1,0.7,1.0
27,37,10,0.022884808637103175,0.4439461883408072,5,,,,,,,,,1,1,1,0.7,1.0
27,38,3,0.0011621659124968892,0.33559322033898303,3,,,,,,,,,1,1,1,0.7,1.0
27,39,7,0.009374462711473703,0.4125,5,,,,,,,,,1,1,1,0.7,1.0
27,40,7,0.010041046143858966,0.41422594142259417,5,,,,,,,,,1,1,1,0.7,1.0
27,41,8,0.01644273385424969,0.42127659574468085,5,,,,,,,,,1,1,1,0.7,1.0
27,42,7,0.008107386616062813,0.40408163265306124,5,,,,,,,,,1,1,1,0.7,1.0
27,43,8,0.014842540020111665,0.43805309734513276,5,,,,,,,,,1,1,1,0.7,1.0
27,44,9,0.019506962294465077,0.4194915254237288,5,,,,,,,,,1,1,1,0.7,1.0
27,45,8,0.015499166069116324,0.4090909090909091,5,,,,,,,,,1,1,1,0.7,1.0
27,46,7,0.009132084094994313,0.4107883817427386,5,,,,,,,,,1,1,1,0.7,1.0
27,47,8,0.01588333884215923,0.4008097165991903,5,,,,,,,,,1,1,1,0.7,1.0
27,48,8,0.013057353661506293,0.4194915254237288,5,,,,,,,,,1,1,1,0.7,1.0
27,49,10,0.022998126649215727,0.4342105263157895,5,,,,,,,,,1,1,1,0.7,1.0
27,50,10,0.0308143346441008,0.43805309734513276,5,,,,,,,,,1,1,1,0.7,1.0
27,51,14,0.03914697687093884,0.4714285714285714,5,,,,,,,,,1,1,1,0.7,1.0
27,52,5,0.008107289253582214,0.376425855513308,5,,,,,,,,,1,1,1,0.7,1.0
27,53,8,0.011537483487035103,0.4177215189873418,5,,,,,,,,,1,1,1,0.7,1.0
27,54,4,0.003793024144388423,0.3626373626373626,3,,,,,,,,,1,1,1,0.7,1.0
27,55,10,0.023237659776797134,0.4541284403669725,5,,,,,,,,,1,1,1,0.7,1.0
27,56,5,0.005797905192208366,0.37358490566037733,5,,,,,,,,,1,1,1,0.7,1.0
27,57,8,0.016349603863737225,0.4090909090909091,5,,,,,,,,,1,1,1,0.7,1.0
27,58,9,0.019899514796318962,0.4194915254237288,5,,,,,,,,,1,1,1,0.7,1.0
27,59,10,0.022085707361162835,0.4342105263157895,5,,,,,,,,,1,1,1,0.7,1.0
27,60,11,0.019807911567924382,0.43612334801762115,5,,,,,,,,,1,1,1,0.7,1.0
27,61,8,0.010424008924552612,0.4057377049180328,5,,,,,,,,,1,1,1,0.7,1.0
27,62,12,0.025946448104021823,0.45622119815668205,5,,,,,,,,,1,1,1,0.7,1.0
27,63,2,0.0005614126362425681,0.3344594594594595,2,,,,,,,,,1,1,1,0.7,1.0
27,64,9,0.01872332415682547,0.4267241379310345,5,,,,,,,,,1,1,1,0.7,1.0
27,65,12,0.031032488648889307,0.4520547945205479,5,,,,,,,,,1,1,1,0.7,1.0
27,66,6,0.0057761754226101384,0.38372093023255816,5,,,,,,,,,1,1,1,0.7,1.0
27,67,7,0.013160777951982968,0.42127659574468085,5,,,,,,,,,1,1,1,0.7,1.0
27,68,9,0.017227215239394276,0.4248927038626609,5,,,,,,,,,1,1,1,0.7,1.0
27,69,10,0.025227933667602773,0.4177215189873418,5,,,,,,,,,1,1,1,0.7,1.0
27,70,8,0.01387620475838911,0.4267241379310345,5,,,,,,,,,1,1,1,0.7,1.0
27,71,9,0.016185486162689472,0.41596638655462187,5,,,,,,,,,1,1,1,0.7,1.0
27,72,9,0.015273779864619004,0.43043478260869567,5,,,,,,,,,1,1,1,0.7,1.0
27,73,5,0.004078652941379849,0.375,5,,,,,,,,,1,1,1,0.7,1.0
27,74,9,0.018681489814624395,0.4125,5,,,,,,,,,1,1,1,0.7,1.0
27,75,9,0.0171208681049252,0.43231441048034935,5,,,,,,,,,1,1,1,0.7,1.0
27,76,9,0.014075601128570363,0.42127659574468085,5,,,,,,,,,1,1,1,0.7,1.0
27,77,10,0.01743825099569623,0.44,5,,,,,,,,,1,1,1,0.7,1.0
27,78,5,0.0038024049630668573,0.38976377952755903,5,,,,,,,,,1,1,1,0.7,1.0
27,79,6,0.003933385627379168,0.396,5,,,,,,,,,1,1,1,0.7,1.0
27,80,6,0.009540177285457217,0.38976377952755903,5,,,,,,,,,1,1,1,0.7,1.0
27,81,4,0.003878362412685233,0.3535714285714286,3,,,,,,,,,1,1,1,0.7,1.0
27,82,6,0.006102204291129582,0.3793103448275862,5,,,,,,,,,1,1,1,0.7,1.0
27,83,9,0.020811545403340872,0.4230769230769231,5,,,,,,,,,1,1,1,0.7,1.0
27,84,7,0.012843574800630352,0.38823529411764707,5,,,,,,,,,1,1,1,0.7,1.0
27,85,11,0.02311943072088779,0.43612334801762115,5,,,,,,,,,1,1,1,0.7,1.0
27,86,9,0.02249266760837428,0.4230769230769231,5,,,,,,,,,1,1,1,0.7,1.0
27,87,9,0.01288331850351868,0.4248927038626609,5,,,,,,,,,1,1,1,0.7,1.0
27,88,7,0.009293753449501873,0.4090909090909091,5,,,,,,,,,1,1,1,0.7,1.0
27,89,7,0.007638586484533018,0.4074074074074074,5,,,,,,,,,1,1,1,0.7,1.0
27,90,10,0.023171127747701463,0.43231441048034935,5,,,,,,,,,1,1,1,0.7,1.0
27,91,10,0.02595944987752483,0.4439461883408072,5,,,,,,,,,1,1,1,0.7,1.0
27,92,7,0.008537605041661208,0.4008097165991903,5,,,,,,,,,1,1,1,0.7,1.0
27,93,10,0.02616016778149733,0.4479638009049774,5,,,,,,,,,1,1,1,0.7,1.0
27,94,4,0.002824004922169769,0.36,4,,,,,,,,,1,1,1,0.7,1.0
27,95,6,0.0073059396014398675,0.4057377049180328,5,,,,,,,,,1,1,1,0.7,1.0
27,96,6,0.008292640749202327,0.391304347826087,5,,,,,,,,,1,1,1,0.7,1.0
27,97,7,0.012769970808459086,0.4090909090909091,5,,,,,,,,,1,1,1,0.7,1.0
27,98,9,0.016231205942319603,0.4267241379310345,5,,,,,,,,,1,1,1,0.7,1.0
27,99,10,0.02365500758389639,0.4177215189873418,5,,,,,,,,,1,1,1,0.7,1.0
28,0,12,0.027870177639501746,0.4439461883408072,5,,,,,,,,,1,1,1,0.7,1.0
28,1,6,0.008284928002406858,0.39759036144578314,5,,,,,,,,,1,1,1,0.7,1.0
28,2,6,0.007862988956379923,0.3944223107569721,5,,,,,,,,,1,1,1,0.7,1.0
28,3,7,0.009060616819988506,0.4125,5,,,,,,,,,1,1,1,0.7,1.0
28,4,7,0.011546566243780348,0.38372093023255816,5,,,,,,,,,1,1,1,0.7,1.0
28,5,6,0.007353821423085494,0.38823529411764707,5,,,,,,,,,1,1,1,0.7,1.0
28,6,8,0.016582929083409786,0.4024390243902439,5,,,,,,,,,1,1,1,0.7,1.0
28,7,7,0.01482499303979092,0.4090909090909091,5,,,,,,,,,1,1,1,0.7,1.0
28,8,5,0.004648371147546576,0.38671875,5,,,,,,,,,1,1,1,0.7,1.0
28,9,8,0.01083664390532592,0.4125,5,,,,,,,,,1,1,1,0.7,1.0
28,10,4,0.0030267081689468824,0.375,4,,,,,,,,,1,1,1,0.7,1.0
28,11,3,0.001798234955708471,0.3378839590443686,3,,,,,,,,,1,1,1,0.7,1.0
28,12,12,0.03246531234079403,0.4714285714285714,5,,,,,,,,,1,1,1,0.7,1.0
28,13,7,0.009413152607664656,0.3944223107569721,5,,,,,,,,,1,1,1,0.7,1.0
28,14,10,0.02034681887297241,0.43612334801762115,5,,,,,,,,,1,1,1,0.7,1.0
28,15,9,0.022967970997341273,0.4125,5,,,,,,,,,1,1,1,0.7,1.0
28,16,3,0.0008141163676104925,0.3473684210526316,3,,,,,,,,,1,1,1,0.7,1.0
28,17,9,0.013710214410568368,0.4125,5,,,,,,,,,1,1,1,0.7,1.0
28,18,12,0.029269697836801636,0.4669811320754717,5,,,,,,,,,1,1,1,0.7,1.0
28,19,10,0.0202537925463073,0.4419642857142857,5,,,,,,,,,1,1,1,0.7,1.0
28,20,3,0.0021808142692860207,0.339041095890411,3,,,,,,,,,1,1,1,0.7,1.0
28,21,6,0.007542316400121865,0.39919354838709675,5,,,,,,,,,1,1,1,0.7,1.0
28,22,10,0.029376023808859605,0.43043478260869567,5,,,,,,,,,1,1,1,0.7,1.0
28,23,9,0.01864473712174515,0.4267241379310345,5,,,,,,,,,1,1,1,0.7,1.0
28,24,2,0.0,0.32038834951456313,2,,,,,,,,,1,1,1,0.7,1.0
28,25,5,0.0062320001243736595,0.38076923076923075,5,,,,,,,,,1,1,1,0.7,1.0
28,26,3,0.0011672780323125835,0.36,3,,,,,,,,,1,1,1,0.7,1.0
28,27,14,0.04032081334260075,0.4782608695652174,5,,,,,,,,,1,1,1,0.7,1.0
28,28,11,0.025196041378104415,0.4479638009049774,5,,,,,,,,,1,1,1,0.7,1.0
28,29,6,0.007148901888439518,0.391304347826087,5,,,,,,,,,1,1,1,0.7,1.0
28,30,6,0.007893523509131792,0.38671875,5,,,,,,,,,1,1,1,0.7,1.0
28,31,8,0.016685872476458252,0.4008097165991903,5,,,,,,,,,1,1,1,0.7,1.0
28,32,15,0.042175075381476565,0.47368421052631576,5,,,,,,,,,1,1,1,0.7,1.0
28,33,9,0.02012775183331944,0.4230769230769231,5,,,,,,,,,1,1,1,0.7,1.0
28,34,9,0.01841082522871394,0.4248927038626609,5,,,,,,,,,1,1,1,0.7,1.0
28,35,9,0.022128555021271912,0.42127659574468085,5,,,,,,,,,1,1,1,0.7,1.0
28,36,6,0.009052232439077976,0.4008097165991903,5,,,,,,,,,1,1,1,0.7,1.0
28,37,10,0.022884808637103175,0.4439461883408072,5,,,,,,,,,1,1,1,0.7,1.0
28,38,3,0.0011621659124968892,0.33559322033898303,3,,,,,,,,,1,1,1,0.7,1.0
28,39,7,0.009374462711473703,0.4125,5,,,,,,,,,1,1,1,0.7,1.0
28,40,7,0.010041046143858966,0.41422594142259417,5,,,,,,,,,1,1,1,0.7,1.0
28,41,8,0.01644273385424969,0.42127659574468085,5,,,,,,,,,1,1,1,0.7,1.0
28,42,7,0.008107386616062813,0.40408163265306124,5,,,,,,,,,1,1,1,0.7,1.0
28,43,8,0.014842540020111665,0.43805309734513276,5,,,,,,,,,1,1,1,0.7,1.0
28,44,9,0.019506962294465077,0.4194915254237288,5,,,,,,,,,1,1,1,0.7,1.0
28,45,8,0.015499166069116324,0.4090909090909091,5,,,,,,,,,1,1,1,0.7,1.0
28,46,7,0.009132084094994313,0.4107883817427386,5,,,,,,,,,1,1,1,0.7,1.0
28,47,8,0.01588333884215923,0.4008097165991903,5,,,,,,,,,1,1,1,0.7,1.0
28,48,8,0.013057353661506293,0.4194915254237288,5,,,,,,,,,1,1,1,0.7,1.0
28,49,10,0.022998126649215727,0.4342105263157895,5,,,,,,,,,1,1,1,0.7,1.0
28,50,10,0.0308143346441008,0.43805309734513276,5,,,,,,,,,1,1,1,0.7,1.0
28,51,14,0.03914697687093884,0.4714285714285714,5,,,,,,,,,1,1,1,0.7,1.0
28,52,5,0.008107289253582214,0.376425855513308,5,,,,,,,,,1,1,1,0.7,1.0
28,53,8,0.011537483487035103,0.4177215189873418,5,,,,,,,,,1,1,1,0.7,1.0
28,54,4,0.003793024144388423,0.3626373626373626,3,,,,,,,,,1,1,1,0.7,1.0
28,55,10,0.023237659776797134,0.4541284403669725,5,,,,,,,,,1,1,1,0.7,1.0
28,56,5,0.005797905192208366,0.37358490566037733,5,,,,,,,,,1,1,1,0.7,1.0
28,57,8,0.016349603863737225,0.4090909090909091,5,,,,,,,,,1,1,1,0.7,1.0
28,58,9,0.019899514796318962,0.4194915254237288,5,,,,,,,,,1,1,1,0.7,1.0
28,59,10,0.022085707361162835,0.4342105263157895,5,,,,,,,,,1,1,1,0.7,1.0
28,60,11,0.019807911567924382,0.43612334801762115,5,,,,,,,,,1,1,1,0.7,1.0
28,61,8,0.010424008924552612,0.4057377049180328,5,,,,,,,,,1,1,1,0.7,1.0
28,62,12,0.025946448104021823,0.45622119815668205,5,,,,,,,,,1,1,1,0.7,1.0
28,63,2,0.0005614126362425681,0.3344594594594595,2,,,,,,,,,1,1,1,0.7,1.0
28,64,9,0.01872332415682547,0.4267241379310345,5,,,,,,,,,1,1,1,0.7,1.0
28,65,12,0.031032488648889307,0.4520547945205479,5,,,,,,,,,1,1,1,0.7,1.0
28,66,6,0.0057761754226101384,0.38372093023255816,5,,,,,,,,,1,1,1,0.7,1.0
28,67,7,0.013160777951982968,0.42127659574468085,5,,,,,,,,,1,1,1,0.7,1.0
28,68,9,0.017227215239394276,0.4248927038626609,5,,,,,,,,,1,1,1,0.7,1.0
28,69,10,0.025227933667602773,0.4177215189873418,5,,,,,,,,,1,1,1,0.7,1.0
28,70,8,0.01387620475838911,0.4267241379310345,5,,,,,,,,,1,1,1,0.7,1.0
28,71,9,0.016185486162689472,0.41596638655462187,5,,,,,,,,,1,1,1,0.7,1.0
28,72,9,0.015273779864619004,0.43043478260869567,5,,,,,,,,,1,1,1,0.7,1.0
28,73,5,0.004078652941379849,0.375,5,,,,,,,,,1,1,1,0.7,1.0
28,74,9,0.018681489814624395,0.4125,5,,,,,,,,,1,1,1,0.7,1.0
28,75,9,0.0171208681049252,0.43231441048034935,5,,,,,,,,,1,1,1,0.7,1.0
28,76,9,0.014075601128570363,0.42127659574468085,5,,,,,,,,,1,1,1,0.7,1.0
28,77,10,0.01743825099569623,0.44,5,,,,,,,,,1,1,1,0.7,1.0
28,78,5,0.0038024049630668573,0.38976377952755903,5,,,,,,,,,1,1,1,0.7,1.0
28,79,6,0.003933385627379168,0.396,5,,,,,,,,,1,1,1,0.7,1.0
28,80,6,0.009540177285457217,0.38976377952755903,5,,,,,,,,,1,1,1,0.7,1.0
28,81,4,0.003878362412685233,0.3535714285714286,3,,,,,,,,,1,1,1,0.7,1.0
28,82,6,0.006102204291129582,0.3793103448275862,5,,,,,,,,,1,1,1,0.7,1.0
28,83,9,0.020811545403340872,0.4230769230769231,5,,,,,,,,,1,1,1,0.7,1.0
28,84,7,0.012843574800630352,0.38823529411764707,5,,,,,,,,,1,1,1,0.7,1.0
28,85,11,0.02311943072088779,0.43612334801762115,5,,,,,,,,,1,1,1,0.7,1.0
28,86,9,0.02249266760837428,0.4230769230769231,5,,,,,,,,,1,1,1,0.7,1.0
28,87,9,0.01288331850351868,0.4248927038626609,5,,,,,,,,,1,1,1,0.7,1.0
28,88,7,0.009293753449501873,0.4090909090909091,5,,,,,,,,,1,1,1,0.7,1.0
28,89,7,0.007638586484533018,0.4074074074074074,5,,,,,,,,,1,1,1,0.7,1.0
28,90,10,0.023171127747701463,0.43231441048034935,5,,,,,,,,,1,1,1,0.7,1.0
28,91,10,0.02595944987752483,0.4439461883408072,5,,,,,,,,,1,1,1,0.7,1.0
28,92,7,0.008537605041661208,0.4008097165991903,5,,,,,,,,,1,1,1,0.7,1.0
28,93,10,0.02616016778149733,0.4479638009049774,5,,,,,,,,,1,1,1,0.7,1.0
28,94,4,0.002824004922169769,0.36,4,,,,,,,,,1,1,1,0.7,1.0
28,95,6,0.0073059396014398675,0.4057377049180328,5,,,,,,,,,1,1,1,0.7,1.0
28,96,6,0.008292640749202327,0.391304347826087,5,,,,,,,,,1,1,1,0.7,1.0
28,97,7,0.012769970808459086,0.4090909090909091,5,,,,,,,,,1,1,1,0.7,1.0
28,98,9,0.016231205942319603,0.4267241379310345,5,,,,,,,,,1,1,1,0.7,1.0
28,99,10,0.02365500758389639,0.4177215189873418,5,,,,,,,,,1,1,1,0.7,1.0
29,0,12,0.027870177639501746,0.4439461883408072,5,,,,,,,,,1,1,1,0.7,1.0
29,1,6,0.008284928002406858,0.39759036144578314,5,,,,,,,,,1,1,1,0.7,1.0
29,2,6,0.007862988956379923,0.3944223107569721,5,,,,,,,,,1,1,1,0.7,1.0
29,3,7,0.009060616819988506,0.4125,5,,,,,,,,,1,1,1,0.7,1.0
29,4,7,0.011546566243780348,0.38372093023255816,5,,,,,,,,,1,1,1,0.7,1.0
29,5,6,0.007353821423085494,0.38823529411764707,5,,,,,,,,,1,1,1,0.7,1.0
29,6,8,0.016582929083409786,0.4024390243902439,5,,,,,,,,,1,1,1,0.7,1.0
29,7,7,0.01482499303979092,0.4090909090909091,5,,,,,,,,,1,1,1,0.7,1.0
29,8,5,0.004648371147546576,0.38671875,5,,,,,,,,,1,1,1,0.7,1.0
29,9,8,0.01083664390532592,0.4125,5,,,,,,,,,1,1,1,0.7,1.0
29,10,4,0.0030267081689468824,0.375,4,,,,,,,,,1,1,1,0.7,1.0
29,11,3,0.001798234955708471,0.3378839590443686,3,,,,,,,,,1,1,1,0.7,1.0
29,12,12,0.03246531234079403,0.4714285714285714,5,,,,,,,,,1,1,1,0.7,1.0
29,13,7,0.009413152607664656,0.3944223107569721,5,,,,,,,,,1,1,1,0.7,1.0
29,14,10,0.02034681887297241,0.43612334801762115,5,,,,,,,,,1,1,1,0.7,1.0
29,15,9,0.022967970997341273,0.4125,5,,,,,,,,,1,1,1,0.7,1.0
29,16,3,0.0008141163676104925,0.3473684210526316,3,,,,,,,,,1,1,1,0.7,1.0
29,17,9,0.013710214410568368,0.4125,5,,,,,,,,,1,1,1,0.7,1.0
29,18,12,0.029269697836801636,0.4669811320754717,5,,,,,,,,,1,1,1,0.7,1.0
29,19,10,0.0202537925463073,0.4419642857142857,5,,,,,,,,,1,1,1,0.7,1.0
29,20,3,0.0021808142692860207,0.339041095890411,3,,,,,,,,,1,1,1,0.7,1.0
29,21,6,0.007542316400121865,0.39919354838709675,5,,,,,,,,,1,1,1,0.7,1.0
29,22,10,0.029376023808859605,0.43043478260869567,5,,,,,,,,,1,1,1,0.7,1.0
29,23,9,0.01864473712174515,0.4267241379310345,5,,,,,,,,,1,1,1,0.7,1.0
29,24,2,0.0,0.32038834951456313,2,,,,,,,,,1,1,1,0.7,1.0
29,25,5,0.0062320001243736595,0.38076923076923075,5,,,,,,,,,1,1,1,0.7,1.0
29,26,3,0.0011672780323125835,0.36,3,,,,,,,,,1,1,1,0.7,1.0
29,27,14,0.04032081334260075,0.4782608695652174,5,,,,,,,,,1,1,1,0.7,1.0
29,28,11,0.025196041378104415,0.4479638009049774,5,,,,,,,,,1,1,1,0.7,1.0
29,29,6,0.007148901888439518,0.391304347826087,5,,,,,,,,,1,1,1,0.7,1.0
29,30,6,0.007893523509131792,0.38671875,5,,,,,,,,,1,1,1,0.7,1.0
29,31,8,0.016685872476458252,0.4008097165991903,5,,,,,,,,,1,1,1,0.7,1.0
29,32,15,0.042175075381476565,0.47368421052631576,5,,,,,,,,,1,1,1,0.7,1.0
29,33,9,0.02012775183331944,0.4230769230769231,5,,,,,,,,,1,1,1,0.7,1.0
29,34,9,0.01841082522871394,0.4248927038626609,5,,,,,,,,,1,1,1,0.7,1.0
29,35,9,0.022128555021271912,0.42127659574468085,5,,,,,,,,,1,1,1,0.7,1.0
29,36,6,0.009052232439077976,0.4008097165991903,5,,,,,,,,,1,1,1,0.7,1.0
29,37,10,0.022884808637103175,0.4439461883408072,5,,,,,,,,,1,1,1,0.7,1.0
29,38,3,0.0011621659124968892,0.33559322033898303,3,,,,,,,,,1,1,1,0.7,1.0
29,39,7,0.009374462711473703,0.4125,5,,,,,,,,,1,1,1,0.7,1.0
29,40,7,0.010041046143858966,0.41422594142259417,5,,,,,,,,,1,1,1,0.7,1.0
29,41,8,0.01644273385424969,0.42127659574468085,5,,,,,,,,,1,1,1,0.7,1.0
29,42,7,0.008107386616062813,0.40408163265306124,5,,,,,,,,,1,1,1,0.7,1.0
29,43,8,0.014842540020111665,0.43805309734513276,5,,,,,,,,,1,1,1,0.7,1.0
29,44,9,0.019506962294465077,0.4194915254237288,5,,,,,,,,,1,1,1,0.7,1.0
29,45,8,0.015499166069116324,0.4090909090909091,5,,,,,,,,,1,1,1,0.7,1.0
29,46,7,0.009132084094994313,0.4107883817427386,5,,,,,,,,,1,1,1,0.7,1.0
29,47,8,0.01588333884215923,0.4008097165991903,5,,,,,,,,,1,1,1,0.7,1.0
29,48,8,0.013057353661506293,0.4194915254237288,5,,,,,,,,,1,1,1,0.7,1.0
29,49,10,0.022998126649215727,0.4342105263157895,5,,,,,,,,,1,1,1,0.7,1.0
29,50,10,0.0308143346441008,0.43805309734513276,5,,,,,,,,,1,1,1,0.7,1.0
29,51,14,0.03914697687093884,0.4714285714285714,5,,,,,,,,,1,1,1,0.7,1.0
29,52,5,0.008107289253582214,0.376425855513308,5,,,,,,,,,1,1,1,0.7,1.0
29,53,8,0.011537483487035103,0.4177215189873418,5,,,,,,,,,1,1,1,0.7,1.0
29,54,4,0.003793024144388423,0.3626373626373626,3,,,,,,,,,1,1,1,0.7,1.0
29,55,10,0.023237659776797134,0.4541284403669725,5,,,,,,,,,1,1,1,0.7,1.0
29,56,5,0.005797905192208366,0.37358490566037733,5,,,,,,,,,1,1,1,0.7,1.0
29,57,8,0.016349603863737225,0.4090909090909091,5,,,,,,,,,1,1,1,0.7,1.0
29,58,9,0.019899514796318962,0.4194915254237288,5,,,,,,,,,1,1,1,0.7,1.0
29,59,10,0.022085707361162835,0.4342105263157895,5,,,,,,,,,1,1,1,0.7,1.0
29,60,11,0.019807911567924382,0.43612334801762115,5,,,,,,,,,1,1,1,0.7,1.0
29,61,8,0.010424008924552612,0.4057377049180328,5,,,,,,,,,1,1,1,0.7,1.0
29,62,12,0.025946448104021823,0.45622119815668205,5,,,,,,,,,1,1,1,0.7,1.0
29,63,2,0.0005614126362425681,0.3344594594594595,2,,,,,,,,,1,1,1,0.7,1.0
29,64,9,0.01872332415682547,0.4267241379310345,5,,,,,,,,,1,1,1,0.7,1.0
29,65,12,0.031032488648889307,0.4520547945205479,5,,,,,,,,,1,1,1,0.7,1.0
29,66,6,0.0057761754226101384,0.38372093023255816,5,,,,,,,,,1,1,1,0.7,1.0
29,67,7,0.013160777951982968,0.42127659574468085,5,,,,,,,,,1,1,1,0.7,1.0
29,68,9,0.017227215239394276,0.4248927038626609,5,,,,,,,,,1,1,1,0.7,1.0
29,69,10,0.025227933667602773,0.4177215189873418,5,,,,,,,,,1,1,1,0.7,1.0
29,70,8,0.01387620475838911,0.4267241379310345,5,,,,,,,,,1,1,1,0.7,1.0
29,71,9,0.016185486162689472,0.41596638655462187,5,,,,,,,,,1,1,1,0.7,1.0
29,72,9,0.015273779864619004,0.43043478260869567,5,,,,,,,,,1,1,1,0.7,1.0
29,73,5,0.004078652941379849,0.375,5,,,,,,,,,1,1,1,0.7,1.0
29,74,9,0.018681489814624395,0.4125,5,,,,,,,,,1,1,1,0.7,1.0
29,75,9,0.0171208681049252,0.43231441048034935,5,,,,,,,,,1,1,1,0.7,1.0
29,76,9,0.014075601128570363,0.42127659574468085,5,,,,,,,,,1,1,1,0.7,1.0
29,77,10,0.01743825099569623,0.44,5,,,,,,,,,1,1,1,0.7,1.0
29,78,5,0.0038024049630668573,0.38976377952755903,5,,,,,,,,,1,1,1,0.7,1.0
29,79,6,0.003933385627379168,0.396,5,,,,,,,,,1,1,1,0.7,1.0
29,80,6,0.009540177285457217,0.38976377952755903,5,,,,,,,,,1,1,1,0.7,1.0
29,81,4,0.003878362412685233,0.3535714285714286,3,,,,,,,,,1,1,1,0.7,1.0
29,82,6,0.006102204291129582,0.3793103448275862,5,,,,,,,,,1,1,1,0.7,1.0
29,83,9,0.020811545403340872,0.4230769230769231,5,,,,,,,,,1,1,1,0.7,1.0
29,84,7,0.012843574800630352,0.38823529411764707,5,,,,,,,,,1,1,1,0.7,1.0
29,85,11,0.02311943072088779,0.43612334801762115,5,,,,,,,,,1,1,1,0.7,1.0
29,86,9,0.02249266760837428,0.4230769230769231,5,,,,,,,,,1,1,1,0.7,1.0
29,87,9,0.01288331850351868,0.4248927038626609,5,,,,,,,,,1,1,1,0.7,1.0
29,88,7,0.009293753449501873,0.4090909090909091,5,,,,,,,,,1,1,1,0.7,1.0
29,89,7,0.007638586484533018,0.4074074074074074,5,,,,,,,,,1,1,1,0.7,1.0
29,90,10,0.023171127747701463,0.43231441048034935,5,,,,,,,,,1,1,1,0.7,1.0
29,91,10,0.02595944987752483,0.4439461883408072,5,,,,,,,,,1,1,1,0.7,1.0
29,92,7,0.008537605041661208,0.4008097165991903,5,,,,,,,,,1,1,1,0.7,1.0
29,93,10,0.02616016778149733,0.4479638009049774,5,,,,,,,,,1,1,1,0.7,1.0
29,94,4,0.002824004922169769,0.36,4,,,,,,,,,1,1,1,0.7,1.0
29,95,6,0.0073059396014398675,0.4057377049180328,5,,,,,,,,,1,1,1,0.7,1.0
29,96,6,0.008292640749202327,0.391304347826087,5,,,,,,,,,1,1,1,0.7,1.0
29,97,7,0.012769970808459086,0.4090909090909091,5,,,,,,,,,1,1,1,0.7,1.0
29,98,9,0.016231205942319603,0.4267241379310345,5,,,,,,,,,1,1,1,0.7,1.0
29,99,10,0.02365500758389639,0.4177215189873418,5,,,,,,,,,1,1,1,0.7,1.0
30,0,12,0.027870177639501746,0.4439461883408072,5,,,,,,,,,1,1,1,0.7,1.0
30,1,6,0.008284928002406858,0.39759036144578314,5,,,,,,,,,1,1,1,0.7,1.0
30,2,6,0.007862988956379923,0.3944223107569721,5,,,,,,,,,1,1,1,0.7,1.0
30,3,7,0.009060616819988506,0.4125,5,,,,,,,,,1,1,1,0.7,1.0
30,4,7,0.011546566243780348,0.38372093023255816,5,,,,,,,,,1,1,1,0.7,1.0
30,5,6,0.007353821423085494,0.38823529411764707,5,,,,,,,,,1,1,1,0.7,1.0
30,6,8,0.016582929083409786,0.4024390243902439,5,,,,,,,,,1,1,1,0.7,1.0
30,7,7,0.01482499303979092,0.4090909090909091,5,,,,,,,,,1,1,1,0.7,1.0
30,8,5,0.004648371147546576,0.38671875,5,,,,,,,,,1,1,1,0.7,1.0
30,9,8,0.01083664390532592,0.4125,5,,,,,,,,,1,1,1,0.7,1.0
30,10,4,0.0030267081689468824,0.375,4,,,,,,,,,1,1,1,0.7,1.0
30,11,3,0.001798234955708471,0.3378839590443686,3,,,,,,,,,1,1,1,0.7,1.0
30,12,12,0.03246531234079403,0.4714285714285714,5,,,,,,,,,1,1,1,0.7,1.0
30,13,7,0.009413152607664656,0.3944223107569721,5,,,,,,,,,1,1,1,0.7,1.0
30,14,10,0.02034681887297241,0.43612334801762115,5,,,,,,,,,1,1,1,0.7,1.0
30,15,9,0.022967970997341273,0.4125,5,,,,,,,,,1,1,1,0.7,1.0
30,16,3,0.0008141163676104925,0.3473684210526316,3,,,,,,,,,1,1,1,0.7,1.0
30,17,9,0.013710214410568368,0.4125,5,,,,,,,,,1,1,1,0.7,1.0
30,18,12,0.029269697836801636,0.4669811320754717,5,,,,,,,,,1,1,1,0.7,1.0
30,19,10,0.0202537925463073,0.4419642857142857,5,,,,,,,,,1,1,1,0.7,1.0
30,20,3,0.0021808142692860207,0.339041095890411,3,,,,,,,,,1,1,1,0.7,1.0
30,21,6,0.007542316400121865,0.39919354838709675,5,,,,,,,,,1,1,1,0.7,1.0
30,22,10,0.029376023808859605,0.43043478260869567,5,,,,,,,,,1,1,1,0.7,1.0
30,23,9,0.01864473712174515,0.4267241379310345,5,,,,,,,,,1,1,1,0.7,1.0
30,24,2,0.0,0.32038834951456313,2,,,,,,,,,1,1,1,0.7,1.0
30,25,5,0.0062320001243736595,0.38076923076923075,5,,,,,,,,,1,1,1,0.7,1.0
30,26,3,0.0011672780323125835,0.36,3,,,,,,,,,1,1,1,0.7,1.0
30,27,14,0.04032081334260075,0.4782608695652174,5,,,,,,,,,1,1,1,0.7,1.0
30,28,11,0.025196041378104415,0.4479638009049774,5,,,,,,,,,1,1,1,0.7,1.0
30,29,6,0.007148901888439518,0.391304347826087,5,,,,,,,,,1,1,1,0.7,1.0
30,30,6,0.007893523509131792,0.38671875,5,,,,,,,,,1,1,1,0.7,1.0
30,31,8,0.016685872476458252,0.4008097165991903,5,,,,,,,,,1,1,1,0.7,1.0
30,32,15,0.042175075381476565,0.47368421052631576,5,,,,,,,,,1,1,1,0.7,1.0
30,33,9,0.02012775183331944,0.4230769230769231,5,,,,,,,,,1,1,1,0.7,1.0
30,34,9,0.01841082522871394,0.4248927038626609,5,,,,,,,,,1,1,1,0.7,1.0
30,35,9,0.022128555021271912,0.42127659574468085,5,,,,,,,,,1,1,1,0.7,1.0
30,36,6,0.009052232439077976,0.4008097165991903,5,,,,,,,,,1,1,1,0.7,1.0
30,37,10,0.022884808637103175,0.4439461883408072,5,,,,,,,,,1,1,1,0.7,1.0
30,38,3,0.0011621659124968892,0.33559322033898303,3,,,,,,,,,1,1,1,0.7,1.0
30,39,7,0.009374462711473703,0.4125,5,,,,,,,,,1,1,1,0.7,1.0
30,40,7,0.010041046143858966,0.41422594142259417,5,,,,,,,,,1,1,1,0.7,1.0
30,41,8,0.01644273385424969,0.42127659574468085,5,,,,,,,,,1,1,1,0.7,1.0
30,42,7,0.008107386616062813,0.40408163265306124,5,,,,,,,,,1,1,1,0.7,1.0
30,43,8,0.014842540020111665,0.43805309734513276,5,,,,,,,,,1,1,1,0.7,1.0
30,44,9,0.019506962294465077,0.4194915254237288,5,,,,,,,,,1,1,1,0.7,1.0
30,45,8,0.015499166069116324,0.4090909090909091,5,,,,,,,,,1,1,1,0.7,1.0
30,46,7,0.009132084094994313,0.4107883817427386,5,,,,,,,,,1,1,1,0.7,1.0
30,47,8,0.01588333884215923,0.4008097165991903,5,,,,,,,,,1,1,1,0.7,1.0
30,48,8,0.013057353661506293,0.4194915254237288,5,,,,,,,,,1,1,1,0.7,1.0
30,49,10,0.022998126649215727,0.4342105263157895,5,,,,,,,,,1,1,1,0.7,1.0
30,50,10,0.0308143346441008,0.43805309734513276,5,,,,,,,,,1,1,1,0.7,1.0
30,51,14,0.03914697687093884,0.4714285714285714,5,,,,,,,,,1,1,1,0.7,1.0
30,52,5,0.008107289253582214,0.376425855513308,5,,,,,,,,,1,1,1,0.7,1.0
30,53,8,0.011537483487035103,0.4177215189873418,5,,,,,,,,,1,1,1,0.7,1.0
30,54,4,0.003793024144388423,0.3626373626373626,3,,,,,,,,,1,1,1,0.7,1.0
30,55,10,0.023237659776797134,0.4541284403669725,5,,,,,,,,,1,1,1,0.7,1.0
30,56,5,0.005797905192208366,0.37358490566037733,5,,,,,,,,,1,1,1,0.7,1.0
30,57,8,0.016349603863737225,0.4090909090909091,5,,,,,,,,,1,1,1,0.7,1.0
30,58,9,0.019899514796318962,0.4194915254237288,5,,,,,,,,,1,1,1,0.7,1.0
30,59,10,0.022085707361162835,0.4342105263157895,5,,,,,,,,,1,1,1,0.7,1.0
30,60,11,0.019807911567924382,0.43612334801762115,5,,,,,,,,,1,1,1,0.7,1.0
30,61,8,0.010424008924552612,0.4057377049180328,5,,,,,,,,,1,1,1,0.7,1.0
30,62,12,0.025946448104021823,0.45622119815668205,5,,,,,,,,,1,1,1,0.7,1.0
30,63,2,0.0005614126362425681,0.3344594594594595,2,,,,,,,,,1,1,1,0.7,1.0
30,64,9,0.01872332415682547,0.4267241379310345,5,,,,,,,,,1,1,1,0.7,1.0
30,65,12,0.031032488648889307,0.4520547945205479,5,,,,,,,,,1,1,1,0.7,1.0
30,66,6,0.0057761754226101384,0.38372093023255816,5,,,,,,,,,1,1,1,0.7,1.0
30,67,7,0.013160777951982968,0.42127659574468085,5,,,,,,,,,1,1,1,0.7,1.0
30,68,9,0.017227215239394276,0.4248927038626609,5,,,,,,,,,1,1,1,0.7,1.0
30,69,10,0.025227933667602773,0.4177215189873418,5,,,,,,,,,1,1,1,0.7,1.0
30,70,8,0.01387620475838911,0.4267241379310345,5,,,,,,,,,1,1,1,0.7,1.0
30,71,9,0.016185486162689472,0.41596638655462187,5,,,,,,,,,1,1,1,0.7,1.0
30,72,9,0.015273779864619004,0.43043478260869567,5,,,,,,,,,1,1,1,0.7,1.0
30,73,5,0.004078652941379849,0.375,5,,,,,,,,,1,1,1,0.7,1.0
30,74,9,0.018681489814624395,0.4125,5,,,,,,,,,1,1,1,0.7,1.0
30,75,9,0.0171208681049252,0.43231441048034935,5,,,,,,,,,1,1,1,0.7,1.0
30,76,9,0.014075601128570363,0.42127659574468085,5,,,,,,,,,1,1,1,0.7,1.0
30,77,10,0.01743825099569623,0.44,5,,,,,,,,,1,1,1,0.7,1.0
30,78,5,0.0038024049630668573,0.38976377952755903,5,,,,,,,,,1,1,1,0.7,1.0
30,79,6,0.003933385627379168,0.396,5,,,,,,,,,1,1,1,0.7,1.0
30,80,6,0.009540177285457217,0.38976377952755903,5,,,,,,,,,1,1,1,0.7,1.0
30,81,4,0.003878362412685233,0.3535714285714286,3,,,,,,,,,1,1,1,0.7,1.0
30,82,6,0.006102204291129582,0.3793103448275862,5,,,,,,,,,1,1,1,0.7,1.0
30,83,9,0.020811545403340872,0.4230769230769231,5,,,,,,,,,1,1,1,0.7,1.0
30,84,7,0.012843574800630352,0.38823529411764707,5,,,,,,,,,1,1,1,0.7,1.0
30,85,11,0.02311943072088779,0.43612334801762115,5,,,,,,,,,1,1,1,0.7,1.0
30,86,9,0.02249266760837428,0.4230769230769231,5,,,,,,,,,1,1,1,0.7,1.0
30,87,9,0.01288331850351868,0.4248927038626609,5,,,,,,,,,1,1,1,0.7,1.0
30,88,7,0.009293753449501873,0.4090909090909091,5,,,,,,,,,1,1,1,0.7,1.0
30,89,7,0.007638586484533018,0.4074074074074074,5,,,,,,,,,1,1,1,0.7,1.0
30,90,10,0.023171127747701463,0.43231441048034935,5,,,,,,,,,1,1,1,0.7,1.0
30,91,10,0.02595944987752483,0.4439461883408072,5,,,,,,,,,1,1,1,0.7,1.0
30,92,7,0.008537605041661208,0.4008097165991903,5,,,,,,,,,1,1,1,0.7,1.0
30,93,10,0.02616016778149733,0.4479638009049774,5,,,,,,,,,1,1,1,0.7,1.0
30,94,4,0.002824004922169769,0.36,4,,,,,,,,,1,1,1,0.7,1.0
30,95,6,0.0073059396014398675,0.4057377049180328,5,,,,,,,,,1,1,1,0.7,1.0
30,96,6,0.008292640749202327,0.391304347826087,5,,,,,,,,,1,1,1,0.7,1.0
30,97,7,0.012769970808459086,0.4090909090909091,5,,,,,,,,,1,1,1,0.7,1.0
30,98,9,0.016231205942319603,0.4267241379310345,5,,,,,,,,,1,1,1,0.7,1.0
30,99,10,0.02365500758389639,0.4177215189873418,5,,,,,,,,,1,1,1,0.7,1.0
31,0,12,0.027870177639501746,0.4439461883408072,5,,,,,,,,,1,1,1,0.7,1.0
31,1,6,0.008284928002406858,0.39759036144578314,5,,,,,,,,,1,1,1,0.7,1.0
31,2,6,0.007862988956379923,0.3944223107569721,5,,,,,,,,,1,1,1,0.7,1.0
31,3,7,0.009060616819988506,0.4125,5,,,,,,,,,1,1,1,0.7,1.0
31,4,7,0.011546566243780348,0.38372093023255816,5,,,,,,,,,1,1,1,0.7,1.0
31,5,6,0.007353821423085494,0.38823529411764707,5,,,,,,,,,1,1,1,0.7,1.0
31,6,8,0.016582929083409786,0.4024390243902439,5,,,,,,,,,1,1,1,0.7,1.0
31,7,7,0.01482499303979092,0.4090909090909091,5,,,,,,,,,1,1,1,0.7,1.0
31,8,5,0.004648371147546576,0.38671875,5,,,,,,,,,1,1,1,0.7,1.0
31,9,8,0.01083664390532592,0.4125,5,,,,,,,,,1,1,1,0.7,1.0
31,10,4,0.0030267081689468824,0.375,4,,,,,,,,,1,1,1,0.7,1.0
31,11,3,0.001798234955708471,0.3378839590443686,3,,,,,,,,,1,1,1,0.7,1.0
31,12,12,0.03246531234079403,0.4714285714285714,5,,,,,,,,,1,1,1,0.7,1.0
31,13,7,0.009413152607664656,0.3944223107569721,5,,,,,,,,,1,1,1,0.7,1.0
31,14,10,0.02034681887297241,0.43612334801762115,5,,,,,,,,,1,1,1,0.7,1.0
31,15,9,0.022967970997341273,0.4125,5,,,,,,,,,1,1,1,0.7,1.0
31,16,3,0.0008141163676104925,0.3473684210526316,3,,,,,,,,,1,1,1,0.7,1.0
31,17,9,0.013710214410568368,0.4125,5,,,,,,,,,1,1,1,0.7,1.0
31,18,12,0.029269697836801636,0.4669811320754717,5,,,,,,,,,1,1,1,0.7,1.0
31,19,10,0.0202537925463073,0.4419642857142857,5,,,,,,,,,1,1,1,0.7,1.0
31,20,3,0.0021808142692860207,0.339041095890411,3,,,,,,,,,1,1,1,0.7,1.0
31,21,6,0.007542316400121865,0.39919354838709675,5,,,,,,,,,1,1,1,0.7,1.0
31,22,10,0.029376023808859605,0.43043478260869567,5,,,,,,,,,1,1,1,0.7,1.0
31,23,9,0.01864473712174515,0.4267241379310345,5,,,,,,,,,1,1,1,0.7,1.0
31,24,2,0.0,0.32038834951456313,2,,,,,,,,,1,1,1,0.7,1.0
31,25,5,0.0062320001243736595,0.38076923076923075,5,,,,,,,,,1,1,1,0.7,1.0
31,26,3,0.0011672780323125835,0.36,3,,,,,,,,,1,1,1,0.7,1.0
31,27,14,0.04032081334260075,0.4782608695652174,5,,,,,,,,,1,1,1,0.7,1.0
31,28,11,0.025196041378104415,0.4479638009049774,5,,,,,,,,,1,1,1,0.7,1.0
31,29,6,0.007148901888439518,0.391304347826087,5,,,,,,,,,1,1,1,0.7,1.0
31,30,6,0.007893523509131792,0.38671875,5,,,,,,,,,1,1,1,0.7,1.0
31,31,8,0.016685872476458252,0.4008097165991903,5,,,,,,,,,1,1,1,0.7,1.0
31,32,15,0.042175075381476565,0.47368421052631576,5,,,,,,,,,1,1,1,0.7,1.0
31,33,9,0.02012775183331944,0.4230769230769231,5,,,,,,,,,1,1,1,0.7,1.0
31,34,9,0.01841082522871394,0.4248927038626609,5,,,,,,,,,1,1,1,0.7,1.0
31,35,9,0.022128555021271912,0.42127659574468085,5,,,,,,,,,1,1,1,0.7,1.0
31,36,6,0.009052232439077976,0.4008097165991903,5,,,,,,,,,1,1,1,0.7,1.0
31,37,10,0.022884808637103175,0.4439461883408072,5,,,,,,,,,1,1,1,0.7,1.0
31,38,3,0.0011621659124968892,0.33559322033898303,3,,,,,,,,,1,1,1,0.7,1.0
31,39,7,0.009374462711473703,0.4125,5,,,,,,,,,1,1,1,0.7,1.0
31,40,7,0.010041046143858966,0.41422594142259417,5,,,,,,,,,1,1,1,0.7,1.0
31,41,8,0.01644273385424969,0.42127659574468085,5,,,,,,,,,1,1,1,0.7,1.0
31,42,7,0.008107386616062813,0.40408163265306124,5,,,,,,,,,1,1,1,0.7,1.0
31,43,8,0.014842540020111665,0.43805309734513276,5,,,,,,,,,1,1,1,0.7,1.0
31,44,9,0.019506962294465077,0.4194915254237288,5,,,,,,,,,1,1,1,0.7,1.0
31,45,8,0.015499166069116324,0.4090909090909091,5,,,,,,,,,1,1,1,0.7,1.0
31,46,7,0.009132084094994313,0.4107883817427386,5,,,,,,,,,1,1,1,0.7,1.0
31,47,8,0.01588333884215923,0.4008097165991903,5,,,,,,,,,1,1,1,0.7,1.0
31,48,8,0.013057353661506293,0.4194915254237288,5,,,,,,,,,1,1,1,0.7,1.0
31,49,10,0.022998126649215727,0.4342105263157895,5,,,,,,,,,1,1,1,0.7,1.0
31,50,10,0.0308143346441008,0.43805309734513276,5,,,,,,,,,1,1,1,0.7,1.0
31,51,14,0.03914697687093884,0.4714285714285714,5,,,,,,,,,1,1,1,0.7,1.0
31,52,5,0.008107289253582214,0.376425855513308,5,,,,,,,,,1,1,1,0.7,1.0
31,53,8,0.011537483487035103,0.4177215189873418,5,,,,,,,,,1,1,1,0.7,1.0
31,54,4,0.003793024144388423,0.3626373626373626,3,,,,,,,,,1,1,1,0.7,1.0
31,55,10,0.023237659776797134,0.4541284403669725,5,,,,,,,,,1,1,1,0.7,1.0
31,56,5,0.005797905192208366,0.37358490566037733,5,,,,,,,,,1,1,1,0.7,1.0
31,57,8,0.016349603863737225,0.4090909090909091,5,,,,,,,,,1,1,1,0.7,1.0
31,58,9,0.019899514796318962,0.4194915254237288,5,,,,,,,,,1,1,1,0.7,1.0
31,59,10,0.022085707361162835,0.4342105263157895,5,,,,,,,,,1,1,1,0.7,1.0
31,60,11,0.019807911567924382,0.43612334801762115,5,,,,,,,,,1,1,1,0.7,1.0
31,61,8,0.010424008924552612,0.4057377049180328,5,,,,,,,,,1,1,1,0.7,1.0
31,62,12,0.025946448104021823,0.45622119815668205,5,,,,,,,,,1,1,1,0.7,1.0
31,63,2,0.0005614126362425681,0.3344594594594595,2,,,,,,,,,1,1,1,0.7,1.0
31,64,9,0.01872332415682547,0.4267241379310345,5,,,,,,,,,1,1,1,0.7,1.0
31,65,12,0.031032488648889307,0.4520547945205479,5,,,,,,,,,1,1,1,0.7,1.0
31,66,6,0.0057761754226101384,0.38372093023255816,5,,,,,,,,,1,1,1,0.7,1.0
31,67,7,0.013160777951982968,0.42127659574468085,5,,,,,,,,,1,1,1,0.7,1.0
31,68,9,0.017227215239394276,0.4248927038626609,5,,,,,,,,,1,1,1,0.7,1.0
31,69,10,0.025227933667602773,0.4177215189873418,5,,,,,,,,,1,1,1,0.7,1.0
31,70,8,0.01387620475838911,0.4267241379310345,5,,,,,,,,,1,1,1,0.7,1.0
31,71,9,0.016185486162689472,0.41596638655462187,5,,,,,,,,,1,1,1,0.7,1.0
31,72,9,0.015273779864619004,0.43043478260869567,5,,,,,,,,,1,1,1,0.7,1.0
31,73,5,0.004078652941379849,0.375,5,,,,,,,,,1,1,1,0.7,1.0
31,74,9,0.018681489814624395,0.4125,5,,,,,,,,,1,1,1,0.7,1.0
31,75,9,0.0171208681049252,0.43231441048034935,5,,,,,,,,,1,1,1,0.7,1.0
31,76,9,0.014075601128570363,0.42127659574468085,5,,,,,,,,,1,1,1,0.7,1.0
31,77,10,0.01743825099569623,0.44,5,,,,,,,,,1,1,1,0.7,1.0
31,78,5,0.0038024049630668573,0.38976377952755903,5,,,,,,,,,1,1,1,0.7,1.0
31,79,6,0.003933385627379168,0.396,5,,,,,,,,,1,1,1,0.7,1.0
31,80,6,0.009540177285457217,0.38976377952755903,5,,,,,,,,,1,1,1,0.7,1.0
31,81,4,0.003878362412685233,0.3535714285714286,3,,,,,,,,,1,1,1,0.7,1.0
31,82,6,0.006102204291129582,0.3793103448275862,5,,,,,,,,,1,1,1,0.7,1.0
31,83,9,0.020811545403340872,0.4230769230769231,5,,,,,,,,,1,1,1,0.7,1.0
31,84,7,0.012843574800630352,0.38823529411764707,5,,,,,,,,,1,1,1,0.7,1.0
31,85,11,0.02311943072088779,0.43612334801762115,5,,,,,,,,,1,1,1,0.7,1.0
31,86,9,0.02249266760837428,0.4230769230769231,5,,,,,,,,,1,1,1,0.7,1.0
31,87,9,0.01288331850351868,0.4248927038626609,5,,,,,,,,,1,1,1,0.7,1.0
31,88,7,0.009293753449501873,0.4090909090909091,5,,,,,,,,,1,1,1,0.7,1.0
31,89,7,0.007638586484533018,0.4074074074074074,5,,,,,,,,,1,1,1,0.7,1.0
31,90,10,0.023171127747701463,0.43231441048034935,5,,,,,,,,,1,1,1,0.7,1.0
31,91,10,0.02595944987752483,0.4439461883408072,5,,,,,,,,,1,1,1,0.7,1.0
31,92,7,0.008537605041661208,0.4008097165991903,5,,,,,,,,,1,1,1,0.7,1.0
31,93,10,0.02616016778149733,0.4479638009049774,5,,,,,,,,,1,1,1,0.7,1.0
31,94,4,0.002824004922169769,0.36,4,,,,,,,,,1,1,1,0.7,1.0
31,95,6,0.0073059396014398675,0.4057377049180328,5,,,,,,,,,1,1,1,0.7,1.0
31,96,6,0.008292640749202327,0.391304347826087,5,,,,,,,,,1,1,1,0.7,1.0
31,97,7,0.012769970808459086,0.4090909090909091,5,,,,,,,,,1,1,1,0.7,1.0
31,98,9,0.016231205942319603,0.4267241379310345,5,,,,,,,,,1,1,1,0.7,1.0
31,99,10,0.02365500758389639,0.4177215189873418,5,,,,,,,,,1,1,1,0.7,1.0
32,0,12,0.027870177639501746,0.4439461883408072,5,,,,,,,,,1,1,1,0.7,1.0
32,1,6,0.008284928002406858,0.39759036144578314,5,,,,,,,,,1,1,1,0.7,1.0
32,2,6,0.007862988956379923,0.3944223107569721,5,,,,,,,,,1,1,1,0.7,1.0
32,3,7,0.009060616819988506,0.4125,5,,,,,,,,,1,1,1,0.7,1.0
32,4,7,0.011546566243780348,0.38372093023255816,5,,,,,,,,,1,1,1,0.7,1.0
32,5,6,0.007353821423085494,0.38823529411764707,5,,,,,,,,,1,1,1,0.7,1.0
32,6,8,0.016582929083409786,0.4024390243902439,5,,,,,,,,,1,1,1,0.7,1.0
32,7,7,0.01482499303979092,0.4090909090909091,5,,,,,,,,,1,1,1,0.7,1.0
32,8,5,0.004648371147546576,0.38671875,5,,,,,,,,,1,1,1,0.7,1.0
32,9,8,0.01083664390532592,0.4125,5,,,,,,,,,1,1,1,0.7,1.0
32,10,4,0.0030267081689468824,0.375,4,,,,,,,,,1,1,1,0.7,1.0
32,11,3,0.001798234955708471,0.3378839590443686,3,,,,,,,,,1,1,1,0.7,1.0
32,12,12,0.03246531234079403,0.4714285714285714,5,,,,,,,,,1,1,1,0.7,1.0
32,13,7,0.009413152607664656,0.3944223107569721,5,,,,,,,,,1,1,1,0.7,1.0
32,14,10,0.02034681887297241,0.43612334801762115,5,,,,,,,,,1,1,1,0.7,1.0
32,15,9,0.022967970997341273,0.4125,5,,,,,,,,,1,1,1,0.7,1.0
32,16,3,0.0008141163676104925,0.3473684210526316,3,,,,,,,,,1,1,1,0.7,1.0
32,17,9,0.013710214410568368,0.4125,5,,,,,,,,,1,1,1,0.7,1.0
32,18,12,0.029269697836801636,0.4669811320754717,5,,,,,,,,,1,1,1,0.7,1.0
32,19,10,0.0202537925463073,0.4419642857142857,5,,,,,,,,,1,1,1,0.7,1.0
32,20,3,0.0021808142692860207,0.339041095890411,3,,,,,,,,,1,1,1,0.7,1.0
32,21,6,0.007542316400121865,0.39919354838709675,5,,,,,,,,,1,1,1,0.7,1.0
32,22,10,0.029376023808859605,0.43043478260869567,5,,,,,,,,,1,1,1,0.7,1.0
32,23,9,0.01864473712174515,0.4267241379310345,5,,,,,,,,,1,1,1,0.7,1.0
32,24,2,0.0,0.32038834951456313,2,,,,,,,,,1,1,1,0.7,1.0
32,25,5,0.0062320001243736595,0.38076923076923075,5,,,,,,,,,1,1,1,0.7,1.0
32,26,3,0.0011672780323125835,0.36,3,,,,,,,,,1,1,1,0.7,1.0
32,27,14,0.04032081334260075,0.4782608695652174,5,,,,,,,,,1,1,1,0.7,1.0
32,28,11,0.025196041378104415,0.4479638009049774,5,,,,,,,,,1,1,1,0.7,1.0
32,29,6,0.007148901888439518,0.391304347826087,5,,,,,,,,,1,1,1,0.7,1.0
32,30,6,0.007893523509131792,0.38671875,5,,,,,,,,,1,1,1,0.7,1.0
32,31,8,0.016685872476458252,0.4008097165991903,5,,,,,,,,,1,1,1,0.7,1.0
32,32,15,0.042175075381476565,0.47368421052631576,5,,,,,,,,,1,1,1,0.7,1.0
32,33,9,0.02012775183331944,0.4230769230769231,5,,,,,,,,,1,1,1,0.7,1.0
32,34,9,0.01841082522871394,0.4248927038626609,5,,,,,,,,,1,1,1,0.7,1.0
32,35,9,0.022128555021271912,0.42127659574468085,5,,,,,,,,,1,1,1,0.7,1.0
32,36,6,0.009052232439077976,0.4008097165991903,5,,,,,,,,,1,1,1,0.7,1.0
32,37,10,0.022884808637103175,0.4439461883408072,5,,,,,,,,,1,1,1,0.7,1.0
32,38,3,0.0011621659124968892,0.33559322033898303,3,,,,,,,,,1,1,1,0.7,1.0
32,39,7,0.009374462711473703,0.4125,5,,,,,,,,,1,1,1,0.7,1.0
32,40,7,0.010041046143858966,0.41422594142259417,5,,,,,,,,,1,1,1,0.7,1.0
32,41,8,0.01644273385424969,0.42127659574468085,5,,,,,,,,,1,1,1,0.7,1.0
32,42,7,0.008107386616062813,0.40408163265306124,5,,,,,,,,,1,1,1,0.7,1.0
32,43,8,0.014842540020111665,0.43805309734513276,5,,,,,,,,,1,1,1,0.7,1.0
32,44,9,0.019506962294465077,0.4194915254237288,5,,,,,,,,,1,1,1,0.7,1.0
32,45,8,0.015499166069116324,0.4090909090909091,5,,,,,,,,,1,1,1,0.7,1.0
32,46,7,0.009132084094994313,0.4107883817427386,5,,,,,,,,,1,1,1,0.7,1.0
32,47,8,0.01588333884215923,0.4008097165991903,5,,,,,,,,,1,1,1,0.7,1.0
32,48,8,0.013057353661506293,0.4194915254237288,5,,,,,,,,,1,1,1,0.7,1.0
32,49,10,0.022998126649215727,0.4342105263157895,5,,,,,,,,,1,1,1,0.7,1.0
32,50,10,0.0308143346441008,0.43805309734513276,5,,,,,,,,,1,1,1,0.7,1.0
32,51,14,0.03914697687093884,0.4714285714285714,5,,,,,,,,,1,1,1,0.7,1.0
32,52,5,0.008107289253582214,0.376425855513308,5,,,,,,,,,1,1,1,0.7,1.0
32,53,8,0.011537483487035103,0.4177215189873418,5,,,,,,,,,1,1,1,0.7,1.0
32,54,4,0.003793024144388423,0.3626373626373626,3,,,,,,,,,1,1,1,0.7,1.0
32,55,10,0.023237659776797134,0.4541284403669725,5,,,,,,,,,1,1,1,0.7,1.0
32,56,5,0.005797905192208366,0.37358490566037733,5,,,,,,,,,1,1,1,0.7,1.0
32,57,8,0.016349603863737225,0.4090909090909091,5,,,,,,,,,1,1,1,0.7,1.0
32,58,9,0.019899514796318962,0.4194915254237288,5,,,,,,,,,1,1,1,0.7,1.0
32,59,10,0.022085707361162835,0.4342105263157895,5,,,,,,,,,1,1,1,0.7,1.0
32,60,11,0.019807911567924382,0.43612334801762115,5,,,,,,,,,1,1,1,0.7,1.0
32,61,8,0.010424008924552612,0.4057377049180328,5,,,,,,,,,1,1,1,0.7,1.0
32,62,12,0.025946448104021823,0.45622119815668205,5,,,,,,,,,1,1,1,0.7,1.0
32,63,2,0.0005614126362425681,0.3344594594594595,2,,,,,,,,,1,1,1,0.7,1.0
32,64,9,0.01872332415682547,0.4267241379310345,5,,,,,,,,,1,1,1,0.7,1.0
32,65,12,0.031032488648889307,0.4520547945205479,5,,,,,,,,,1,1,1,0.7,1.0
32,66,6,0.0057761754226101384,0.38372093023255816,5,,,,,,,,,1,1,1,0.7,1.0
32,67,7,0.013160777951982968,0.42127659574468085,5,,,,,,,,,1,1,1,0.7,1.0
32,68,9,0.017227215239394276,0.4248927038626609,5,,,,,,,,,1,1,1,0.7,1.0
32,69,10,0.025227933667602773,0.4177215189873418,5,,,,,,,,,1,1,1,0.7,1.0
32,70,8,0.01387620475838911,0.4267241379310345,5,,,,,,,,,1,1,1,0.7,1.0
32,71,9,0.016185486162689472,0.41596638655462187,5,,,,,,,,,1,1,1,0.7,1.0
32,72,9,0.015273779864619004,0.43043478260869567,5,,,,,,,,,1,1,1,0.7,1.0
32,73,5,0.004078652941379849,0.375,5,,,,,,,,,1,1,1,0.7,1.0
32,74,9,0.018681489814624395,0.4125,5,,,,,,,,,1,1,1,0.7,1.0
32,75,9,0.0171208681049252,0.43231441048034935,5,,,,,,,,,1,1,1,0.7,1.0
32,76,9,0.014075601128570363,0.42127659574468085,5,,,,,,,,,1,1,1,0.7,1.0
32,77,10,0.01743825099569623,0.44,5,,,,,,,,,1,1,1,0.7,1.0
32,78,5,0.0038024049630668573,0.38976377952755903,5,,,,,,,,,1,1,1,0.7,1.0
32,79,6,0.003933385627379168,0.396,5,,,,,,,,,1,1,1,0.7,1.0
32,80,6,0.009540177285457217,0.38976377952755903,5,,,,,,,,,1,1,1,0.7,1.0
32,81,4,0.003878362412685233,0.3535714285714286,3,,,,,,,,,1,1,1,0.7,1.0
32,82,6,0.006102204291129582,0.3793103448275862,5,,,,,,,,,1,1,1,0.7,1.0
32,83,9,0.020811545403340872,0.4230769230769231,5,,,,,,,,,1,1,1,0.7,1.0
32,84,7,0.012843574800630352,0.38823529411764707,5,,,,,,,,,1,1,1,0.7,1.0
32,85,11,0.02311943072088779,0.43612334801762115,5,,,,,,,,,1,1,1,0.7,1.0
32,86,9,0.02249266760837428,0.4230769230769231,5,,,,,,,,,1,1,1,0.7,1.0
32,87,9,0.01288331850351868,0.4248927038626609,5,,,,,,,,,1,1,1,0.7,1.0
32,88,7,0.009293753449501873,0.4090909090909091,5,,,,,,,,,1,1,1,0.7,1.0
32,89,7,0.007638586484533018,0.4074074074074074,5,,,,,,,,,1,1,1,0.7,1.0
32,90,10,0.023171127747701463,0.43231441048034935,5,,,,,,,,,1,1,1,0.7,1.0
32,91,10,0.02595944987752483,0.4439461883408072,5,,,,,,,,,1,1,1,0.7,1.0
32,92,7,0.008537605041661208,0.4008097165991903,5,,,,,,,,,1,1,1,0.7,1.0
32,93,10,0.02616016778149733,0.4479638009049774,5,,,,,,,,,1,1,1,0.7,1.0
32,94,4,0.002824004922169769,0.36,4,,,,,,,,,1,1,1,0.7,1.0
32,95,6,0.0073059396014398675,0.4057377049180328,5,,,,,,,,,1,1,1,0.7,1.0
32,96,6,0.008292640749202327,0.391304347826087,5,,,,,,,,,1,1,1,0.7,1.0
32,97,7,0.012769970808459086,0.4090909090909091,5,,,,,,,,,1,1,1,0.7,1.0
32,98,9,0.016231205942319603,0.4267241379310345,5,,,,,,,,,1,1,1,0.7,1.0
32,99,10,0.02365500758389639,0.4177215189873418,5,,,,,,,,,1,1,1,0.7,1.0
33,0,12,0.027870177639501746,0.4439461883408072,5,,,,,,,,,1,1,1,0.7,1.0
33,1,6,0.008284928002406858,0.39759036144578314,5,,,,,,,,,1,1,1,0.7,1.0
33,2,6,0.007862988956379923,0.3944223107569721,5,,,,,,,,,1,1,1,0.7,1.0
33,3,7,0.009060616819988506,0.4125,5,,,,,,,,,1,1,1,0.7,1.0
33,4,7,0.011546566243780348,0.38372093023255816,5,,,,,,,,,1,1,1,0.7,1.0
33,5,6,0.007353821423085494,0.38823529411764707,5,,,,,,,,,1,1,1,0.7,1.0
33,6,8,0.016582929083409786,0.4024390243902439,5,,,,,,,,,1,1,1,0.7,1.0
33,7,7,0.01482499303979092,0.4090909090909091,5,,,,,,,,,1,1,1,0.7,1.0
33,8,5,0.004648371147546576,0.38671875,5,,,,,,,,,1,1,1,0.7,1.0
33,9,8,0.01083664390532592,0.4125,5,,,,,,,,,1,1,1,0.7,1.0
33,10,4,0.0030267081689468824,0.375,4,,,,,,,,,1,1,1,0.7,1.0
33,11,3,0.001798234955708471,0.3378839590443686,3,,,,,,,,,1,1,1,0.7,1.0
33,12,12,0.03246531234079403,0.4714285714285714,5,,,,,,,,,1,1,1,0.7,1.0
33,13,7,0.009413152607664656,0.3944223107569721,5,,,,,,,,,1,1,1,0.7,1.0
33,14,10,0.02034681887297241,0.43612334801762115,5,,,,,,,,,1,1,1,0.7,1.0
33,15,9,0.022967970997341273,0.4125,5,,,,,,,,,1,1,1,0.7,1.0
33,16,3,0.0008141163676104925,0.3473684210526316,3,,,,,,,,,1,1,1,0.7,1.0
33,17,9,0.013710214410568368,0.4125,5,,,,,,,,,1,1,1,0.7,1.0
33,18,12,0.029269697836801636,0.4669811320754717,5,,,,,,,,,1,1,1,0.7,1.0
33,19,10,0.0202537925463073,0.4419642857142857,5,,,,,,,,,1,1,1,0.7,1.0
33,20,3,0.0021808142692860207,0.339041095890411,3,,,,,,,,,1,1,1,0.7,1.0
33,21,6,0.007542316400121865,0.39919354838709675,5,,,,,,,,,1,1,1,0.7,1.0
33,22,10,0.029376023808859605,0.43043478260869567,5,,,,,,,,,1,1,1,0.7,1.0
33,23,9,0.01864473712174515,0.4267241379310345,5,,,,,,,,,1,1,1,0.7,1.0
33,24,2,0.0,0.32038834951456313,2,,,,,,,,,1,1,1,0.7,1.0
33,25,5,0.0062320001243736595,0.38076923076923075,5,,,,,,,,,1,1,1,0.7,1.0
33,26,3,0.0011672780323125835,0.36,3,,,,,,,,,1,1,1,0.7,1.0
33,27,14,0.04032081334260075,0.4782608695652174,5,,,,,,,,,1,1,1,0.7,1.0
33,28,11,0.025196041378104415,0.4479638009049774,5,,,,,,,,,1,1,1,0.7,1.0
33,29,6,0.007148901888439518,0.391304347826087,5,,,,,,,,,1,1,1,0.7,1.0
33,30,6,0.007893523509131792,0.38671875,5,,,,,,,,,1,1,1,0.7,1.0
33,31,8,0.016685872476458252,0.4008097165991903,5,,,,,,,,,1,1,1,0.7,1.0
33,32,15,0.042175075381476565,0.47368421052631576,5,,,,,,,,,1,1,1,0.7,1.0
33,33,9,0.02012775183331944,0.4230769230769231,5,,,,,,,,,1,1,1,0.7,1.0
33,34,9,0.01841082522871394,0.4248927038626609,5,,,,,,,,,1,1,1,0.7,1.0
33,35,9,0.022128555021271912,0.42127659574468085,5,,,,,,,,,1,1,1,0.7,1.0
33,36,6,0.009052232439077976,0.4008097165991903,5,,,,,,,,,1,1,1,0.7,1.0
33,37,10,0.022884808637103175,0.4439461883408072,5,,,,,,,,,1,1,1,0.7,1.0
33,38,3,0.0011621659124968892,0.33559322033898303,3,,,,,,,,,1,1,1,0.7,1.0
33,39,7,0.009374462711473703,0.4125,5,,,,,,,,,1,1,1,0.7,1.0
33,40,7,0.010041046143858966,0.41422594142259417,5,,,,,,,,,1,1,1,0.7,1.0
33,41,8,0.01644273385424969,0.42127659574468085,5,,,,,,,,,1,1,1,0.7,1.0
33,42,7,0.008107386616062813,0.40408163265306124,5,,,,,,,,,1,1,1,0.7,1.0
33,43,8,0.014842540020111665,0.43805309734513276,5,,,,,,,,,1,1,1,0.7,1.0
33,44,9,0.019506962294465077,0.4194915254237288,5,,,,,,,,,1,1,1,0.7,1.0
33,45,8,0.015499166069116324,0.4090909090909091,5,,,,,,,,,1,1,1,0.7,1.0
33,46,7,0.009132084094994313,0.4107883817427386,5,,,,,,,,,1,1,1,0.7,1.0
33,47,8,0.01588333884215923,0.4008097165991903,5,,,,,,,,,1,1,1,0.7,1.0
33,48,8,0.013057353661506293,0.4194915254237288,5,,,,,,,,,1,1,1,0.7,1.0
33,49,10,0.022998126649215727,0.4342105263157895,5,,,,,,,,,1,1,1,0.7,1.0
33,50,10,0.0308143346441008,0.43805309734513276,5,,,,,,,,,1,1,1,0.7,1.0
33,51,14,0.03914697687093884,0.4714285714285714,5,,,,,,,,,1,1,1,0.7,1.0
33,52,5,0.008107289253582214,0.376425855513308,5,,,,,,,,,1,1,1,0.7,1.0
33,53,8,0.011537483487035103,0.4177215189873418,5,,,,,,,,,1,1,1,0.7,1.0
33,54,4,0.003793024144388423,0.3626373626373626,3,,,,,,,,,1,1,1,0.7,1.0
33,55,10,0.023237659776797134,0.4541284403669725,5,,,,,,,,,1,1,1,0.7,1.0
33,56,5,0.005797905192208366,0.37358490566037733,5,,,,,,,,,1,1,1,0.7,1.0
33,57,8,0.016349603863737225,0.4090909090909091,5,,,,,,,,,1,1,1,0.7,1.0
33,58,9,0.019899514796318962,0.4194915254237288,5,,,,,,,,,1,1,1,0.7,1.0
33,59,10,0.022085707361162835,0.4342105263157895,5,,,,,,,,,1,1,1,0.7,1.0
33,60,11,0.019807911567924382,0.43612334801762115,5,,,,,,,,,1,1,1,0.7,1.0
33,61,8,0.010424008924552612,0.4057377049180328,5,,,,,,,,,1,1,1,0.7,1.0
33,62,12,0.025946448104021823,0.45622119815668205,5,,,,,,,,,1,1,1,0.7,1.0
33,63,2,0.0005614126362425681,0.3344594594594595,2,,,,,,,,,1,1,1,0.7,1.0
33,64,9,0.01872332415682547,0.4267241379310345,5,,,,,,,,,1,1,1,0.7,1.0
33,65,12,0.031032488648889307,0.4520547945205479,5,,,,,,,,,1,1,1,0.7,1.0
33,66,6,0.0057761754226101384,0.38372093023255816,5,,,,,,,,,1,1,1,0.7,1.0
33,67,7,0.013160777951982968,0.42127659574468085,5,,,,,,,,,1,1,1,0.7,1.0
33,68,9,0.017227215239394276,0.4248927038626609,5,,,,,,,,,1,1,1,0.7,1.0
33,69,10,0.025227933667602773,0.4177215189873418,5,,,,,,,,,1,1,1,0.7,1.0
33,70,8,0.01387620475838911,0.4267241379310345,5,,,,,,,,,1,1,1,0.7,1.0
33,71,9,0.016185486162689472,0.41596638655462187,5,,,,,,,,,1,1,1,0.7,1.0
33,72,9,0.015273779864619004,0.43043478260869567,5,,,,,,,,,1,1,1,0.7,1.0
33,73,5,0.004078652941379849,0.375,5,,,,,,,,,1,1,1,0.7,1.0
33,74,9,0.018681489814624395,0.4125,5,,,,,,,,,1,1,1,0.7,1.0
33,75,9,0.0171208681049252,0.43231441048034935,5,,,,,,,,,1,1,1,0.7,1.0
33,76,9,0.014075601128570363,0.42127659574468085,5,,,,,,,,,1,1,1,0.7,1.0
33,77,10,0.01743825099569623,0.44,5,,,,,,,,,1,1,1,0.7,1.0
33,78,5,0.0038024049630668573,0.38976377952755903,5,,,,,,,,,1,1,1,0.7,1.0
33,79,6,0.003933385627379168,0.396,5,,,,,,,,,1,1,1,0.7,1.0
33,80,6,0.009540177285457217,0.38976377952755903,5,,,,,,,,,1,1,1,0.7,1.0
33,81,4,0.003878362412685233,0.3535714285714286,3,,,,,,,,,1,1,1,0.7,1.0
33,82,6,0.006102204291129582,0.3793103448275862,5,,,,,,,,,1,1,1,0.7,1.0
33,83,9,0.020811545403340872,0.4230769230769231,5,,,,,,,,,1,1,1,0.7,1.0
33,84,7,0.012843574800630352,0.38823529411764707,5,,,,,,,,,1,1,1,0.7,1.0
33,85,11,0.02311943072088779,0.43612334801762115,5,,,,,,,,,1,1,1,0.7,1.0
33,86,9,0.02249266760837428,0.4230769230769231,5,,,,,,,,,1,1,1,0.7,1.0
33,87,9,0.01288331850351868,0.4248927038626609,5,,,,,,,,,1,1,1,0.7,1.0
33,88,7,0.009293753449501873,0.4090909090909091,5,,,,,,,,,1,1,1,0.7,1.0
33,89,7,0.007638586484533018,0.4074074074074074,5,,,,,,,,,1,1,1,0.7,1.0
33,90,10,0.023171127747701463,0.43231441048034935,5,,,,,,,,,1,1,1,0.7,1.0
33,91,10,0.02595944987752483,0.4439461883408072,5,,,,,,,,,1,1,1,0.7,1.0
33,92,7,0.008537605041661208,0.4008097165991903,5,,,,,,,,,1,1,1,0.7,1.0
33,93,10,0.02616016778149733,0.4479638009049774,5,,,,,,,,,1,1,1,0.7,1.0
33,94,4,0.002824004922169769,0.36,4,,,,,,,,,1,1,1,0.7,1.0
33,95,6,0.0073059396014398675,0.4057377049180328,5,,,,,,,,,1,1,1,0.7,1.0
33,96,6,0.008292640749202327,0.391304347826087,5,,,,,,,,,1,1,1,0.7,1.0
33,97,7,0.012769970808459086,0.4090909090909091,5,,,,,,,,,1,1,1,0.7,1.0
33,98,9,0.016231205942319603,0.4267241379310345,5,,,,,,,,,1,1,1,0.7,1.0
33,99,10,0.02365500758389639,0.4177215189873418,5,,,,,,,,,1,1,1,0.7,1.0
34,0,12,0.027870177639501746,0.4439461883408072,5,,,,,,,,,1,1,1,0.7,1.0
34,1,6,0.008284928002406858,0.39759036144578314,5,,,,,,,,,1,1,1,0.7,1.0
34,2,6,0.007862988956379923,0.3944223107569721,5,,,,,,,,,1,1,1,0.7,1.0
34,3,7,0.009060616819988506,0.4125,5,,,,,,,,,1,1,1,0.7,1.0
34,4,7,0.011546566243780348,0.38372093023255816,5,,,,,,,,,1,1,1,0.7,1.0
34,5,6,0.007353821423085494,0.38823529411764707,5,,,,,,,,,1,1,1,0.7,1.0
34,6,8,0.016582929083409786,0.4024390243902439,5,,,,,,,,,1,1,1,0.7,1.0
34,7,7,0.01482499303979092,0.4090909090909091,5,,,,,,,,,1,1,1,0.7,1.0
34,8,5,0.004648371147546576,0.38671875,5,,,,,,,,,1,1,1,0.7,1.0
34,9,8,0.01083664390532592,0.4125,5,,,,,,,,,1,1,1,0.7,1.0
34,10,4,0.0030267081689468824,0.375,4,,,,,,,,,1,1,1,0.7,1.0
34,11,3,0.001798234955708471,0.3378839590443686,3,,,,,,,,,1,1,1,0.7,1.0
34,12,12,0.03246531234079403,0.4714285714285714,5,,,,,,,,,1,1,1,0.7,1.0
34,13,7,0.009413152607664656,0.3944223107569721,5,,,,,,,,,1,1,1,0.7,1.0
34,14,10,0.02034681887297241,0.43612334801762115,5,,,,,,,,,1,1,1,0.7,1.0
34,15,9,0.022967970997341273,0.4125,5,,,,,,,,,1,1,1,0.7,1.0
34,16,3,0.0008141163676104925,0.3473684210526316,3,,,,,,,,,1,1,1,0.7,1.0
34,17,9,0.013710214410568368,0.4125,5,,,,,,,,,1,1,1,0.7,1.0
34,18,12,0.029269697836801636,0.4669811320754717,5,,,,,,,,,1,1,1,0.7,1.0
34,19,10,0.0202537925463073,0.4419642857142857,5,,,,,,,,,1,1,1,0.7,1.0
34,20,3,0.0021808142692860207,0.339041095890411,3,,,,,,,,,1,1,1,0.7,1.0
34,21,6,0.007542316400121865,0.39919354838709675,5,,,,,,,,,1,1,1,0.7,1.0
34,22,10,0.029376023808859605,0.43043478260869567,5,,,,,,,,,1,1,1,0.7,1.0
34,23,9,0.01864473712174515,0.4267241379310345,5,,,,,,,,,1,1,1,0.7,1.0
34,24,2,0.0,0.32038834951456313,2,,,,,,,,,1,1,1,0.7,1.0
34,25,5,0.0062320001243736595,0.38076923076923075,5,,,,,,,,,1,1,1,0.7,1.0
34,26,3,0.0011672780323125835,0.36,3,,,,,,,,,1,1,1,0.7,1.0
34,27,14,0.04032081334260075,0.4782608695652174,5,,,,,,,,,1,1,1,0.7,1.0
34,28,11,0.025196041378104415,0.4479638009049774,5,,,,,,,,,1,1,1,0.7,1.0
34,29,6,0.007148901888439518,0.391304347826087,5,,,,,,,,,1,1,1,0.7,1.0
34,30,6,0.007893523509131792,0.38671875,5,,,,,,,,,1,1,1,0.7,1.0
34,31,8,0.016685872476458252,0.4008097165991903,5,,,,,,,,,1,1,1,0.7,1.0
34,32,15,0.042175075381476565,0.47368421052631576,5,,,,,,,,,1,1,1,0.7,1.0
34,33,9,0.02012775183331944,0.4230769230769231,5,,,,,,,,,1,1,1,0.7,1.0
34,34,9,0.01841082522871394,0.4248927038626609,5,,,,,,,,,1,1,1,0.7,1.0
34,35,9,0.022128555021271912,0.42127659574468085,5,,,,,,,,,1,1,1,0.7,1.0
34,36,6,0.009052232439077976,0.4008097165991903,5,,,,,,,,,1,1,1,0.7,1.0
34,37,10,0.022884808637103175,0.4439461883408072,5,,,,,,,,,1,1,1,0.7,1.0
34,38,3,0.0011621659124968892,0.33559322033898303,3,,,,,,,,,1,1,1,0.7,1.0
34,39,7,0.009374462711473703,0.4125,5,,,,,,,,,1,1,1,0.7,1.0
34,40,7,0.010041046143858966,0.41422594142259417,5,,,,,,,,,1,1,1,0.7,1.0
34,41,8,0.01644273385424969,0.42127659574468085,5,,,,,,,,,1,1,1,0.7,1.0
34,42,7,0.008107386616062813,0.40408163265306124,5,,,,,,,,,1,1,1,0.7,1.0
34,43,8,0.014842540020111665,0.43805309734513276,5,,,,,,,,,1,1,1,0.7,1.0
34,44,9,0.019506962294465077,0.4194915254237288,5,,,,,,,,,1,1,1,0.7,1.0
34,45,8,0.015499166069116324,0.4090909090909091,5,,,,,,,,,1,1,1,0.7,1.0
34,46,7,0.009132084094994313,0.4107883817427386,5,,,,,,,,,1,1,1,0.7,1.0
34,47,8,0.01588333884215923,0.4008097165991903,5,,,,,,,,,1,1,1,0.7,1.0
34,48,8,0.013057353661506293,0.4194915254237288,5,,,,,,,,,1,1,1,0.7,1.0
34,49,10,0.022998126649215727,0.4342105263157895,5,,,,,,,,,1,1,1,0.7,1.0
34,50,10,0.0308143346441008,0.43805309734513276,5,,,,,,,,,1,1,1,0.7,1.0
34,51,14,0.03914697687093884,0.4714285714285714,5,,,,,,,,,1,1,1,0.7,1.0
34,52,5,0.008107289253582214,0.376425855513308,5,,,,,,,,,1,1,1,0.7,1.0
34,53,8,0.011537483487035103,0.4177215189873418,5,,,,,,,,,1,1,1,0.7,1.0
34,54,4,0.003793024144388423,0.3626373626373626,3,,,,,,,,,1,1,1,0.7,1.0
34,55,10,0.023237659776797134,0.4541284403669725,5,,,,,,,,,1,1,1,0.7,1.0
34,56,5,0.005797905192208366,0.37358490566037733,5,,,,,,,,,1,1,1,0.7,1.0
34,57,8,0.016349603863737225,0.4090909090909091,5,,,,,,,,,1,1,1,0.7,1.0
34,58,9,0.019899514796318962,0.4194915254237288,5,,,,,,,,,1,1,1,0.7,1.0
34,59,10,0.022085707361162835,0.4342105263157895,5,,,,,,,,,1,1,1,0.7,1.0
34,60,11,0.019807911567924382,0.43612334801762115,5,,,,,,,,,1,1,1,0.7,1.0
34,61,8,0.010424008924552612,0.4057377049180328,5,,,,,,,,,1,1,1,0.7,1.0
34,62,12,0.025946448104021823,0.45622119815668205,5,,,,,,,,,1,1,1,0.7,1.0
34,63,2,0.0005614126362425681,0.3344594594594595,2,,,,,,,,,1,1,1,0.7,1.0
34,64,9,0.01872332415682547,0.4267241379310345,5,,,,,,,,,1,1,1,0.7,1.0
34,65,12,0.031032488648889307,0.4520547945205479,5,,,,,,,,,1,1,1,0.7,1.0
34,66,6,0.0057761754226101384,0.38372093023255816,5,,,,,,,,,1,1,1,0.7,1.0
34,67,7,0.013160777951982968,0.42127659574468085,5,,,,,,,,,1,1,1,0.7,1.0
34,68,9,0.017227215239394276,0.4248927038626609,5,,,,,,,,,1,1,1,0.7,1.0
34,69,10,0.025227933667602773,0.4177215189873418,5,,,,,,,,,1,1,1,0.7,1.0
34,70,8,0.01387620475838911,0.4267241379310345,5,,,,,,,,,1,1,1,0.7,1.0
34,71,9,0.016185486162689472,0.41596638655462187,5,,,,,,,,,1,1,1,0.7,1.0
34,72,9,0.015273779864619004,0.43043478260869567,5,,,,,,,,,1,1,1,0.7,1.0
34,73,5,0.004078652941379849,0.375,5,,,,,,,,,1,1,1,0.7,1.0
34,74,9,0.018681489814624395,0.4125,5,,,,,,,,,1,1,1,0.7,1.0
34,75,9,0.0171208681049252,0.43231441048034935,5,,,,,,,,,1,1,1,0.7,1.0
34,76,9,0.014075601128570363,0.42127659574468085,5,,,,,,,,,1,1,1,0.7,1.0
34,77,10,0.01743825099569623,0.44,5,,,,,,,,,1,1,1,0.7,1.0
34,78,5,0.0038024049630668573,0.38976377952755903,5,,,,,,,,,1,1,1,0.7,1.0
34,79,6,0.003933385627379168,0.396,5,,,,,,,,,1,1,1,0.7,1.0
34,80,6,0.009540177285457217,0.38976377952755903,5,,,,,,,,,1,1,1,0.7,1.0
34,81,4,0.003878362412685233,0.3535714285714286,3,,,,,,,,,1,1,1,0.7,1.0
34,82,6,0.006102204291129582,0.3793103448275862,5,,,,,,,,,1,1,1,0.7,1.0
34,83,9,0.020811545403340872,0.4230769230769231,5,,,,,,,,,1,1,1,0.7,1.0
34,84,7,0.012843574800630352,0.38823529411764707,5,,,,,,,,,1,1,1,0.7,1.0
34,85,11,0.02311943072088779,0.43612334801762115,5,,,,,,,,,1,1,1,0.7,1.0
34,86,9,0.02249266760837428,0.4230769230769231,5,,,,,,,,,1,1,1,0.7,1.0
34,87,9,0.01288331850351868,0.4248927038626609,5,,,,,,,,,1,1,1,0.7,1.0
34,88,7,0.009293753449501873,0.4090909090909091,5,,,,,,,,,1,1,1,0.7,1.0
34,89,7,0.007638586484533018,0.4074074074074074,5,,,,,,,,,1,1,1,0.7,1.0
34,90,10,0.023171127747701463,0.43231441048034935,5,,,,,,,,,1,1,1,0.7,1.0
34,91,10,0.02595944987752483,0.4439461883408072,5,,,,,,,,,1,1,1,0.7,1.0
34,92,7,0.008537605041661208,0.4008097165991903,5,,,,,,,,,1,1,1,0.7,1.0
34,93,10,0.02616016778149733,0.4479638009049774,5,,,,,,,,,1,1,1,0.7,1.0
34,94,4,0.002824004922169769,0.36,4,,,,,,,,,1,1,1,0.7,1.0
34,95,6,0.0073059396014398675,0.4057377049180328,5,,,,,,,,,1,1,1,0.7,1.0
34,96,6,0.008292640749202327,0.391304347826087,5,,,,,,,,,1,1,1,0.7,1.0
34,97,7,0.012769970808459086,0.4090909090909091,5,,,,,,,,,1,1,1,0.7,1.0
34,98,9,0.016231205942319603,0.4267241379310345,5,,,,,,,,,1,1,1,0.7,1.0
34,99,10,0.02365500758389639,0.4177215189873418,5,,,,,,,,,1,1,1,0.7,1.0
35,0,12,0.027870177639501746,0.4439461883408072,5,,,,,,,,,1,1,1,0.7,1.0
35,1,6,0.008284928002406858,0.39759036144578314,5,,,,,,,,,1,1,1,0.7,1.0
35,2,6,0.007862988956379923,0.3944223107569721,5,,,,,,,,,1,1,1,0.7,1.0
35,3,7,0.009060616819988506,0.4125,5,,,,,,,,,1,1,1,0.7,1.0
35,4,7,0.011546566243780348,0.38372093023255816,5,,,,,,,,,1,1,1,0.7,1.0
35,5,6,0.007353821423085494,0.38823529411764707,5,,,,,,,,,1,1,1,0.7,1.0
35,6,8,0.016582929083409786,0.4024390243902439,5,,,,,,,,,1,1,1,0.7,1.0
35,7,7,0.01482499303979092,0.4090909090909091,5,,,,,,,,,1,1,1,0.7,1.0
35,8,5,0.004648371147546576,0.38671875,5,,,,,,,,,1,1,1,0.7,1.0
35,9,8,0.01083664390532592,0.4125,5,,,,,,,,,1,1,1,0.7,1.0
35,10,4,0.0030267081689468824,0.375,4,,,,,,,,,1,1,1,0.7,1.0
35,11,3,0.001798234955708471,0.3378839590443686,3,,,,,,,,,1,1,1,0.7,1.0
35,12,12,0.03246531234079403,0.4714285714285714,5,,,,,,,,,1,1,1,0.7,1.0
35,13,7,0.009413152607664656,0.3944223107569721,5,,,,,,,,,1,1,1,0.7,1.0
35,14,10,0.02034681887297241,0.43612334801762115,5,,,,,,,,,1,1,1,0.7,1.0
35,15,9,0.022967970997341273,0.4125,5,,,,,,,,,1,1,1,0.7,1.0
35,16,3,0.0008141163676104925,0.3473684210526316,3,,,,,,,,,1,1,1,0.7,1.0
35,17,9,0.013710214410568368,0.4125,5,,,,,,,,,1,1,1,0.7,1.0
35,18,12,0.029269697836801636,0.4669811320754717,5,,,,,,,,,1,1,1,0.7,1.0
35,19,10,0.0202537925463073,0.4419642857142857,5,,,,,,,,,1,1,1,0.7,1.0
35,20,3,0.0021808142692860207,0.339041095890411,3,,,,,,,,,1,1,1,0.7,1.0
35,21,6,0.007542316400121865,0.39919354838709675,5,,,,,,,,,1,1,1,0.7,1.0
35,22,10,0.029376023808859605,0.43043478260869567,5,,,,,,,,,1,1,1,0.7,1.0
35,23,9,0.01864473712174515,0.4267241379310345,5,,,,,,,,,1,1,1,0.7,1.0
35,24,2,0.0,0.32038834951456313,2,,,,,,,,,1,1,1,0.7,1.0
35,25,5,0.0062320001243736595,0.38076923076923075,5,,,,,,,,,1,1,1,0.7,1.0
35,26,3,0.0011672780323125835,0.36,3,,,,,,,,,1,1,1,0.7,1.0
35,27,14,0.04032081334260075,0.4782608695652174,5,,,,,,,,,1,1,1,0.7,1.0
35,28,11,0.025196041378104415,0.4479638009049774,5,,,,,,,,,1,1,1,0.7,1.0
35,29,6,0.007148901888439518,0.391304347826087,5,,,,,,,,,1,1,1,0.7,1.0
35,30,6,0.007893523509131792,0.38671875,5,,,,,,,,,1,1,1,0.7,1.0
35,31,8,0.016685872476458252,0.4008097165991903,5,,,,,,,,,1,1,1,0.7,1.0
35,32,15,0.042175075381476565,0.47368421052631576,5,,,,,,,,,1,1,1,0.7,1.0
35,33,9,0.02012775183331944,0.4230769230769231,5,,,,,,,,,1,1,1,0.7,1.0
35,34,9,0.01841082522871394,0.4248927038626609,5,,,,,,,,,1,1,1,0.7,1.0
35,35,9,0.022128555021271912,0.42127659574468085,5,,,,,,,,,1,1,1,0.7,1.0
35,36,6,0.009052232439077976,0.4008097165991903,5,,,,,,,,,1,1,1,0.7,1.0
35,37,10,0.022884808637103175,0.4439461883408072,5,,,,,,,,,1,1,1,0.7,1.0
35,38,3,0.0011621659124968892,0.33559322033898303,3,,,,,,,,,1,1,1,0.7,1.0
35,39,7,0.009374462711473703,0.4125,5,,,,,,,,,1,1,1,0.7,1.0
35,40,7,0.010041046143858966,0.41422594142259417,5,,,,,,,,,1,1,1,0.7,1.0
35,41,8,0.01644273385424969,0.42127659574468085,5,,,,,,,,,1,1,1,0.7,1.0
35,42,7,0.008107386616062813,0.40408163265306124,5,,,,,,,,,1,1,1,0.7,1.0
35,43,8,0.014842540020111665,0.43805309734513276,5,,,,,,,,,1,1,1,0.7,1.0
35,44,9,0.019506962294465077,0.4194915254237288,5,,,,,,,,,1,1,1,0.7,1.0
35,45,8,0.015499166069116324,0.4090909090909091,5,,,,,,,,,1,1,1,0.7,1.0
35,46,7,0.009132084094994313,0.4107883817427386,5,,,,,,,,,1,1,1,0.7,1.0
35,47,8,0.01588333884215923,0.4008097165991903,5,,,,,,,,,1,1,1,0.7,1.0
35,48,8,0.013057353661506293,0.4194915254237288,5,,,,,,,,,1,1,1,0.7,1.0
35,49,10,0.022998126649215727,0.4342105263157895,5,,,,,,,,,1,1,1,0.7,1.0
35,50,10,0.0308143346441008,0.43805309734513276,5,,,,,,,,,1,1,1,0.7,1.0
35,51,14,0.03914697687093884,0.4714285714285714,5,,,,,,,,,1,1,1,0.7,1.0
35,52,5,0.008107289253582214,0.376425855513308,5,,,,,,,,,1,1,1,0.7,1.0
35,53,8,0.011537483487035103,0.4177215189873418,5,,,,,,,,,1,1,1,0.7,1.0
35,54,4,0.003793024144388423,0.3626373626373626,3,,,,,,,,,1,1,1,0.7,1.0
35,55,10,0.023237659776797134,0.4541284403669725,5,,,,,,,,,1,1,1,0.7,1.0
35,56,5,0.005797905192208366,0.37358490566037733,5,,,,,,,,,1,1,1,0.7,1.0
35,57,8,0.016349603863737225,0.4090909090909091,5,,,,,,,,,1,1,1,0.7,1.0
35,58,9,0.019899514796318962,0.4194915254237288,5,,,,,,,,,1,1,1,0.7,1.0
35,59,10,0.022085707361162835,0.4342105263157895,5,,,,,,,,,1,1,1,0.7,1.0
35,60,11,0.019807911567924382,0.43612334801762115,5,,,,,,,,,1,1,1,0.7,1.0
35,61,8,0.010424008924552612,0.4057377049180328,5,,,,,,,,,1,1,1,0.7,1.0
35,62,12,0.025946448104021823,0.45622119815668205,5,,,,,,,,,1,1,1,0.7,1.0
35,63,2,0.0005614126362425681,0.3344594594594595,2,,,,,,,,,1,1,1,0.7,1.0
35,64,9,0.01872332415682547,0.4267241379310345,5,,,,,,,,,1,1,1,0.7,1.0
35,65,12,0.031032488648889307,0.4520547945205479,5,,,,,,,,,1,1,1,0.7,1.0
35,66,6,0.0057761754226101384,0.38372093023255816,5,,,,,,,,,1,1,1,0.7,1.0
35,67,7,0.013160777951982968,0.42127659574468085,5,,,,,,,,,1,1,1,0.7,1.0
35,68,9,0.017227215239394276,0.4248927038626609,5,,,,,,,,,1,1,1,0.7,1.0
35,69,10,0.025227933667602773,0.4177215189873418,5,,,,,,,,,1,1,1,0.7,1.0
35,70,8,0.01387620475838911,0.4267241379310345,5,,,,,,,,,1,1,1,0.7,1.0
35,71,9,0.016185486162689472,0.41596638655462187,5,,,,,,,,,1,1,1,0.7,1.0
35,72,9,0.015273779864619004,0.43043478260869567,5,,,,,,,,,1,1,1,0.7,1.0
35,73,5,0.004078652941379849,0.375,5,,,,,,,,,1,1,1,0.7,1.0
35,74,9,0.018681489814624395,0.4125,5,,,,,,,,,1,1,1,0.7,1.0
35,75,9,0.0171208681049252,0.43231441048034935,5,,,,,,,,,1,1,1,0.7,1.0
35,76,9,0.014075601128570363,0.42127659574468085,5,,,,,,,,,1,1,1,0.7,1.0
35,77,10,0.01743825099569623,0.44,5,,,,,,,,,1,1,1,0.7,1.0
35,78,5,0.0038024049630668573,0.38976377952755903,5,,,,,,,,,1,1,1,0.7,1.0
35,79,6,0.003933385627379168,0.396,5,,,,,,,,,1,1,1,0.7,1.0
35,80,6,0.009540177285457217,0.38976377952755903,5,,,,,,,,,1,1,1,0.7,1.0
35,81,4,0.003878362412685233,0.3535714285714286,3,,,,,,,,,1,1,1,0.7,1.0
35,82,6,0.006102204291129582,0.3793103448275862,5,,,,,,,,,1,1,1,0.7,1.0
35,83,9,0.020811545403340872,0.4230769230769231,5,,,,,,,,,1,1,1,0.7,1.0
35,84,7,0.012843574800630352,0.38823529411764707,5,,,,,,,,,1,1,1,0.7,1.0
35,85,11,0.02311943072088779,0.43612334801762115,5,,,,,,,,,1,1,1,0.7,1.0
35,86,9,0.02249266760837428,0.4230769230769231,5,,,,,,,,,1,1,1,0.7,1.0
35,87,9,0.01288331850351868,0.4248927038626609,5,,,,,,,,,1,1,1,0.7,1.0
35,88,7,0.009293753449501873,0.4090909090909091,5,,,,,,,,,1,1,1,0.7,1.0
35,89,7,0.007638586484533018,0.4074074074074074,5,,,,,,,,,1,1,1,0.7,1.0
35,90,10,0.023171127747701463,0.43231441048034935,5,,,,,,,,,1,1,1,0.7,1.0
35,91,10,0.02595944987752483,0.4439461883408072,5,,,,,,,,,1,1,1,0.7,1.0
35,92,7,0.008537605041661208,0.4008097165991903,5,,,,,,,,,1,1,1,0.7,1.0
35,93,10,0.02616016778149733,0.4479638009049774,5,,,,,,,,,1,1,1,0.7,1.0
35,94,4,0.002824004922169769,0.36,4,,,,,,,,,1,1,1,0.7,1.0
35,95,6,0.0073059396014398675,0.4057377049180328,5,,,,,,,,,1,1,1,0.7,1.0
35,96,6,0.008292640749202327,0.391304347826087,5,,,,,,,,,1,1,1,0.7,1.0
35,97,7,0.012769970808459086,0.4090909090909091,5,,,,,,,,,1,1,1,0.7,1.0
35,98,9,0.016231205942319603,0.4267241379310345,5,,,,,,,,,1,1,1,0.7,1.0
35,99,10,0.02365500758389639,0.4177215189873418,5,,,,,,,,,1,1,1,0.7,1.0
36,0,12,0.027870177639501746,0.4439461883408072,5,,,,,,,,,1,1,1,0.7,1.0
36,1,6,0.008284928002406858,0.39759036144578314,5,,,,,,,,,1,1,1,0.7,1.0
36,2,6,0.007862988956379923,0.3944223107569721,5,,,,,,,,,1,1,1,0.7,1.0
36,3,7,0.009060616819988506,0.4125,5,,,,,,,,,1,1,1,0.7,1.0
36,4,7,0.011546566243780348,0.38372093023255816,5,,,,,,,,,1,1,1,0.7,1.0
36,5,6,0.007353821423085494,0.38823529411764707,5,,,,,,,,,1,1,1,0.7,1.0
36,6,8,0.016582929083409786,0.4024390243902439,5,,,,,,,,,1,1,1,0.7,1.0
36,7,7,0.01482499303979092,0.4090909090909091,5,,,,,,,,,1,1,1,0.7,1.0
36,8,5,0.004648371147546576,0.38671875,5,,,,,,,,,1,1,1,0.7,1.0
36,9,8,0.01083664390532592,0.4125,5,,,,,,,,,1,1,1,0.7,1.0
36,10,4,0.0030267081689468824,0.375,4,,,,,,,,,1,1,1,0.7,1.0
36,11,3,0.001798234955708471,0.3378839590443686,3,,,,,,,,,1,1,1,0.7,1.0
36,12,12,0.03246531234079403,0.4714285714285714,5,,,,,,,,,1,1,1,0.7,1.0
36,13,7,0.009413152607664656,0.3944223107569721,5,,,,,,,,,1,1,1,0.7,1.0
36,14,10,0.02034681887297241,0.43612334801762115,5,,,,,,,,,1,1,1,0.7,1.0
36,15,9,0.022967970997341273,0.4125,5,,,,,,,,,1,1,1,0.7,1.0
36,16,3,0.0008141163676104925,0.3473684210526316,3,,,,,,,,,1,1,1,0.7,1.0
36,17,9,0.013710214410568368,0.4125,5,,,,,,,,,1,1,1,0.7,1.0
36,18,12,0.029269697836801636,0.4669811320754717,5,,,,,,,,,1,1,1,0.7,1.0
36,19,10,0.0202537925463073,0.4419642857142857,5,,,,,,,,,1,1,1,0.7,1.0
36,20,3,0.0021808142692860207,0.339041095890411,3,,,,,,,,,1,1,1,0.7,1.0
36,21,6,0.007542316400121865,0.39919354838709675,5,,,,,,,,,1,1,1,0.7,1.0
36,22,10,0.029376023808859605,0.43043478260869567,5,,,,,,,,,1,1,1,0.7,1.0
36,23,9,0.01864473712174515,0.4267241379310345,5,,,,,,,,,1,1,1,0.7,1.0
36,24,2,0.0,0.32038834951456313,2,,,,,,,,,1,1,1,0.7,1.0
36,25,5,0.0062320001243736595,0.38076923076923075,5,,,,,,,,,1,1,1,0.7,1.0
36,26,3,0.0011672780323125835,0.36,3,,,,,,,,,1,1,1,0.7,1.0
36,27,14,0.04032081334260075,0.4782608695652174,5,,,,,,,,,1,1,1,0.7,1.0
36,28,11,0.025196041378104415,0.4479638009049774,5,,,,,,,,,1,1,1,0.7,1.0
36,29,6,0.007148901888439518,0.391304347826087,5,,,,,,,,,1,1,1,0.7,1.0
36,30,6,0.007893523509131792,0.38671875,5,,,,,,,,,1,1,1,0.7,1.0
36,31,8,0.016685872476458252,0.4008097165991903,5,,,,,,,,,1,1,1,0.7,1.0
36,32,15,0.042175075381476565,0.47368421052631576,5,,,,,,,,,1,1,1,0.7,1.0
36,33,9,0.02012775183331944,0.4230769230769231,5,,,,,,,,,1,1,1,0.7,1.0
36,34,9,0.01841082522871394,0.4248927038626609,5,,,,,,,,,1,1,1,0.7,1.0
36,35,9,0.022128555021271912,0.42127659574468085,5,,,,,,,,,1,1,1,0.7,1.0
36,36,6,0.009052232439077976,0.4008097165991903,5,,,,,,,,,1,1,1,0.7,1.0
36,37,10,0.022884808637103175,0.4439461883408072,5,,,,,,,,,1,1,1,0.7,1.0
36,38,3,0.0011621659124968892,0.33559322033898303,3,,,,,,,,,1,1,1,0.7,1.0
36,39,7,0.009374462711473703,0.4125,5,,,,,,,,,1,1,1,0.7,1.0
36,40,7,0.010041046143858966,0.41422594142259417,5,,,,,,,,,1,1,1,0.7,1.0
36,41,8,0.01644273385424969,0.42127659574468085,5,,,,,,,,,1,1,1,0.7,1.0
36,42,7,0.008107386616062813,0.40408163265306124,5,,,,,,,,,1,1,1,0.7,1.0
36,43,8,0.014842540020111665,0.43805309734513276,5,,,,,,,,,1,1,1,0.7,1.0
36,44,9,0.019506962294465077,0.4194915254237288,5,,,,,,,,,1,1,1,0.7,1.0
36,45,8,0.015499166069116324,0.4090909090909091,5,,,,,,,,,1,1,1,0.7,1.0
36,46,7,0.009132084094994313,0.4107883817427386,5,,,,,,,,,1,1,1,0.7,1.0
36,47,8,0.01588333884215923,0.4008097165991903,5,,,,,,,,,1,1,1,0.7,1.0
36,48,8,0.013057353661506293,0.4194915254237288,5,,,,,,,,,1,1,1,0.7,1.0
36,49,10,0.022998126649215727,0.4342105263157895,5,,,,,,,,,1,1,1,0.7,1.0
36,50,10,0.0308143346441008,0.43805309734513276,5,,,,,,,,,1,1,1,0.7,1.0
36,51,14,0.03914697687093884,0.4714285714285714,5,,,,,,,,,1,1,1,0.7,1.0
36,52,5,0.008107289253582214,0.376425855513308,5,,,,,,,,,1,1,1,0.7,1.0
36,53,8,0.011537483487035103,0.4177215189873418,5,,,,,,,,,1,1,1,0.7,1.0
36,54,4,0.003793024144388423,0.3626373626373626,3,,,,,,,,,1,1,1,0.7,1.0
36,55,10,0.023237659776797134,0.4541284403669725,5,,,,,,,,,1,1,1,0.7,1.0
36,56,5,0.005797905192208366,0.37358490566037733,5,,,,,,,,,1,1,1,0.7,1.0
36,57,8,0.016349603863737225,0.4090909090909091,5,,,,,,,,,1,1,1,0.7,1.0
36,58,9,0.019899514796318962,0.4194915254237288,5,,,,,,,,,1,1,1,0.7,1.0
36,59,10,0.022085707361162835,0.4342105263157895,5,,,,,,,,,1,1,1,0.7,1.0
36,60,11,0.019807911567924382,0.43612334801762115,5,,,,,,,,,1,1,1,0.7,1.0
36,61,8,0.010424008924552612,0.4057377049180328,5,,,,,,,,,1,1,1,0.7,1.0
36,62,12,0.025946448104021823,0.45622119815668205,5,,,,,,,,,1,1,1,0.7,1.0
36,63,2,0.0005614126362425681,0.3344594594594595,2,,,,,,,,,1,1,1,0.7,1.0
36,64,9,0.01872332415682547,0.4267241379310345,5,,,,,,,,,1,1,1,0.7,1.0
36,65,12,0.031032488648889307,0.4520547945205479,5,,,,,,,,,1,1,1,0.7,1.0
36,66,6,0.0057761754226101384,0.38372093023255816,5,,,,,,,,,1,1,1,0.7,1.0
36,67,7,0.013160777951982968,0.42127659574468085,5,,,,,,,,,1,1,1,0.7,1.0
36,68,9,0.017227215239394276,0.4248927038626609,5,,,,,,,,,1,1,1,0.7,1.0
36,69,10,0.025227933667602773,0.4177215189873418,5,,,,,,,,,1,1,1,0.7,1.0
36,70,8,0.01387620475838911,0.4267241379310345,5,,,,,,,,,1,1,1,0.7,1.0
36,71,9,0.016185486162689472,0.41596638655462187,5,,,,,,,,,1,1,1,0.7,1.0
36,72,9,0.015273779864619004,0.43043478260869567,5,,,,,,,,,1,1,1,0.7,1.0
36,73,5,0.004078652941379849,0.375,5,,,,,,,,,1,1,1,0.7,1.0
36,74,9,0.018681489814624395,0.4125,5,,,,,,,,,1,1,1,0.7,1.0
36,75,9,0.0171208681049252,0.43231441048034935,5,,,,,,,,,1,1,1,0.7,1.0
36,76,9,0.014075601128570363,0.42127659574468085,5,,,,,,,,,1,1,1,0.7,1.0
36,77,10,0.01743825099569623,0.44,5,,,,,,,,,1,1,1,0.7,1.0
36,78,5,0.0038024049630668573,0.38976377952755903,5,,,,,,,,,1,1,1,0.7,1.0
36,79,6,0.003933385627379168,0.396,5,,,,,,,,,1,1,1,0.7,1.0
36,80,6,0.009540177285457217,0.38976377952755903,5,,,,,,,,,1,1,1,0.7,1.0
36,81,4,0.003878362412685233,0.3535714285714286,3,,,,,,,,,1,1,1,0.7,1.0
36,82,6,0.006102204291129582,0.3793103448275862,5,,,,,,,,,1,1,1,0.7,1.0
36,83,9,0.020811545403340872,0.4230769230769231,5,,,,,,,,,1,1,1,0.7,1.0
36,84,7,0.012843574800630352,0.38823529411764707,5,,,,,,,,,1,1,1,0.7,1.0
36,85,11,0.02311943072088779,0.43612334801762115,5,,,,,,,,,1,1,1,0.7,1.0
36,86,9,0.02249266760837428,0.4230769230769231,5,,,,,,,,,1,1,1,0.7,1.0
36,87,9,0.01288331850351868,0.4248927038626609,5,,,,,,,,,1,1,1,0.7,1.0
36,88,7,0.009293753449501873,0.4090909090909091,5,,,,,,,,,1,1,1,0.7,1.0
36,89,7,0.007638586484533018,0.4074074074074074,5,,,,,,,,,1,1,1,0.7,1.0
36,90,10,0.023171127747701463,0.43231441048034935,5,,,,,,,,,1,1,1,0.7,1.0
36,91,10,0.02595944987752483,0.4439461883408072,5,,,,,,,,,1,1,1,0.7,1.0
36,92,7,0.008537605041661208,0.4008097165991903,5,,,,,,,,,1,1,1,0.7,1.0
36,93,10,0.02616016778149733,0.4479638009049774,5,,,,,,,,,1,1,1,0.7,1.0
36,94,4,0.002824004922169769,0.36,4,,,,,,,,,1,1,1,0.7,1.0
36,95,6,0.0073059396014398675,0.4057377049180328,5,,,,,,,,,1,1,1,0.7,1.0
36,96,6,0.008292640749202327,0.391304347826087,5,,,,,,,,,1,1,1,0.7,1.0
36,97,7,0.012769970808459086,0.4090909090909091,5,,,,,,,,,1,1,1,0.7,1.0
36,98,9,0.016231205942319603,0.4267241379310345,5,,,,,,,,,1,1,1,0.7,1.0
36,99,10,0.02365500758389639,0.4177215189873418,5,,,,,,,,,1,1,1,0.7,1.0
37,0,12,0.027870177639501746,0.4439461883408072,5,,,,,,,,,1,1,1,0.7,1.0
37,1,6,0.008284928002406858,0.39759036144578314,5,,,,,,,,,1,1,1,0.7,1.0
37,2,6,0.007862988956379923,0.3944223107569721,5,,,,,,,,,1,1,1,0.7,1.0
37,3,7,0.009060616819988506,0.4125,5,,,,,,,,,1,1,1,0.7,1.0
37,4,7,0.011546566243780348,0.38372093023255816,5,,,,,,,,,1,1,1,0.7,1.0
37,5,6,0.007353821423085494,0.38823529411764707,5,,,,,,,,,1,1,1,0.7,1.0
37,6,8,0.016582929083409786,0.4024390243902439,5,,,,,,,,,1,1,1,0.7,1.0
37,7,7,0.01482499303979092,0.4090909090909091,5,,,,,,,,,1,1,1,0.7,1.0
37,8,5,0.004648371147546576,0.38671875,5,,,,,,,,,1,1,1,0.7,1.0
37,9,8,0.01083664390532592,0.4125,5,,,,,,,,,1,1,1,0.7,1.0
37,10,4,0.0030267081689468824,0.375,4,,,,,,,,,1,1,1,0.7,1.0
37,11,3,0.001798234955708471,0.3378839590443686,3,,,,,,,,,1,1,1,0.7,1.0
37,12,12,0.03246531234079403,0.4714285714285714,5,,,,,,,,,1,1,1,0.7,1.0
37,13,7,0.009413152607664656,0.3944223107569721,5,,,,,,,,,1,1,1,0.7,1.0
37,14,10,0.02034681887297241,0.43612334801762115,5,,,,,,,,,1,1,1,0.7,1.0
37,15,9,0.022967970997341273,0.4125,5,,,,,,,,,1,1,1,0.7,1.0
37,16,3,0.0008141163676104925,0.3473684210526316,3,,,,,,,,,1,1,1,0.7,1.0
37,17,9,0.013710214410568368,0.4125,5,,,,,,,,,1,1,1,0.7,1.0
37,18,12,0.029269697836801636,0.4669811320754717,5,,,,,,,,,1,1,1,0.7,1.0
37,19,10,0.0202537925463073,0.4419642857142857,5,,,,,,,,,1,1,1,0.7,1.0
37,20,3,0.0021808142692860207,0.339041095890411,3,,,,,,,,,1,1,1,0.7,1.0
37,21,6,0.007542316400121865,0.39919354838709675,5,,,,,,,,,1,1,1,0.7,1.0
37,22,10,0.029376023808859605,0.43043478260869567,5,,,,,,,,,1,1,1,0.7,1.0
37,23,9,0.01864473712174515,0.4267241379310345,5,,,,,,,,,1,1,1,0.7,1.0
37,24,2,0.0,0.32038834951456313,2,,,,,,,,,1,1,1,0.7,1.0
37,25,5,0.0062320001243736595,0.38076923076923075,5,,,,,,,,,1,1,1,0.7,1.0
37,26,3,0.0011672780323125835,0.36,3,,,,,,,,,1,1,1,0.7,1.0
37,27,14,0.04032081334260075,0.4782608695652174,5,,,,,,,,,1,1,1,0.7,1.0
37,28,11,0.025196041378104415,0.4479638009049774,5,,,,,,,,,1,1,1,0.7,1.0
37,29,6,0.007148901888439518,0.391304347826087,5,,,,,,,,,1,1,1,0.7,1.0
37,30,6,0.007893523509131792,0.38671875,5,,,,,,,,,1,1,1,0.7,1.0
37,31,8,0.016685872476458252,0.4008097165991903,5,,,,,,,,,1,1,1,0.7,1.0
37,32,15,0.042175075381476565,0.47368421052631576,5,,,,,,,,,1,1,1,0.7,1.0
37,33,9,0.02012775183331944,0.4230769230769231,5,,,,,,,,,1,1,1,0.7,1.0
37,34,9,0.01841082522871394,0.4248927038626609,5,,,,,,,,,1,1,1,0.7,1.0
37,35,9,0.022128555021271912,0.42127659574468085,5,,,,,,,,,1,1,1,0.7,1.0
37,36,6,0.009052232439077976,0.4008097165991903,5,,,,,,,,,1,1,1,0.7,1.0
37,37,10,0.022884808637103175,0.4439461883408072,5,,,,,,,,,1,1,1,0.7,1.0
37,38,3,0.0011621659124968892,0.33559322033898303,3,,,,,,,,,1,1,1,0.7,1.0
37,39,7,0.009374462711473703,0.4125,5,,,,,,,,,1,1,1,0.7,1.0
37,40,7,0.010041046143858966,0.41422594142259417,5,,,,,,,,,1,1,1,0.7,1.0
37,41,8,0.01644273385424969,0.42127659574468085,5,,,,,,,,,1,1,1,0.7,1.0
37,42,7,0.008107386616062813,0.40408163265306124,5,,,,,,,,,1,1,1,0.7,1.0
37,43,8,0.014842540020111665,0.43805309734513276,5,,,,,,,,,1,1,1,0.7,1.0
37,44,9,0.019506962294465077,0.4194915254237288,5,,,,,,,,,1,1,1,0.7,1.0
37,45,8,0.015499166069116324,0.4090909090909091,5,,,,,,,,,1,1,1,0.7,1.0
37,46,7,0.009132084094994313,0.4107883817427386,5,,,,,,,,,1,1,1,0.7,1.0
37,47,8,0.01588333884215923,0.4008097165991903,5,,,,,,,,,1,1,1,0.7,1.0
37,48,8,0.013057353661506293,0.4194915254237288,5,,,,,,,,,1,1,1,0.7,1.0
37,49,10,0.022998126649215727,0.4342105263157895,5,,,,,,,,,1,1,1,0.7,1.0
37,50,10,0.0308143346441008,0.43805309734513276,5,,,,,,,,,1,1,1,0.7,1.0
37,51,14,0.03914697687093884,0.4714285714285714,5,,,,,,,,,1,1,1,0.7,1.0
37,52,5,0.008107289253582214,0.376425855513308,5,,,,,,,,,1,1,1,0.7,1.0
37,53,8,0.011537483487035103,0.4177215189873418,5,,,,,,,,,1,1,1,0.7,1.0
37,54,4,0.003793024144388423,0.3626373626373626,3,,,,,,,,,1,1,1,0.7,1.0
37,55,10,0.023237659776797134,0.4541284403669725,5,,,,,,,,,1,1,1,0.7,1.0
37,56,5,0.005797905192208366,0.37358490566037733,5,,,,,,,,,1,1,1,0.7,1.0
37,57,8,0.016349603863737225,0.4090909090909091,5,,,,,,,,,1,1,1,0.7,1.0
37,58,9,0.019899514796318962,0.4194915254237288,5,,,,,,,,,1,1,1,0.7,1.0
37,59,10,0.022085707361162835,0.4342105263157895,5,,,,,,,,,1,1,1,0.7,1.0
37,60,11,0.019807911567924382,0.43612334801762115,5,,,,,,,,,1,1,1,0.7,1.0
37,61,8,0.010424008924552612,0.4057377049180328,5,,,,,,,,,1,1,1,0.7,1.0
37,62,12,0.025946448104021823,0.45622119815668205,5,,,,,,,,,1,1,1,0.7,1.0
37,63,2,0.0005614126362425681,0.3344594594594595,2,,,,,,,,,1,1,1,0.7,1.0
37,64,9,0.01872332415682547,0.4267241379310345,5,,,,,,,,,1,1,1,0.7,1.0
37,65,12,0.031032488648889307,0.4520547945205479,5,,,,,,,,,1,1,1,0.7,1.0
37,66,6,0.0057761754226101384,0.38372093023255816,5,,,,,,,,,1,1,1,0.7,1.0
37,67,7,0.013160777951982968,0.42127659574468085,5,,,,,,,,,1,1,1,0.7,1.0
37,68,9,0.017227215239394276,0.4248927038626609,5,,,,,,,,,1,1,1,0.7,1.0
37,69,10,0.025227933667602773,0.4177215189873418,5,,,,,,,,,1,1,1,0.7,1.0
37,70,8,0.01387620475838911,0.4267241379310345,5,,,,,,,,,1,1,1,0.7,1.0
37,71,9,0.016185486162689472,0.41596638655462187,5,,,,,,,,,1,1,1,0.7,1.0
37,72,9,0.015273779864619004,0.43043478260869567,5,,,,,,,,,1,1,1,0.7,1.0
37,73,5,0.004078652941379849,0.375,5,,,,,,,,,1,1,1,0.7,1.0
37,74,9,0.018681489814624395,0.4125,5,,,,,,,,,1,1,1,0.7,1.0
37,75,9,0.0171208681049252,0.43231441048034935,5,,,,,,,,,1,1,1,0.7,1.0
37,76,9,0.014075601128570363,0.42127659574468085,5,,,,,,,,,1,1,1,0.7,1.0
37,77,10,0.01743825099569623,0.44,5,,,,,,,,,1,1,1,0.7,1.0
37,78,5,0.0038024049630668573,0.38976377952755903,5,,,,,,,,,1,1,1,0.7,1.0
37,79,6,0.003933385627379168,0.396,5,,,,,,,,,1,1,1,0.7,1.0
37,80,6,0.009540177285457217,0.38976377952755903,5,,,,,,,,,1,1,1,0.7,1.0
37,81,4,0.003878362412685233,0.3535714285714286,3,,,,,,,,,1,1,1,0.7,1.0
37,82,6,0.006102204291129582,0.3793103448275862,5,,,,,,,,,1,1,1,0.7,1.0
37,83,9,0.020811545403340872,0.4230769230769231,5,,,,,,,,,1,1,1,0.7,1.0
37,84,7,0.012843574800630352,0.38823529411764707,5,,,,,,,,,1,1,1,0.7,1.0
37,85,11,0.02311943072088779,0.43612334801762115,5,,,,,,,,,1,1,1,0.7,1.0
37,86,9,0.02249266760837428,0.4230769230769231,5,,,,,,,,,1,1,1,0.7,1.0
37,87,9,0.01288331850351868,0.4248927038626609,5,,,,,,,,,1,1,1,0.7,1.0
37,88,7,0.009293753449501873,0.4090909090909091,5,,,,,,,,,1,1,1,0.7,1.0
37,89,7,0.007638586484533018,0.4074074074074074,5,,,,,,,,,1,1,1,0.7,1.0
37,90,10,0.023171127747701463,0.43231441048034935,5,,,,,,,,,1,1,1,0.7,1.0
37,91,10,0.02595944987752483,0.4439461883408072,5,,,,,,,,,1,1,1,0.7,1.0
37,92,7,0.008537605041661208,0.4008097165991903,5,,,,,,,,,1,1,1,0.7,1.0
37,93,10,0.02616016778149733,0.4479638009049774,5,,,,,,,,,1,1,1,0.7,1.0
37,94,4,0.002824004922169769,0.36,4,,,,,,,,,1,1,1,0.7,1.0
37,95,6,0.0073059396014398675,0.4057377049180328,5,,,,,,,,,1,1,1,0.7,1.0
37,96,6,0.008292640749202327,0.391304347826087,5,,,,,,,,,1,1,1,0.7,1.0
37,97,7,0.012769970808459086,0.4090909090909091,5,,,,,,,,,1,1,1,0.7,1.0
37,98,9,0.016231205942319603,0.4267241379310345,5,,,,,,,,,1,1,1,0.7,1.0
37,99,10,0.02365500758389639,0.4177215189873418,5,,,,,,,,,1,1,1,0.7,1.0
38,0,12,0.027870177639501746,0.4439461883408072,5,,,,,,,,,1,1,1,0.7,1.0
38,1,6,0.008284928002406858,0.39759036144578314,5,,,,,,,,,1,1,1,0.7,1.0
38,2,6,0.007862988956379923,0.3944223107569721,5,,,,,,,,,1,1,1,0.7,1.0
38,3,7,0.009060616819988506,0.4125,5,,,,,,,,,1,1,1,0.7,1.0
38,4,7,0.011546566243780348,0.38372093023255816,5,,,,,,,,,1,1,1,0.7,1.0
38,5,6,0.007353821423085494,0.38823529411764707,5,,,,,,,,,1,1,1,0.7,1.0
38,6,8,0.016582929083409786,0.4024390243902439,5,,,,,,,,,1,1,1,0.7,1.0
38,7,7,0.01482499303979092,0.4090909090909091,5,,,,,,,,,1,1,1,0.7,1.0
38,8,5,0.004648371147546576,0.38671875,5,,,,,,,,,1,1,1,0.7,1.0
38,9,8,0.01083664390532592,0.4125,5,,,,,,,,,1,1,1,0.7,1.0
38,10,4,0.0030267081689468824,0.375,4,,,,,,,,,1,1,1,0.7,1.0
38,11,3,0.001798234955708471,0.3378839590443686,3,,,,,,,,,1,1,1,0.7,1.0
38,12,12,0.03246531234079403,0.4714285714285714,5,,,,,,,,,1,1,1,0.7,1.0
38,13,7,0.009413152607664656,0.3944223107569721,5,,,,,,,,,1,1,1,0.7,1.0
38,14,10,0.02034681887297241,0.43612334801762115,5,,,,,,,,,1,1,1,0.7,1.0
38,15,9,0.022967970997341273,0.4125,5,,,,,,,,,1,1,1,0.7,1.0
38,16,3,0.0008141163676104925,0.3473684210526316,3,,,,,,,,,1,1,1,0.7,1.0
38,17,9,0.013710214410568368,0.4125,5,,,,,,,,,1,1,1,0.7,1.0
38,18,12,0.029269697836801636,0.4669811320754717,5,,,,,,,,,1,1,1,0.7,1.0
38,19,10,0.0202537925463073,0.4419642857142857,5,,,,,,,,,1,1,1,0.7,1.0
38,20,3,0.0021808142692860207,0.339041095890411,3,,,,,,,,,1,1,1,0.7,1.0
38,21,6,0.007542316400121865,0.39919354838709675,5,,,,,,,,,1,1,1,0.7,1.0
38,22,10,0.029376023808859605,0.43043478260869567,5,,,,,,,,,1,1,1,0.7,1.0
38,23,9,0.01864473712174515,0.4267241379310345,5,,,,,,,,,1,1,1,0.7,1.0
38,24,2,0.0,0.32038834951456313,2,,,,,,,,,1,1,1,0.7,1.0
38,25,5,0.0062320001243736595,0.38076923076923075,5,,,,,,,,,1,1,1,0.7,1.0
38,26,3,0.0011672780323125835,0.36,3,,,,,,,,,1,1,1,0.7,1.0
38,27,14,0.04032081334260075,0.4782608695652174,5,,,,,,,,,1,1,1,0.7,1.0
38,28,11,0.025196041378104415,0.4479638009049774,5,,,,,,,,,1,1,1,0.7,1.0
38,29,6,0.007148901888439518,0.391304347826087,5,,,,,,,,,1,1,1,0.7,1.0
38,30,6,0.007893523509131792,0.38671875,5,,,,,,,,,1,1,1,0.7,1.0
38,31,8,0.016685872476458252,0.4008097165991903,5,,,,,,,,,1,1,1,0.7,1.0
38,32,15,0.042175075381476565,0.47368421052631576,5,,,,,,,,,1,1,1,0.7,1.0
38,33,9,0.02012775183331944,0.4230769230769231,5,,,,,,,,,1,1,1,0.7,1.0
38,34,9,0.01841082522871394,0.4248927038626609,5,,,,,,,,,1,1,1,0.7,1.0
38,35,9,0.022128555021271912,0.42127659574468085,5,,,,,,,,,1,1,1,0.7,1.0
38,36,6,0.009052232439077976,0.4008097165991903,5,,,,,,,,,1,1,1,0.7,1.0
38,37,10,0.022884808637103175,0.4439461883408072,5,,,,,,,,,1,1,1,0.7,1.0
38,38,3,0.0011621659124968892,0.33559322033898303,3,,,,,,,,,1,1,1,0.7,1.0
38,39,7,0.009374462711473703,0.4125,5,,,,,,,,,1,1,1,0.7,1.0
38,40,7,0.010041046143858966,0.41422594142259417,5,,,,,,,,,1,1,1,0.7,1.0
38,41,8,0.01644273385424969,0.42127659574468085,5,,,,,,,,,1,1,1,0.7,1.0
38,42,7,0.008107386616062813,0.40408163265306124,5,,,,,,,,,1,1,1,0.7,1.0
38,43,8,0.014842540020111665,0.43805309734513276,5,,,,,,,,,1,1,1,0.7,1.0
38,44,9,0.019506962294465077,0.4194915254237288,5,,,,,,,,,1,1,1,0.7,1.0
38,45,8,0.015499166069116324,0.4090909090909091,5,,,,,,,,,1,1,1,0.7,1.0
38,46,7,0.009132084094994313,0.4107883817427386,5,,,,,,,,,1,1,1,0.7,1.0
38,47,8,0.01588333884215923,0.4008097165991903,5,,,,,,,,,1,1,1,0.7,1.0
38,48,8,0.013057353661506293,0.4194915254237288,5,,,,,,,,,1,1,1,0.7,1.0
38,49,10,0.022998126649215727,0.4342105263157895,5,,,,,,,,,1,1,1,0.7,1.0
38,50,10,0.0308143346441008,0.43805309734513276,5,,,,,,,,,1,1,1,0.7,1.0
38,51,14,0.03914697687093884,0.4714285714285714,5,,,,,,,,,1,1,1,0.7,1.0
38,52,5,0.008107289253582214,0.376425855513308,5,,,,,,,,,1,1,1,0.7,1.0
38,53,8,0.011537483487035103,0.4177215189873418,5,,,,,,,,,1,1,1,0.7,1.0
38,54,4,0.003793024144388423,0.3626373626373626,3,,,,,,,,,1,1,1,0.7,1.0
38,55,10,0.023237659776797134,0.4541284403669725,5,,,,,,,,,1,1,1,0.7,1.0
38,56,5,0.005797905192208366,0.37358490566037733,5,,,,,,,,,1,1,1,0.7,1.0
38,57,8,0.016349603863737225,0.4090909090909091,5,,,,,,,,,1,1,1,0.7,1.0
38,58,9,0.019899514796318962,0.4194915254237288,5,,,,,,,,,1,1,1,0.7,1.0
38,59,10,0.022085707361162835,0.4342105263157895,5,,,,,,,,,1,1,1,0.7,1.0
38,60,11,0.019807911567924382,0.43612334801762115,5,,,,,,,,,1,1,1,0.7,1.0
38,61,8,0.010424008924552612,0.4057377049180328,5,,,,,,,,,1,1,1,0.7,1.0
38,62,12,0.025946448104021823,0.45622119815668205,5,,,,,,,,,1,1,1,0.7,1.0
38,63,2,0.0005614126362425681,0.3344594594594595,2,,,,,,,,,1,1,1,0.7,1.0
38,64,9,0.01872332415682547,0.4267241379310345,5,,,,,,,,,1,1,1,0.7,1.0
38,65,12,0.031032488648889307,0.4520547945205479,5,,,,,,,,,1,1,1,0.7,1.0
38,66,6,0.0057761754226101384,0.38372093023255816,5,,,,,,,,,1,1,1,0.7,1.0
38,67,7,0.013160777951982968,0.42127659574468085,5,,,,,,,,,1,1,1,0.7,1.0
38,68,9,0.017227215239394276,0.4248927038626609,5,,,,,,,,,1,1,1,0.7,1.0
38,69,10,0.025227933667602773,0.4177215189873418,5,,,,,,,,,1,1,1,0.7,1.0
38,70,8,0.01387620475838911,0.4267241379310345,5,,,,,,,,,1,1,1,0.7,1.0
38,71,9,0.016185486162689472,0.41596638655462187,5,,,,,,,,,1,1,1,0.7,1.0
38,72,9,0.015273779864619004,0.43043478260869567,5,,,,,,,,,1,1,1,0.7,1.0
38,73,5,0.004078652941379849,0.375,5,,,,,,,,,1,1,1,0.7,1.0
38,74,9,0.018681489814624395,0.4125,5,,,,,,,,,1,1,1,0.7,1.0
38,75,9,0.0171208681049252,0.43231441048034935,5,,,,,,,,,1,1,1,0.7,1.0
38,76,9,0.014075601128570363,0.42127659574468085,5,,,,,,,,,1,1,1,0.7,1.0
38,77,10,0.01743825099569623,0.44,5,,,,,,,,,1,1,1,0.7,1.0
38,78,5,0.0038024049630668573,0.38976377952755903,5,,,,,,,,,1,1,1,0.7,1.0
38,79,6,0.003933385627379168,0.396,5,,,,,,,,,1,1,1,0.7,1.0
38,80,6,0.009540177285457217,0.38976377952755903,5,,,,,,,,,1,1,1,0.7,1.0
38,81,4,0.003878362412685233,0.3535714285714286,3,,,,,,,,,1,1,1,0.7,1.0
38,82,6,0.006102204291129582,0.3793103448275862,5,,,,,,,,,1,1,1,0.7,1.0
38,83,9,0.020811545403340872,0.4230769230769231,5,,,,,,,,,1,1,1,0.7,1.0
38,84,7,0.012843574800630352,0.38823529411764707,5,,,,,,,,,1,1,1,0.7,1.0
38,85,11,0.02311943072088779,0.43612334801762115,5,,,,,,,,,1,1,1,0.7,1.0
38,86,9,0.02249266760837428,0.4230769230769231,5,,,,,,,,,1,1,1,0.7,1.0
38,87,9,0.01288331850351868,0.4248927038626609,5,,,,,,,,,1,1,1,0.7,1.0
38,88,7,0.009293753449501873,0.4090909090909091,5,,,,,,,,,1,1,1,0.7,1.0
38,89,7,0.007638586484533018,0.4074074074074074,5,,,,,,,,,1,1,1,0.7,1.0
38,90,10,0.023171127747701463,0.43231441048034935,5,,,,,,,,,1,1,1,0.7,1.0
38,91,10,0.02595944987752483,0.4439461883408072,5,,,,,,,,,1,1,1,0.7,1.0
38,92,7,0.008537605041661208,0.4008097165991903,5,,,,,,,,,1,1,1,0.7,1.0
38,93,10,0.02616016778149733,0.4479638009049774,5,,,,,,,,,1,1,1,0.7,1.0
38,94,4,0.002824004922169769,0.36,4,,,,,,,,,1,1,1,0.7,1.0
38,95,6,0.0073059396014398675,0.4057377049180328,5,,,,,,,,,1,1,1,0.7,1.0
38,96,6,0.008292640749202327,0.391304347826087,5,,,,,,,,,1,1,1,0.7,1.0
38,97,7,0.012769970808459086,0.4090909090909091,5,,,,,,,,,1,1,1,0.7,1.0
38,98,9,0.016231205942319603,0.4267241379310345,5,,,,,,,,,1,1,1,0.7,1.0
38,99,10,0.02365500758389639,0.4177215189873418,5,,,,,,,,,1,1,1,0.7,1.0
39,0,12,0.027870177639501746,0.4439461883408072,5,,,,,,,,,1,1,1,0.7,1.0
39,1,6,0.008284928002406858,0.39759036144578314,5,,,,,,,,,1,1,1,0.7,1.0
39,2,6,0.007862988956379923,0.3944223107569721,5,,,,,,,,,1,1,1,0.7,1.0
39,3,7,0.009060616819988506,0.4125,5,,,,,,,,,1,1,1,0.7,1.0
39,4,7,0.011546566243780348,0.38372093023255816,5,,,,,,,,,1,1,1,0.7,1.0
39,5,6,0.007353821423085494,0.38823529411764707,5,,,,,,,,,1,1,1,0.7,1.0
39,6,8,0.016582929083409786,0.4024390243902439,5,,,,,,,,,1,1,1,0.7,1.0
39,7,7,0.01482499303979092,0.4090909090909091,5,,,,,,,,,1,1,1,0.7,1.0
39,8,5,0.004648371147546576,0.38671875,5,,,,,,,,,1,1,1,0.7,1.0
39,9,8,0.01083664390532592,0.4125,5,,,,,,,,,1,1,1,0.7,1.0
39,10,4,0.0030267081689468824,0.375,4,,,,,,,,,1,1,1,0.7,1.0
39,11,3,0.001798234955708471,0.3378839590443686,3,,,,,,,,,1,1,1,0.7,1.0
39,12,12,0.03246531234079403,0.4714285714285714,5,,,,,,,,,1,1,1,0.7,1.0
39,13,7,0.009413152607664656,0.3944223107569721,5,,,,,,,,,1,1,1,0.7,1.0
39,14,10,0.02034681887297241,0.43612334801762115,5,,,,,,,,,1,1,1,0.7,1.0
39,15,9,0.022967970997341273,0.4125,5,,,,,,,,,1,1,1,0.7,1.0
39,16,3,0.0008141163676104925,0.3473684210526316,3,,,,,,,,,1,1,1,0.7,1.0
39,17,9,0.013710214410568368,0.4125,5,,,,,,,,,1,1,1,0.7,1.0
39,18,12,0.029269697836801636,0.4669811320754717,5,,,,,,,,,1,1,1,0.7,1.0
39,19,10,0.0202537925463073,0.4419642857142857,5,,,,,,,,,1,1,1,0.7,1.0
39,20,3,0.0021808142692860207,0.339041095890411,3,,,,,,,,,1,1,1,0.7,1.0
39,21,6,0.007542316400121865,0.39919354838709675,5,,,,,,,,,1,1,1,0.7,1.0
39,22,10,0.029376023808859605,0.43043478260869567,5,,,,,,,,,1,1,1,0.7,1.0
39,23,9,0.01864473712174515,0.4267241379310345,5,,,,,,,,,1,1,1,0.7,1.0
39,24,2,0.0,0.32038834951456313,2,,,,,,,,,1,1,1,0.7,1.0
39,25,5,0.0062320001243736595,0.38076923076923075,5,,,,,,,,,1,1,1,0.7,1.0
39,26,3,0.0011672780323125835,0.36,3,,,,,,,,,1,1,1,0.7,1.0
39,27,14,0.04032081334260075,0.4782608695652174,5,,,,,,,,,1,1,1,0.7,1.0
39,28,11,0.025196041378104415,0.4479638009049774,5,,,,,,,,,1,1,1,0.7,1.0
39,29,6,0.007148901888439518,0.391304347826087,5,,,,,,,,,1,1,1,0.7,1.0
39,30,6,0.007893523509131792,0.38671875,5,,,,,,,,,1,1,1,0.7,1.0
39,31,8,0.016685872476458252,0.4008097165991903,5,,,,,,,,,1,1,1,0.7,1.0
39,32,15,0.042175075381476565,0.47368421052631576,5,,,,,,,,,1,1,1,0.7,1.0
39,33,9,0.02012775183331944,0.4230769230769231,5,,,,,,,,,1,1,1,0.7,1.0
39,34,9,0.01841082522871394,0.4248927038626609,5,,,,,,,,,1,1,1,0.7,1.0
39,35,9,0.022128555021271912,0.42127659574468085,5,,,,,,,,,1,1,1,0.7,1.0
39,36,6,0.009052232439077976,0.4008097165991903,5,,,,,,,,,1,1,1,0.7,1.0
39,37,10,0.022884808637103175,0.4439461883408072,5,,,,,,,,,1,1,1,0.7,1.0
39,38,3,0.0011621659124968892,0.33559322033898303,3,,,,,,,,,1,1,1,0.7,1.0
39,39,7,0.009374462711473703,0.4125,5,,,,,,,,,1,1,1,0.7,1.0
39,40,7,0.010041046143858966,0.41422594142259417,5,,,,,,,,,1,1,1,0.7,1.0
39,41,8,0.01644273385424969,0.42127659574468085,5,,,,,,,,,1,1,1,0.7,1.0
39,42,7,0.008107386616062813,0.40408163265306124,5,,,,,,,,,1,1,1,0.7,1.0
39,43,8,0.014842540020111665,0.43805309734513276,5,,,,,,,,,1,1,1,0.7,1.0
39,44,9,0.019506962294465077,0.4194915254237288,5,,,,,,,,,1,1,1,0.7,1.0
39,45,8,0.015499166069116324,0.4090909090909091,5,,,,,,,,,1,1,1,0.7,1.0
39,46,7,0.009132084094994313,0.4107883817427386,5,,,,,,,,,1,1,1,0.7,1.0
39,47,8,0.01588333884215923,0.4008097165991903,5,,,,,,,,,1,1,1,0.7,1.0
39,48,8,0.013057353661506293,0.4194915254237288,5,,,,,,,,,1,1,1,0.7,1.0
39,49,10,0.022998126649215727,0.4342105263157895,5,,,,,,,,,1,1,1,0.7,1.0
39,50,10,0.0308143346441008,0.43805309734513276,5,,,,,,,,,1,1,1,0.7,1.0
39,51,14,0.03914697687093884,0.4714285714285714,5,,,,,,,,,1,1,1,0.7,1.0
39,52,5,0.008107289253582214,0.376425855513308,5,,,,,,,,,1,1,1,0.7,1.0
39,53,8,0.011537483487035103,0.4177215189873418,5,,,,,,,,,1,1,1,0.7,1.0
39,54,4,0.003793024144388423,0.3626373626373626,3,,,,,,,,,1,1,1,0.7,1.0
39,55,10,0.023237659776797134,0.4541284403669725,5,,,,,,,,,1,1,1,0.7,1.0
39,56,5,0.005797905192208366,0.37358490566037733,5,,,,,,,,,1,1,1,0.7,1.0
39,57,8,0.016349603863737225,0.4090909090909091,5,,,,,,,,,1,1,1,0.7,1.0
39,58,9,0.019899514796318962,0.4194915254237288,5,,,,,,,,,1,1,1,0.7,1.0
39,59,10,0.022085707361162835,0.4342105263157895,5,,,,,,,,,1,1,1,0.7,1.0
39,60,11,0.019807911567924382,0.43612334801762115,5,,,,,,,,,1,1,1,0.7,1.0
39,61,8,0.010424008924552612,0.4057377049180328,5,,,,,,,,,1,1,1,0.7,1.0
39,62,12,0.025946448104021823,0.45622119815668205,5,,,,,,,,,1,1,1,0.7,1.0
39,63,2,0.0005614126362425681,0.3344594594594595,2,,,,,,,,,1,1,1,0.7,1.0
39,64,9,0.01872332415682547,0.4267241379310345,5,,,,,,,,,1,1,1,0.7,1.0
39,65,12,0.031032488648889307,0.4520547945205479,5,,,,,,,,,1,1,1,0.7,1.0
39,66,6,0.0057761754226101384,0.38372093023255816,5,,,,,,,,,1,1,1,0.7,1.0
39,67,7,0.013160777951982968,0.42127659574468085,5,,,,,,,,,1,1,1,0.7,1.0
39,68,9,0.017227215239394276,0.4248927038626609,5,,,,,,,,,1,1,1,0.7,1.0
39,69,10,0.025227933667602773,0.4177215189873418,5,,,,,,,,,1,1,1,0.7,1.0
39,70,8,0.01387620475838911,0.4267241379310345,5,,,,,,,,,1,1,1,0.7,1.0
39,71,9,0.016185486162689472,0.41596638655462187,5,,,,,,,,,1,1,1,0.7,1.0
39,72,9,0.015273779864619004,0.43043478260869567,5,,,,,,,,,1,1,1,0.7,1.0
39,73,5,0.004078652941379849,0.375,5,,,,,,,,,1,1,1,0.7,1.0
39,74,9,0.018681489814624395,0.4125,5,,,,,,,,,1,1,1,0.7,1.0
39,75,9,0.0171208681049252,0.43231441048034935,5,,,,,,,,,1,1,1,0.7,1.0
39,76,9,0.014075601128570363,0.42127659574468085,5,,,,,,,,,1,1,1,0.7,1.0
39,77,10,0.01743825099569623,0.44,5,,,,,,,,,1,1,1,0.7,1.0
39,78,5,0.0038024049630668573,0.38976377952755903,5,,,,,,,,,1,1,1,0.7,1.0
39,79,6,0.003933385627379168,0.396,5,,,,,,,,,1,1,1,0.7,1.0
39,80,6,0.009540177285457217,0.38976377952755903,5,,,,,,,,,1,1,1,0.7,1.0
39,81,4,0.003878362412685233,0.3535714285714286,3,,,,,,,,,1,1,1,0.7,1.0
39,82,6,0.006102204291129582,0.3793103448275862,5,,,,,,,,,1,1,1,0.7,1.0
39,83,9,0.020811545403340872,0.4230769230769231,5,,,,,,,,,1,1,1,0.7,1.0
39,84,7,0.012843574800630352,0.38823529411764707,5,,,,,,,,,1,1,1,0.7,1.0
39,85,11,0.02311943072088779,0.43612334801762115,5,,,,,,,,,1,1,1,0.7,1.0
39,86,9,0.02249266760837428,0.4230769230769231,5,,,,,,,,,1,1,1,0.7,1.0
39,87,9,0.01288331850351868,0.4248927038626609,5,,,,,,,,,1,1,1,0.7,1.0
39,88,7,0.009293753449501873,0.4090909090909091,5,,,,,,,,,1,1,1,0.7,1.0
39,89,7,0.007638586484533018,0.4074074074074074,5,,,,,,,,,1,1,1,0.7,1.0
39,90,10,0.023171127747701463,0.43231441048034935,5,,,,,,,,,1,1,1,0.7,1.0
39,91,10,0.02595944987752483,0.4439461883408072,5,,,,,,,,,1,1,1,0.7,1.0
39,92,7,0.008537605041661208,0.4008097165991903,5,,,,,,,,,1,1,1,0.7,1.0
39,93,10,0.02616016778149733,0.4479638009049774,5,,,,,,,,,1,1,1,0.7,1.0
39,94,4,0.002824004922169769,0.36,4,,,,,,,,,1,1,1,0.7,1.0
39,95,6,0.0073059396014398675,0.4057377049180328,5,,,,,,,,,1,1,1,0.7,1.0
39,96,6,0.008292640749202327,0.391304347826087,5,,,,,,,,,1,1,1,0.7,1.0
39,97,7,0.012769970808459086,0.4090909090909091,5,,,,,,,,,1,1,1,0.7,1.0
39,98,9,0.016231205942319603,0.4267241379310345,5,,,,,,,,,1,1,1,0.7,1.0
39,99,10,0.02365500758389639,0.4177215189873418,5,,,,,,,,,1,1,1,0.7,1.0
40,0,12,0.027870177639501746,0.4439461883408072,5,,,,,,,,,1,1,1,0.7,1.0
40,1,6,0.008284928002406858,0.39759036144578314,5,,,,,,,,,1,1,1,0.7,1.0
40,2,6,0.007862988956379923,0.3944223107569721,5,,,,,,,,,1,1,1,0.7,1.0
40,3,7,0.009060616819988506,0.4125,5,,,,,,,,,1,1,1,0.7,1.0
40,4,7,0.011546566243780348,0.38372093023255816,5,,,,,,,,,1,1,1,0.7,1.0
40,5,6,0.007353821423085494,0.38823529411764707,5,,,,,,,,,1,1,1,0.7,1.0
40,6,8,0.016582929083409786,0.4024390243902439,5,,,,,,,,,1,1,1,0.7,1.0
40,7,7,0.01482499303979092,0.4090909090909091,5,,,,,,,,,1,1,1,0.7,1.0
40,8,5,0.004648371147546576,0.38671875,5,,,,,,,,,1,1,1,0.7,1.0
40,9,8,0.01083664390532592,0.4125,5,,,,,,,,,1,1,1,0.7,1.0
40,10,4,0.0030267081689468824,0.375,4,,,,,,,,,1,1,1,0.7,1.0
40,11,3,0.001798234955708471,0.3378839590443686,3,,,,,,,,,1,1,1,0.7,1.0
40,12,12,0.03246531234079403,0.4714285714285714,5,,,,,,,,,1,1,1,0.7,1.0
40,13,7,0.009413152607664656,0.3944223107569721,5,,,,,,,,,1,1,1,0.7,1.0
40,14,10,0.02034681887297241,0.43612334801762115,5,,,,,,,,,1,1,1,0.7,1.0
40,15,9,0.022967970997341273,0.4125,5,,,,,,,,,1,1,1,0.7,1.0
40,16,3,0.0008141163676104925,0.3473684210526316,3,,,,,,,,,1,1,1,0.7,1.0
40,17,9,0.013710214410568368,0.4125,5,,,,,,,,,1,1,1,0.7,1.0
40,18,12,0.029269697836801636,0.4669811320754717,5,,,,,,,,,1,1,1,0.7,1.0
40,19,10,0.0202537925463073,0.4419642857142857,5,,,,,,,,,1,1,1,0.7,1.0
40,20,3,0.0021808142692860207,0.339041095890411,3,,,,,,,,,1,1,1,0.7,1.0
40,21,6,0.007542316400121865,0.39919354838709675,5,,,,,,,,,1,1,1,0.7,1.0
40,22,10,0.029376023808859605,0.43043478260869567,5,,,,,,,,,1,1,1,0.7,1.0
40,23,9,0.01864473712174515,0.4267241379310345,5,,,,,,,,,1,1,1,0.7,1.0
40,24,2,0.0,0.32038834951456313,2,,,,,,,,,1,1,1,0.7,1.0
40,25,5,0.0062320001243736595,0.38076923076923075,5,,,,,,,,,1,1,1,0.7,1.0
40,26,3,0.0011672780323125835,0.36,3,,,,,,,,,1,1,1,0.7,1.0
40,27,14,0.04032081334260075,0.4782608695652174,5,,,,,,,,,1,1,1,0.7,1.0
40,28,11,0.025196041378104415,0.4479638009049774,5,,,,,,,,,1,1,1,0.7,1.0
40,29,6,0.007148901888439518,0.391304347826087,5,,,,,,,,,1,1,1,0.7,1.0
40,30,6,0.007893523509131792,0.38671875,5,,,,,,,,,1,1,1,0.7,1.0
40,31,8,0.016685872476458252,0.4008097165991903,5,,,,,,,,,1,1,1,0.7,1.0
40,32,15,0.042175075381476565,0.47368421052631576,5,,,,,,,,,1,1,1,0.7,1.0
40,33,9,0.02012775183331944,0.4230769230769231,5,,,,,,,,,1,1,1,0.7,1.0
40,34,9,0.01841082522871394,0.4248927038626609,5,,,,,,,,,1,1,1,0.7,1.0
40,35,9,0.022128555021271912,0.42127659574468085,5,,,,,,,,,1,1,1,0.7,1.0
40,36,6,0.009052232439077976,0.4008097165991903,5,,,,,,,,,1,1,1,0.7,1.0
40,37,10,0.022884808637103175,0.4439461883408072,5,,,,,,,,,1,1,1,0.7,1.0
40,38,3,0.0011621659124968892,0.33559322033898303,3,,,,,,,,,1,1,1,0.7,1.0
40,39,7,0.009374462711473703,0.4125,5,,,,,,,,,1,1,1,0.7,1.0
40,40,7,0.010041046143858966,0.41422594142259417,5,,,,,,,,,1,1,1,0.7,1.0
40,41,8,0.01644273385424969,0.42127659574468085,5,,,,,,,,,1,1,1,0.7,1.0
40,42,7,0.008107386616062813,0.40408163265306124,5,,,,,,,,,1,1,1,0.7,1.0
40,43,8,0.014842540020111665,0.43805309734513276,5,,,,,,,,,1,1,1,0.7,1.0
40,44,9,0.019506962294465077,0.4194915254237288,5,,,,,,,,,1,1,1,0.7,1.0
40,45,8,0.015499166069116324,0.4090909090909091,5,,,,,,,,,1,1,1,0.7,1.0
40,46,7,0.009132084094994313,0.4107883817427386,5,,,,,,,,,1,1,1,0.7,1.0
40,47,8,0.01588333884215923,0.4008097165991903,5,,,,,,,,,1,1,1,0.7,1.0
40,48,8,0.013057353661506293,0.4194915254237288,5,,,,,,,,,1,1,1,0.7,1.0
40,49,10,0.022998126649215727,0.4342105263157895,5,,,,,,,,,1,1,1,0.7,1.0
40,50,10,0.0308143346441008,0.43805309734513276,5,,,,,,,,,1,1,1,0.7,1.0
40,51,14,0.03914697687093884,0.4714285714285714,5,,,,,,,,,1,1,1,0.7,1.0
40,52,5,0.008107289253582214,0.376425855513308,5,,,,,,,,,1,1,1,0.7,1.0
40,53,8,0.011537483487035103,0.4177215189873418,5,,,,,,,,,1,1,1,0.7,1.0
40,54,4,0.003793024144388423,0.3626373626373626,3,,,,,,,,,1,1,1,0.7,1.0
40,55,10,0.023237659776797134,0.4541284403669725,5,,,,,,,,,1,1,1,0.7,1.0
40,56,5,0.005797905192208366,0.37358490566037733,5,,,,,,,,,1,1,1,0.7,1.0
40,57,8,0.016349603863737225,0.4090909090909091,5,,,,,,,,,1,1,1,0.7,1.0
40,58,9,0.019899514796318962,0.4194915254237288,5,,,,,,,,,1,1,1,0.7,1.0
40,59,10,0.022085707361162835,0.4342105263157895,5,,,,,,,,,1,1,1,0.7,1.0
40,60,11,0.019807911567924382,0.43612334801762115,5,,,,,,,,,1,1,1,0.7,1.0
40,61,8,0.010424008924552612,0.4057377049180328,5,,,,,,,,,1,1,1,0.7,1.0
40,62,12,0.025946448104021823,0.45622119815668205,5,,,,,,,,,1,1,1,0.7,1.0
40,63,2,0.0005614126362425681,0.3344594594594595,2,,,,,,,,,1,1,1,0.7,1.0
40,64,9,0.01872332415682547,0.4267241379310345,5,,,,,,,,,1,1,1,0.7,1.0
40,65,12,0.031032488648889307,0.4520547945205479,5,,,,,,,,,1,1,1,0.7,1.0
40,66,6,0.0057761754226101384,0.38372093023255816,5,,,,,,,,,1,1,1,0.7,1.0
40,67,7,0.013160777951982968,0.42127659574468085,5,,,,,,,,,1,1,1,0.7,1.0
40,68,9,0.017227215239394276,0.4248927038626609,5,,,,,,,,,1,1,1,0.7,1.0
40,69,10,0.025227933667602773,0.4177215189873418,5,,,,,,,,,1,1,1,0.7,1.0
40,70,8,0.01387620475838911,0.4267241379310345,5,,,,,,,,,1,1,1,0.7,1.0
40,71,9,0.016185486162689472,0.41596638655462187,5,,,,,,,,,1,1,1,0.7,1.0
40,72,9,0.015273779864619004,0.43043478260869567,5,,,,,,,,,1,1,1,0.7,1.0
40,73,5,0.004078652941379849,0.375,5,,,,,,,,,1,1,1,0.7,1.0
40,74,9,0.018681489814624395,0.4125,5,,,,,,,,,1,1,1,0.7,1.0
40,75,9,0.0171208681049252,0.43231441048034935,5,,,,,,,,,1,1,1,0.7,1.0
40,76,9,0.014075601128570363,0.42127659574468085,5,,,,,,,,,1,1,1,0.7,1.0
40,77,10,0.01743825099569623,0.44,5,,,,,,,,,1,1,1,0.7,1.0
40,78,5,0.0038024049630668573,0.38976377952755903,5,,,,,,,,,1,1,1,0.7,1.0
40,79,6,0.003933385627379168,0.396,5,,,,,,,,,1,1,1,0.7,1.0
40,80,6,0.009540177285457217,0.38976377952755903,5,,,,,,,,,1,1,1,0.7,1.0
40,81,4,0.003878362412685233,0.3535714285714286,3,,,,,,,,,1,1,1,0.7,1.0
40,82,6,0.006102204291129582,0.3793103448275862,5,,,,,,,,,1,1,1,0.7,1.0
40,83,9,0.020811545403340872,0.4230769230769231,5,,,,,,,,,1,1,1,0.7,1.0
40,84,7,0.012843574800630352,0.38823529411764707,5,,,,,,,,,1,1,1,0.7,1.0
40,85,11,0.02311943072088779,0.43612334801762115,5,,,,,,,,,1,1,1,0.7,1.0
40,86,9,0.02249266760837428,0.4230769230769231,5,,,,,,,,,1,1,1,0.7,1.0
40,87,9,0.01288331850351868,0.4248927038626609,5,,,,,,,,,1,1,1,0.7,1.0
40,88,7,0.009293753449501873,0.4090909090909091,5,,,,,,,,,1,1,1,0.7,1.0
40,89,7,0.007638586484533018,0.4074074074074074,5,,,,,,,,,1,1,1,0.7,1.0
40,90,10,0.023171127747701463,0.43231441048034935,5,,,,,,,,,1,1,1,0.7,1.0
40,91,10,0.02595944987752483,0.4439461883408072,5,,,,,,,,,1,1,1,0.7,1.0
40,92,7,0.008537605041661208,0.4008097165991903,5,,,,,,,,,1,1,1,0.7,1.0
40,93,10,0.02616016778149733,0.4479638009049774,5,,,,,,,,,1,1,1,0.7,1.0
40,94,4,0.002824004922169769,0.36,4,,,,,,,,,1,1,1,0.7,1.0
40,95,6,0.0073059396014398675,0.4057377049180328,5,,,,,,,,,1,1,1,0.7,1.0
40,96,6,0.008292640749202327,0.391304347826087,5,,,,,,,,,1,1,1,0.7,1.0
40,97,7,0.012769970808459086,0.4090909090909091,5,,,,,,,,,1,1,1,0.7,1.0
40,98,9,0.016231205942319603,0.4267241379310345,5,,,,,,,,,1,1,1,0.7,1.0
40,99,10,0.02365500758389639,0.4177215189873418,5,,,,,,,,,1,1,1,0.7,1.0
41,0,12,0.027870177639501746,0.4439461883408072,5,,,,,,,,,1,1,1,0.7,1.0
41,1,6,0.008284928002406858,0.39759036144578314,5,,,,,,,,,1,1,1,0.7,1.0
41,2,6,0.007862988956379923,0.3944223107569721,5,,,,,,,,,1,1,1,0.7,1.0
41,3,7,0.009060616819988506,0.4125,5,,,,,,,,,1,1,1,0.7,1.0
41,4,7,0.011546566243780348,0.38372093023255816,5,,,,,,,,,1,1,1,0.7,1.0
41,5,6,0.007353821423085494,0.38823529411764707,5,,,,,,,,,1,1,1,0.7,1.0
41,6,8,0.016582929083409786,0.4024390243902439,5,,,,,,,,,1,1,1,0.7,1.0
41,7,7,0.01482499303979092,0.4090909090909091,5,,,,,,,,,1,1,1,0.7,1.0
41,8,5,0.004648371147546576,0.38671875,5,,,,,,,,,1,1,1,0.7,1.0
41,9,8,0.01083664390532592,0.4125,5,,,,,,,,,1,1,1,0.7,1.0
41,10,4,0.0030267081689468824,0.375,4,,,,,,,,,1,1,1,0.7,1.0
41,11,3,0.001798234955708471,0.3378839590443686,3,,,,,,,,,1,1,1,0.7,1.0
41,12,12,0.03246531234079403,0.4714285714285714,5,,,,,,,,,1,1,1,0.7,1.0
41,13,7,0.009413152607664656,0.3944223107569721,5,,,,,,,,,1,1,1,0.7,1.0
41,14,10,0.02034681887297241,0.43612334801762115,5,,,,,,,,,1,1,1,0.7,1.0
41,15,9,0.022967970997341273,0.4125,5,,,,,,,,,1,1,1,0.7,1.0
41,16,3,0.0008141163676104925,0.3473684210526316,3,,,,,,,,,1,1,1,0.7,1.0
41,17,9,0.013710214410568368,0.4125,5,,,,,,,,,1,1,1,0.7,1.0
41,18,12,0.029269697836801636,0.4669811320754717,5,,,,,,,,,1,1,1,0.7,1.0
41,19,10,0.0202537925463073,0.4419642857142857,5,,,,,,,,,1,1,1,0.7,1.0
41,20,3,0.0021808142692860207,0.339041095890411,3,,,,,,,,,1,1,1,0.7,1.0
41,21,6,0.007542316400121865,0.39919354838709675,5,,,,,,,,,1,1,1,0.7,1.0
41,22,10,0.029376023808859605,0.43043478260869567,5,,,,,,,,,1,1,1,0.7,1.0
41,23,9,0.01864473712174515,0.4267241379310345,5,,,,,,,,,1,1,1,0.7,1.0
41,24,2,0.0,0.32038834951456313,2,,,,,,,,,1,1,1,0.7,1.0
41,25,5,0.0062320001243736595,0.38076923076923075,5,,,,,,,,,1,1,1,0.7,1.0
41,26,3,0.0011672780323125835,0.36,3,,,,,,,,,1,1,1,0.7,1.0
41,27,14,0.04032081334260075,0.4782608695652174,5,,,,,,,,,1,1,1,0.7,1.0
41,28,11,0.025196041378104415,0.4479638009049774,5,,,,,,,,,1,1,1,0.7,1.0
41,29,6,0.007148901888439518,0.391304347826087,5,,,,,,,,,1,1,1,0.7,1.0
41,30,6,0.007893523509131792,0.38671875,5,,,,,,,,,1,1,1,0.7,1.0
41,31,8,0.016685872476458252,0.4008097165991903,5,,,,,,,,,1,1,1,0.7,1.0
41,32,15,0.042175075381476565,0.47368421052631576,5,,,,,,,,,1,1,1,0.7,1.0
41,33,9,0.02012775183331944,0.4230769230769231,5,,,,,,,,,1,1,1,0.7,1.0
41,34,9,0.01841082522871394,0.4248927038626609,5,,,,,,,,,1,1,1,0.7,1.0
41,35,9,0.022128555021271912,0.42127659574468085,5,,,,,,,,,1,1,1,0.7,1.0
41,36,6,0.009052232439077976,0.4008097165991903,5,,,,,,,,,1,1,1,0.7,1.0
41,37,10,0.022884808637103175,0.4439461883408072,5,,,,,,,,,1,1,1,0.7,1.0
41,38,3,0.0011621659124968892,0.33559322033898303,3,,,,,,,,,1,1,1,0.7,1.0
41,39,7,0.009374462711473703,0.4125,5,,,,,,,,,1,1,1,0.7,1.0
41,40,7,0.010041046143858966,0.41422594142259417,5,,,,,,,,,1,1,1,0.7,1.0
41,41,8,0.01644273385424969,0.42127659574468085,5,,,,,,,,,1,1,1,0.7,1.0
41,42,7,0.008107386616062813,0.40408163265306124,5,,,,,,,,,1,1,1,0.7,1.0
41,43,8,0.014842540020111665,0.43805309734513276,5,,,,,,,,,1,1,1,0.7,1.0
41,44,9,0.019506962294465077,0.4194915254237288,5,,,,,,,,,1,1,1,0.7,1.0
41,45,8,0.015499166069116324,0.4090909090909091,5,,,,,,,,,1,1,1,0.7,1.0
41,46,7,0.009132084094994313,0.4107883817427386,5,,,,,,,,,1,1,1,0.7,1.0
41,47,8,0.01588333884215923,0.4008097165991903,5,,,,,,,,,1,1,1,0.7,1.0
41,48,8,0.013057353661506293,0.4194915254237288,5,,,,,,,,,1,1,1,0.7,1.0
41,49,10,0.022998126649215727,0.4342105263157895,5,,,,,,,,,1,1,1,0.7,1.0
41,50,10,0.0308143346441008,0.43805309734513276,5,,,,,,,,,1,1,1,0.7,1.0
41,51,14,0.03914697687093884,0.4714285714285714,5,,,,,,,,,1,1,1,0.7,1.0
41,52,5,0.008107289253582214,0.376425855513308,5,,,,,,,,,1,1,1,0.7,1.0
41,53,8,0.011537483487035103,0.4177215189873418,5,,,,,,,,,1,1,1,0.7,1.0
41,54,4,0.003793024144388423,0.3626373626373626,3,,,,,,,,,1,1,1,0.7,1.0
41,55,10,0.023237659776797134,0.4541284403669725,5,,,,,,,,,1,1,1,0.7,1.0
41,56,5,0.005797905192208366,0.37358490566037733,5,,,,,,,,,1,1,1,0.7,1.0
41,57,8,0.016349603863737225,0.4090909090909091,5,,,,,,,,,1,1,1,0.7,1.0
41,58,9,0.019899514796318962,0.4194915254237288,5,,,,,,,,,1,1,1,0.7,1.0
41,59,10,0.022085707361162835,0.4342105263157895,5,,,,,,,,,1,1,1,0.7,1.0
41,60,11,0.019807911567924382,0.43612334801762115,5,,,,,,,,,1,1,1,0.7,1.0
41,61,8,0.010424008924552612,0.4057377049180328,5,,,,,,,,,1,1,1,0.7,1.0
41,62,12,0.025946448104021823,0.45622119815668205,5,,,,,,,,,1,1,1,0.7,1.0
41,63,2,0.0005614126362425681,0.3344594594594595,2,,,,,,,,,1,1,1,0.7,1.0
41,64,9,0.01872332415682547,0.4267241379310345,5,,,,,,,,,1,1,1,0.7,1.0
41,65,12,0.031032488648889307,0.4520547945205479,5,,,,,,,,,1,1,1,0.7,1.0
41,66,6,0.0057761754226101384,0.38372093023255816,5,,,,,,,,,1,1,1,0.7,1.0
41,67,7,0.013160777951982968,0.42127659574468085,5,,,,,,,,,1,1,1,0.7,1.0
41,68,9,0.017227215239394276,0.4248927038626609,5,,,,,,,,,1,1,1,0.7,1.0
41,69,10,0.025227933667602773,0.4177215189873418,5,,,,,,,,,1,1,1,0.7,1.0
41,70,8,0.01387620475838911,0.4267241379310345,5,,,,,,,,,1,1,1,0.7,1.0
41,71,9,0.016185486162689472,0.41596638655462187,5,,,,,,,,,1,1,1,0.7,1.0
41,72,9,0.015273779864619004,0.43043478260869567,5,,,,,,,,,1,1,1,0.7,1.0
41,73,5,0.004078652941379849,0.375,5,,,,,,,,,1,1,1,0.7,1.0
41,74,9,0.018681489814624395,0.4125,5,,,,,,,,,1,1,1,0.7,1.0
41,75,9,0.0171208681049252,0.43231441048034935,5,,,,,,,,,1,1,1,0.7,1.0
41,76,9,0.014075601128570363,0.42127659574468085,5,,,,,,,,,1,1,1,0.7,1.0
41,77,10,0.01743825099569623,0.44,5,,,,,,,,,1,1,1,0.7,1.0
41,78,5,0.0038024049630668573,0.38976377952755903,5,,,,,,,,,1,1,1,0.7,1.0
41,79,6,0.003933385627379168,0.396,5,,,,,,,,,1,1,1,0.7,1.0
41,80,6,0.009540177285457217,0.38976377952755903,5,,,,,,,,,1,1,1,0.7,1.0
41,81,4,0.003878362412685233,0.3535714285714286,3,,,,,,,,,1,1,1,0.7,1.0
41,82,6,0.006102204291129582,0.3793103448275862,5,,,,,,,,,1,1,1,0.7,1.0
41,83,9,0.020811545403340872,0.4230769230769231,5,,,,,,,,,1,1,1,0.7,1.0
41,84,7,0.012843574800630352,0.38823529411764707,5,,,,,,,,,1,1,1,0.7,1.0
41,85,11,0.02311943072088779,0.43612334801762115,5,,,,,,,,,1,1,1,0.7,1.0
41,86,9,0.02249266760837428,0.4230769230769231,5,,,,,,,,,1,1,1,0.7,1.0
41,87,9,0.01288331850351868,0.4248927038626609,5,,,,,,,,,1,1,1,0.7,1.0
41,88,7,0.009293753449501873,0.4090909090909091,5,,,,,,,,,1,1,1,0.7,1.0
41,89,7,0.007638586484533018,0.4074074074074074,5,,,,,,,,,1,1,1,0.7,1.0
41,90,10,0.023171127747701463,0.43231441048034935,5,,,,,,,,,1,1,1,0.7,1.0
41,91,10,0.02595944987752483,0.4439461883408072,5,,,,,,,,,1,1,1,0.7,1.0
41,92,7,0.008537605041661208,0.4008097165991903,5,,,,,,,,,1,1,1,0.7,1.0
41,93,10,0.02616016778149733,0.4479638009049774,5,,,,,,,,,1,1,1,0.7,1.0
41,94,4,0.002824004922169769,0.36,4,,,,,,,,,1,1,1,0.7,1.0
41,95,6,0.0073059396014398675,0.4057377049180328,5,,,,,,,,,1,1,1,0.7,1.0
41,96,6,0.008292640749202327,0.391304347826087,5,,,,,,,,,1,1,1,0.7,1.0
41,97,7,0.012769970808459086,0.4090909090909091,5,,,,,,,,,1,1,1,0.7,1.0
41,98,9,0.016231205942319603,0.4267241379310345,5,,,,,,,,,1,1,1,0.7,1.0
41,99,10,0.02365500758389639,0.4177215189873418,5,,,,,,,,,1,1,1,0.7,1.0
42,0,12,0.027870177639501746,0.4439461883408072,5,,,,,,,,,1,1,1,0.7,1.0
42,1,6,0.008284928002406858,0.39759036144578314,5,,,,,,,,,1,1,1,0.7,1.0
42,2,6,0.007862988956379923,0.3944223107569721,5,,,,,,,,,1,1,1,0.7,1.0
42,3,7,0.009060616819988506,0.4125,5,,,,,,,,,1,1,1,0.7,1.0
42,4,7,0.011546566243780348,0.38372093023255816,5,,,,,,,,,1,1,1,0.7,1.0
42,5,6,0.007353821423085494,0.38823529411764707,5,,,,,,,,,1,1,1,0.7,1.0
42,6,8,0.016582929083409786,0.4024390243902439,5,,,,,,,,,1,1,1,0.7,1.0
42,7,7,0.01482499303979092,0.4090909090909091,5,,,,,,,,,1,1,1,0.7,1.0
42,8,5,0.004648371147546576,0.38671875,5,,,,,,,,,1,1,1,0.7,1.0
42,9,8,0.01083664390532592,0.4125,5,,,,,,,,,1,1,1,0.7,1.0
42,10,4,0.0030267081689468824,0.375,4,,,,,,,,,1,1,1,0.7,1.0
42,11,3,0.001798234955708471,0.3378839590443686,3,,,,,,,,,1,1,1,0.7,1.0
42,12,12,0.03246531234079403,0.4714285714285714,5,,,,,,,,,1,1,1,0.7,1.0
42,13,7,0.009413152607664656,0.3944223107569721,5,,,,,,,,,1,1,1,0.7,1.0
42,14,10,0.02034681887297241,0.43612334801762115,5,,,,,,,,,1,1,1,0.7,1.0
42,15,9,0.022967970997341273,0.4125,5,,,,,,,,,1,1,1,0.7,1.0
42,16,3,0.0008141163676104925,0.3473684210526316,3,,,,,,,,,1,1,1,0.7,1.0
42,17,9,0.013710214410568368,0.4125,5,,,,,,,,,1,1,1,0.7,1.0
42,18,12,0.029269697836801636,0.4669811320754717,5,,,,,,,,,1,1,1,0.7,1.0
42,19,10,0.0202537925463073,0.4419642857142857,5,,,,,,,,,1,1,1,0.7,1.0
42,20,3,0.0021808142692860207,0.339041095890411,3,,,,,,,,,1,1,1,0.7,1.0
42,21,6,0.007542316400121865,0.39919354838709675,5,,,,,,,,,1,1,1,0.7,1.0
42,22,10,0.029376023808859605,0.43043478260869567,5,,,,,,,,,1,1,1,0.7,1.0
42,23,9,0.01864473712174515,0.4267241379310345,5,,,,,,,,,1,1,1,0.7,1.0
42,24,2,0.0,0.32038834951456313,2,,,,,,,,,1,1,1,0.7,1.0
42,25,5,0.0062320001243736595,0.38076923076923075,5,,,,,,,,,1,1,1,0.7,1.0
42,26,3,0.0011672780323125835,0.36,3,,,,,,,,,1,1,1,0.7,1.0
42,27,14,0.04032081334260075,0.4782608695652174,5,,,,,,,,,1,1,1,0.7,1.0
42,28,11,0.025196041378104415,0.4479638009049774,5,,,,,,,,,1,1,1,0.7,1.0
42,29,6,0.007148901888439518,0.391304347826087,5,,,,,,,,,1,1,1,0.7,1.0
42,30,6,0.007893523509131792,0.38671875,5,,,,,,,,,1,1,1,0.7,1.0
42,31,8,0.016685872476458252,0.4008097165991903,5,,,,,,,,,1,1,1,0.7,1.0
42,32,15,0.042175075381476565,0.47368421052631576,5,,,,,,,,,1,1,1,0.7,1.0
42,33,9,0.02012775183331944,0.4230769230769231,5,,,,,,,,,1,1,1,0.7,1.0
42,34,9,0.01841082522871394,0.4248927038626609,5,,,,,,,,,1,1,1,0.7,1.0
42,35,9,0.022128555021271912,0.42127659574468085,5,,,,,,,,,1,1,1,0.7,1.0
42,36,6,0.009052232439077976,0.4008097165991903,5,,,,,,,,,1,1,1,0.7,1.0
42,37,10,0.022884808637103175,0.4439461883408072,5,,,,,,,,,1,1,1,0.7,1.0
42,38,3,0.0011621659124968892,0.33559322033898303,3,,,,,,,,,1,1,1,0.7,1.0
42,39,7,0.009374462711473703,0.4125,5,,,,,,,,,1,1,1,0.7,1.0
42,40,7,0.010041046143858966,0.41422594142259417,5,,,,,,,,,1,1,1,0.7,1.0
42,41,8,0.01644273385424969,0.42127659574468085,5,,,,,,,,,1,1,1,0.7,1.0
42,42,7,0.008107386616062813,0.40408163265306124,5,,,,,,,,,1,1,1,0.7,1.0
42,43,8,0.014842540020111665,0.43805309734513276,5,,,,,,,,,1,1,1,0.7,1.0
42,44,9,0.019506962294465077,0.4194915254237288,5,,,,,,,,,1,1,1,0.7,1.0
42,45,8,0.015499166069116324,0.4090909090909091,5,,,,,,,,,1,1,1,0.7,1.0
42,46,7,0.009132084094994313,0.4107883817427386,5,,,,,,,,,1,1,1,0.7,1.0
42,47,8,0.01588333884215923,0.4008097165991903,5,,,,,,,,,1,1,1,0.7,1.0
42,48,8,0.013057353661506293,0.4194915254237288,5,,,,,,,,,1,1,1,0.7,1.0
42,49,10,0.022998126649215727,0.4342105263157895,5,,,,,,,,,1,1,1,0.7,1.0
42,50,10,0.0308143346441008,0.43805309734513276,5,,,,,,,,,1,1,1,0.7,1.0
42,51,14,0.03914697687093884,0.4714285714285714,5,,,,,,,,,1,1,1,0.7,1.0
42,52,5,0.008107289253582214,0.376425855513308,5,,,,,,,,,1,1,1,0.7,1.0
42,53,8,0.011537483487035103,0.4177215189873418,5,,,,,,,,,1,1,1,0.7,1.0
42,54,4,0.003793024144388423,0.3626373626373626,3,,,,,,,,,1,1,1,0.7,1.0
42,55,10,0.023237659776797134,0.4541284403669725,5,,,,,,,,,1,1,1,0.7,1.0
42,56,5,0.005797905192208366,0.37358490566037733,5,,,,,,,,,1,1,1,0.7,1.0
42,57,8,0.016349603863737225,0.4090909090909091,5,,,,,,,,,1,1,1,0.7,1.0
42,58,9,0.019899514796318962,0.4194915254237288,5,,,,,,,,,1,1,1,0.7,1.0
42,59,10,0.022085707361162835,0.4342105263157895,5,,,,,,,,,1,1,1,0.7,1.0
42,60,11,0.019807911567924382,0.43612334801762115,5,,,,,,,,,1,1,1,0.7,1.0
42,61,8,0.010424008924552612,0.4057377049180328,5,,,,,,,,,1,1,1,0.7,1.0
42,62,12,0.025946448104021823,0.45622119815668205,5,,,,,,,,,1,1,1,0.7,1.0
42,63,2,0.0005614126362425681,0.3344594594594595,2,,,,,,,,,1,1,1,0.7,1.0
42,64,9,0.01872332415682547,0.4267241379310345,5,,,,,,,,,1,1,1,0.7,1.0
42,65,12,0.031032488648889307,0.4520547945205479,5,,,,,,,,,1,1,1,0.7,1.0
42,66,6,0.0057761754226101384,0.38372093023255816,5,,,,,,,,,1,1,1,0.7,1.0
42,67,7,0.013160777951982968,0.42127659574468085,5,,,,,,,,,1,1,1,0.7,1.0
42,68,9,0.017227215239394276,0.4248927038626609,5,,,,,,,,,1,1,1,0.7,1.0
42,69,10,0.025227933667602773,0.4177215189873418,5,,,,,,,,,1,1,1,0.7,1.0
42,70,8,0.01387620475838911,0.4267241379310345,5,,,,,,,,,1,1,1,0.7,1.0
42,71,9,0.016185486162689472,0.41596638655462187,5,,,,,,,,,1,1,1,0.7,1.0
42,72,9,0.015273779864619004,0.43043478260869567,5,,,,,,,,,1,1,1,0.7,1.0
42,73,5,0.004078652941379849,0.375,5,,,,,,,,,1,1,1,0.7,1.0
42,74,9,0.018681489814624395,0.4125,5,,,,,,,,,1,1,1,0.7,1.0
42,75,9,0.0171208681049252,0.43231441048034935,5,,,,,,,,,1,1,1,0.7,1.0
42,76,9,0.014075601128570363,0.42127659574468085,5,,,,,,,,,1,1,1,0.7,1.0
42,77,10,0.01743825099569623,0.44,5,,,,,,,,,1,1,1,0.7,1.0
42,78,5,0.0038024049630668573,0.38976377952755903,5,,,,,,,,,1,1,1,0.7,1.0
42,79,6,0.003933385627379168,0.396,5,,,,,,,,,1,1,1,0.7,1.0
42,80,6,0.009540177285457217,0.38976377952755903,5,,,,,,,,,1,1,1,0.7,1.0
42,81,4,0.003878362412685233,0.3535714285714286,3,,,,,,,,,1,1,1,0.7,1.0
42,82,6,0.006102204291129582,0.3793103448275862,5,,,,,,,,,1,1,1,0.7,1.0
42,83,9,0.020811545403340872,0.4230769230769231,5,,,,,,,,,1,1,1,0.7,1.0
42,84,7,0.012843574800630352,0.38823529411764707,5,,,,,,,,,1,1,1,0.7,1.0
42,85,11,0.02311943072088779,0.43612334801762115,5,,,,,,,,,1,1,1,0.7,1.0
42,86,9,0.02249266760837428,0.4230769230769231,5,,,,,,,,,1,1,1,0.7,1.0
42,87,9,0.01288331850351868,0.4248927038626609,5,,,,,,,,,1,1,1,0.7,1.0
42,88,7,0.009293753449501873,0.4090909090909091,5,,,,,,,,,1,1,1,0.7,1.0
42,89,7,0.007638586484533018,0.4074074074074074,5,,,,,,,,,1,1,1,0.7,1.0
42,90,10,0.023171127747701463,0.43231441048034935,5,,,,,,,,,1,1,1,0.7,1.0
42,91,10,0.02595944987752483,0.4439461883408072,5,,,,,,,,,1,1,1,0.7,1.0
42,92,7,0.008537605041661208,0.4008097165991903,5,,,,,,,,,1,1,1,0.7,1.0
42,93,10,0.02616016778149733,0.4479638009049774,5,,,,,,,,,1,1,1,0.7,1.0
42,94,4,0.002824004922169769,0.36,4,,,,,,,,,1,1,1,0.7,1.0
42,95,6,0.0073059396014398675,0.4057377049180328,5,,,,,,,,,1,1,1,0.7,1.0
42,96,6,0.008292640749202327,0.391304347826087,5,,,,,,,,,1,1,1,0.7,1.0
42,97,7,0.012769970808459086,0.4090909090909091,5,,,,,,,,,1,1,1,0.7,1.0
42,98,9,0.016231205942319603,0.4267241379310345,5,,,,,,,,,1,1,1,0.7,1.0
42,99,10,0.02365500758389639,0.4177215189873418,5,,,,,,,,,1,1,1,0.7,1.0
43,0,12,0.027870177639501746,0.4439461883408072,5,,,,,,,,,1,1,1,0.7,1.0
43,1,6,0.008284928002406858,0.39759036144578314,5,,,,,,,,,1,1,1,0.7,1.0
43,2,6,0.007862988956379923,0.3944223107569721,5,,,,,,,,,1,1,1,0.7,1.0
43,3,7,0.009060616819988506,0.4125,5,,,,,,,,,1,1,1,0.7,1.0
43,4,7,0.011546566243780348,0.38372093023255816,5,,,,,,,,,1,1,1,0.7,1.0
43,5,6,0.007353821423085494,0.38823529411764707,5,,,,,,,,,1,1,1,0.7,1.0
43,6,8,0.016582929083409786,0.4024390243902439,5,,,,,,,,,1,1,1,0.7,1.0
43,7,7,0.01482499303979092,0.4090909090909091,5,,,,,,,,,1,1,1,0.7,1.0
43,8,5,0.004648371147546576,0.38671875,5,,,,,,,,,1,1,1,0.7,1.0
43,9,8,0.01083664390532592,0.4125,5,,,,,,,,,1,1,1,0.7,1.0
43,10,4,0.0030267081689468824,0.375,4,,,,,,,,,1,1,1,0.7,1.0
43,11,3,0.001798234955708471,0.3378839590443686,3,,,,,,,,,1,1,1,0.7,1.0
43,12,12,0.03246531234079403,0.4714285714285714,5,,,,,,,,,1,1,1,0.7,1.0
43,13,7,0.009413152607664656,0.3944223107569721,5,,,,,,,,,1,1,1,0.7,1.0
43,14,10,0.02034681887297241,0.43612334801762115,5,,,,,,,,,1,1,1,0.7,1.0
43,15,9,0.022967970997341273,0.4125,5,,,,,,,,,1,1,1,0.7,1.0
43,16,3,0.0008141163676104925,0.3473684210526316,3,,,,,,,,,1,1,1,0.7,1.0
43,17,9,0.013710214410568368,0.4125,5,,,,,,,,,1,1,1,0.7,1.0
43,18,12,0.029269697836801636,0.4669811320754717,5,,,,,,,,,1,1,1,0.7,1.0
43,19,10,0.0202537925463073,0.4419642857142857,5,,,,,,,,,1,1,1,0.7,1.0
43,20,3,0.0021808142692860207,0.339041095890411,3,,,,,,,,,1,1,1,0.7,1.0
43,21,6,0.007542316400121865,0.39919354838709675,5,,,,,,,,,1,1,1,0.7,1.0
43,22,10,0.029376023808859605,0.43043478260869567,5,,,,,,,,,1,1,1,0.7,1.0
43,23,9,0.01864473712174515,0.4267241379310345,5,,,,,,,,,1,1,1,0.7,1.0
43,24,2,0.0,0.32038834951456313,2,,,,,,,,,1,1,1,0.7,1.0
43,25,5,0.0062320001243736595,0.38076923076923075,5,,,,,,,,,1,1,1,0.7,1.0
43,26,3,0.0011672780323125835,0.36,3,,,,,,,,,1,1,1,0.7,1.0
43,27,14,0.04032081334260075,0.4782608695652174,5,,,,,,,,,1,1,1,0.7,1.0
43,28,11,0.025196041378104415,0.4479638009049774,5,,,,,,,,,1,1,1,0.7,1.0
43,29,6,0.007148901888439518,0.391304347826087,5,,,,,,,,,1,1,1,0.7,1.0
43,30,6,0.007893523509131792,0.38671875,5,,,,,,,,,1,1,1,0.7,1.0
43,31,8,0.016685872476458252,0.4008097165991903,5,,,,,,,,,1,1,1,0.7,1.0
43,32,15,0.042175075381476565,0.47368421052631576,5,,,,,,,,,1,1,1,0.7,1.0
43,33,9,0.02012775183331944,0.4230769230769231,5,,,,,,,,,1,1,1,0.7,1.0
43,34,9,0.01841082522871394,0.4248927038626609,5,,,,,,,,,1,1,1,0.7,1.0
43,35,9,0.022128555021271912,0.42127659574468085,5,,,,,,,,,1,1,1,0.7,1.0
43,36,6,0.009052232439077976,0.4008097165991903,5,,,,,,,,,1,1,1,0.7,1.0
43,37,10,0.022884808637103175,0.4439461883408072,5,,,,,,,,,1,1,1,0.7,1.0
43,38,3,0.0011621659124968892,0.33559322033898303,3,,,,,,,,,1,1,1,0.7,1.0
43,39,7,0.009374462711473703,0.4125,5,,,,,,,,,1,1,1,0.7,1.0
43,40,7,0.010041046143858966,0.41422594142259417,5,,,,,,,,,1,1,1,0.7,1.0
43,41,8,0.01644273385424969,0.42127659574468085,5,,,,,,,,,1,1,1,0.7,1.0
43,42,7,0.008107386616062813,0.40408163265306124,5,,,,,,,,,1,1,1,0.7,1.0
43,43,8,0.014842540020111665,0.43805309734513276,5,,,,,,,,,1,1,1,0.7,1.0
43,44,9,0.019506962294465077,0.4194915254237288,5,,,,,,,,,1,1,1,0.7,1.0
43,45,8,0.015499166069116324,0.4090909090909091,5,,,,,,,,,1,1,1,0.7,1.0
43,46,7,0.009132084094994313,0.4107883817427386,5,,,,,,,,,1,1,1,0.7,1.0
43,47,8,0.01588333884215923,0.4008097165991903,5,,,,,,,,,1,1,1,0.7,1.0
43,48,8,0.013057353661506293,0.4194915254237288,5,,,,,,,,,1,1,1,0.7,1.0
43,49,10,0.022998126649215727,0.4342105263157895,5,,,,,,,,,1,1,1,0.7,1.0
43,50,10,0.0308143346441008,0.43805309734513276,5,,,,,,,,,1,1,1,0.7,1.0
43,51,14,0.03914697687093884,0.4714285714285714,5,,,,,,,,,1,1,1,0.7,1.0
43,52,5,0.008107289253582214,0.376425855513308,5,,,,,,,,,1,1,1,0.7,1.0
43,53,8,0.011537483487035103,0.4177215189873418,5,,,,,,,,,1,1,1,0.7,1.0
43,54,4,0.003793024144388423,0.3626373626373626,3,,,,,,,,,1,1,1,0.7,1.0
43,55,10,0.023237659776797134,0.4541284403669725,5,,,,,,,,,1,1,1,0.7,1.0
43,56,5,0.005797905192208366,0.37358490566037733,5,,,,,,,,,1,1,1,0.7,1.0
43,57,8,0.016349603863737225,0.4090909090909091,5,,,,,,,,,1,1,1,0.7,1.0
43,58,9,0.019899514796318962,0.4194915254237288,5,,,,,,,,,1,1,1,0.7,1.0
43,59,10,0.022085707361162835,0.4342105263157895,5,,,,,,,,,1,1,1,0.7,1.0
43,60,11,0.019807911567924382,0.43612334801762115,5,,,,,,,,,1,1,1,0.7,1.0
43,61,8,0.010424008924552612,0.4057377049180328,5,,,,,,,,,1,1,1,0.7,1.0
43,62,12,0.025946448104021823,0.45622119815668205,5,,,,,,,,,1,1,1,0.7,1.0
43,63,2,0.0005614126362425681,0.3344594594594595,2,,,,,,,,,1,1,1,0.7,1.0
43,64,9,0.01872332415682547,0.4267241379310345,5,,,,,,,,,1,1,1,0.7,1.0
43,65,12,0.031032488648889307,0.4520547945205479,5,,,,,,,,,1,1,1,0.7,1.0
43,66,6,0.0057761754226101384,0.38372093023255816,5,,,,,,,,,1,1,1,0.7,1.0
43,67,7,0.013160777951982968,0.42127659574468085,5,,,,,,,,,1,1,1,0.7,1.0
43,68,9,0.017227215239394276,0.4248927038626609,5,,,,,,,,,1,1,1,0.7,1.0
43,69,10,0.025227933667602773,0.4177215189873418,5,,,,,,,,,1,1,1,0.7,1.0
43,70,8,0.01387620475838911,0.4267241379310345,5,,,,,,,,,1,1,1,0.7,1.0
43,71,9,0.016185486162689472,0.41596638655462187,5,,,,,,,,,1,1,1,0.7,1.0
43,72,9,0.015273779864619004,0.43043478260869567,5,,,,,,,,,1,1,1,0.7,1.0
43,73,5,0.004078652941379849,0.375,5,,,,,,,,,1,1,1,0.7,1.0
43,74,9,0.018681489814624395,0.4125,5,,,,,,,,,1,1,1,0.7,1.0
43,75,9,0.0171208681049252,0.43231441048034935,5,,,,,,,,,1,1,1,0.7,1.0
43,76,9,0.014075601128570363,0.42127659574468085,5,,,,,,,,,1,1,1,0.7,1.0
43,77,10,0.01743825099569623,0.44,5,,,,,,,,,1,1,1,0.7,1.0
43,78,5,0.0038024049630668573,0.38976377952755903,5,,,,,,,,,1,1,1,0.7,1.0
43,79,6,0.003933385627379168,0.396,5,,,,,,,,,1,1,1,0.7,1.0
43,80,6,0.009540177285457217,0.38976377952755903,5,,,,,,,,,1,1,1,0.7,1.0
43,81,4,0.003878362412685233,0.3535714285714286,3,,,,,,,,,1,1,1,0.7,1.0
43,82,6,0.006102204291129582,0.3793103448275862,5,,,,,,,,,1,1,1,0.7,1.0
43,83,9,0.020811545403340872,0.4230769230769231,5,,,,,,,,,1,1,1,0.7,1.0
43,84,7,0.012843574800630352,0.38823529411764707,5,,,,,,,,,1,1,1,0.7,1.0
43,85,11,0.02311943072088779,0.43612334801762115,5,,,,,,,,,1,1,1,0.7,1.0
43,86,9,0.02249266760837428,0.4230769230769231,5,,,,,,,,,1,1,1,0.7,1.0
43,87,9,0.01288331850351868,0.4248927038626609,5,,,,,,,,,1,1,1,0.7,1.0
43,88,7,0.009293753449501873,0.4090909090909091,5,,,,,,,,,1,1,1,0.7,1.0
43,89,7,0.007638586484533018,0.4074074074074074,5,,,,,,,,,1,1,1,0.7,1.0
43,90,10,0.023171127747701463,0.43231441048034935,5,,,,,,,,,1,1,1,0.7,1.0
43,91,10,0.02595944987752483,0.4439461883408072,5,,,,,,,,,1,1,1,0.7,1.0
43,92,7,0.008537605041661208,0.4008097165991903,5,,,,,,,,,1,1,1,0.7,1.0
43,93,10,0.02616016778149733,0.4479638009049774,5,,,,,,,,,1,1,1,0.7,1.0
43,94,4,0.002824004922169769,0.36,4,,,,,,,,,1,1,1,0.7,1.0
43,95,6,0.0073059396014398675,0.4057377049180328,5,,,,,,,,,1,1,1,0.7,1.0
43,96,6,0.008292640749202327,0.391304347826087,5,,,,,,,,,1,1,1,0.7,1.0
43,97,7,0.012769970808459086,0.4090909090909091,5,,,,,,,,,1,1,1,0.7,1.0
43,98,9,0.016231205942319603,0.4267241379310345,5,,,,,,,,,1,1,1,0.7,1.0
43,99,10,0.02365500758389639,0.4177215189873418,5,,,,,,,,,1,1,1,0.7,1.0
44,0,12,0.027870177639501746,0.4439461883408072,5,,,,,,,,,1,1,1,0.7,1.0
44,1,6,0.008284928002406858,0.39759036144578314,5,,,,,,,,,1,1,1,0.7,1.0
44,2,6,0.007862988956379923,0.3944223107569721,5,,,,,,,,,1,1,1,0.7,1.0
44,3,7,0.009060616819988506,0.4125,5,,,,,,,,,1,1,1,0.7,1.0
44,4,7,0.011546566243780348,0.38372093023255816,5,,,,,,,,,1,1,1,0.7,1.0
44,5,6,0.007353821423085494,0.38823529411764707,5,,,,,,,,,1,1,1,0.7,1.0
44,6,8,0.016582929083409786,0.4024390243902439,5,,,,,,,,,1,1,1,0.7,1.0
44,7,7,0.01482499303979092,0.4090909090909091,5,,,,,,,,,1,1,1,0.7,1.0
44,8,5,0.004648371147546576,0.38671875,5,,,,,,,,,1,1,1,0.7,1.0
44,9,8,0.01083664390532592,0.4125,5,,,,,,,,,1,1,1,0.7,1.0
44,10,4,0.0030267081689468824,0.375,4,,,,,,,,,1,1,1,0.7,1.0
44,11,3,0.001798234955708471,0.3378839590443686,3,,,,,,,,,1,1,1,0.7,1.0
44,12,12,0.03246531234079403,0.4714285714285714,5,,,,,,,,,1,1,1,0.7,1.0
44,13,7,0.009413152607664656,0.3944223107569721,5,,,,,,,,,1,1,1,0.7,1.0
44,14,10,0.02034681887297241,0.43612334801762115,5,,,,,,,,,1,1,1,0.7,1.0
44,15,9,0.022967970997341273,0.4125,5,,,,,,,,,1,1,1,0.7,1.0
44,16,3,0.0008141163676104925,0.3473684210526316,3,,,,,,,,,1,1,1,0.7,1.0
44,17,9,0.013710214410568368,0.4125,5,,,,,,,,,1,1,1,0.7,1.0
44,18,12,0.029269697836801636,0.4669811320754717,5,,,,,,,,,1,1,1,0.7,1.0
44,19,10,0.0202537925463073,0.4419642857142857,5,,,,,,,,,1,1,1,0.7,1.0
44,20,3,0.0021808142692860207,0.339041095890411,3,,,,,,,,,1,1,1,0.7,1.0
44,21,6,0.007542316400121865,0.39919354838709675,5,,,,,,,,,1,1,1,0.7,1.0
44,22,10,0.029376023808859605,0.43043478260869567,5,,,,,,,,,1,1,1,0.7,1.0
44,23,9,0.01864473712174515,0.4267241379310345,5,,,,,,,,,1,1,1,0.7,1.0
44,24,2,0.0,0.32038834951456313,2,,,,,,,,,1,1,1,0.7,1.0
44,25,5,0.0062320001243736595,0.38076923076923075,5,,,,,,,,,1,1,1,0.7,1.0
44,26,3,0.0011672780323125835,0.36,3,,,,,,,,,1,1,1,0.7,1.0
44,27,14,0.04032081334260075,0.4782608695652174,5,,,,,,,,,1,1,1,0.7,1.0
44,28,11,0.025196041378104415,0.4479638009049774,5,,,,,,,,,1,1,1,0.7,1.0
44,29,6,0.007148901888439518,0.391304347826087,5,,,,,,,,,1,1,1,0.7,1.0
44,30,6,0.007893523509131792,0.38671875,5,,,,,,,,,1,1,1,0.7,1.0
44,31,8,0.016685872476458252,0.4008097165991903,5,,,,,,,,,1,1,1,0.7,1.0
44,32,15,0.042175075381476565,0.47368421052631576,5,,,,,,,,,1,1,1,0.7,1.0
44,33,9,0.02012775183331944,0.4230769230769231,5,,,,,,,,,1,1,1,0.7,1.0
44,34,9,0.01841082522871394,0.4248927038626609,5,,,,,,,,,1,1,1,0.7,1.0
44,35,9,0.022128555021271912,0.42127659574468085,5,,,,,,,,,1,1,1,0.7,1.0
44,36,6,0.009052232439077976,0.4008097165991903,5,,,,,,,,,1,1,1,0.7,1.0
44,37,10,0.022884808637103175,0.4439461883408072,5,,,,,,,,,1,1,1,0.7,1.0
44,38,3,0.0011621659124968892,0.33559322033898303,3,,,,,,,,,1,1,1,0.7,1.0
44,39,7,0.009374462711473703,0.4125,5,,,,,,,,,1,1,1,0.7,1.0
44,40,7,0.010041046143858966,0.41422594142259417,5,,,,,,,,,1,1,1,0.7,1.0
44,41,8,0.01644273385424969,0.42127659574468085,5,,,,,,,,,1,1,1,0.7,1.0
44,42,7,0.008107386616062813,0.40408163265306124,5,,,,,,,,,1,1,1,0.7,1.0
44,43,8,0.014842540020111665,0.43805309734513276,5,,,,,,,,,1,1,1,0.7,1.0
44,44,9,0.019506962294465077,0.4194915254237288,5,,,,,,,,,1,1,1,0.7,1.0
44,45,8,0.015499166069116324,0.4090909090909091,5,,,,,,,,,1,1,1,0.7,1.0
44,46,7,0.009132084094994313,0.4107883817427386,5,,,,,,,,,1,1,1,0.7,1.0
44,47,8,0.01588333884215923,0.4008097165991903,5,,,,,,,,,1,1,1,0.7,1.0
44,48,8,0.013057353661506293,0.4194915254237288,5,,,,,,,,,1,1,1,0.7,1.0
44,49,10,0.022998126649215727,0.4342105263157895,5,,,,,,,,,1,1,1,0.7,1.0
44,50,10,0.0308143346441008,0.43805309734513276,5,,,,,,,,,1,1,1,0.7,1.0
44,51,14,0.03914697687093884,0.4714285714285714,5,,,,,,,,,1,1,1,0.7,1.0
44,52,5,0.008107289253582214,0.376425855513308,5,,,,,,,,,1,1,1,0.7,1.0
44,53,8,0.011537483487035103,0.4177215189873418,5,,,,,,,,,1,1,1,0.7,1.0
44,54,4,0.003793024144388423,0.3626373626373626,3,,,,,,,,,1,1,1,0.7,1.0
44,55,10,0.023237659776797134,0.4541284403669725,5,,,,,,,,,1,1,1,0.7,1.0
44,56,5,0.005797905192208366,0.37358490566037733,5,,,,,,,,,1,1,1,0.7,1.0
44,57,8,0.016349603863737225,0.4090909090909091,5,,,,,,,,,1,1,1,0.7,1.0
44,58,9,0.019899514796318962,0.4194915254237288,5,,,,,,,,,1,1,1,0.7,1.0
44,59,10,0.022085707361162835,0.4342105263157895,5,,,,,,,,,1,1,1,0.7,1.0
44,60,11,0.019807911567924382,0.43612334801762115,5,,,,,,,,,1,1,1,0.7,1.0
44,61,8,0.010424008924552612,0.4057377049180328,5,,,,,,,,,1,1,1,0.7,1.0
44,62,12,0.025946448104021823,0.45622119815668205,5,,,,,,,,,1,1,1,0.7,1.0
44,63,2,0.0005614126362425681,0.3344594594594595,2,,,,,,,,,1,1,1,0.7,1.0
44,64,9,0.01872332415682547,0.4267241379310345,5,,,,,,,,,1,1,1,0.7,1.0
44,65,12,0.031032488648889307,0.4520547945205479,5,,,,,,,,,1,1,1,0.7,1.0
44,66,6,0.0057761754226101384,0.38372093023255816,5,,,,,,,,,1,1,1,0.7,1.0
44,67,7,0.013160777951982968,0.42127659574468085,5,,,,,,,,,1,1,1,0.7,1.0
44,68,9,0.017227215239394276,0.4248927038626609,5,,,,,,,,,1,1,1,0.7,1.0
44,69,10,0.025227933667602773,0.4177215189873418,5,,,,,,,,,1,1,1,0.7,1.0
44,70,8,0.01387620475838911,0.4267241379310345,5,,,,,,,,,1,1,1,0.7,1.0
44,71,9,0.016185486162689472,0.41596638655462187,5,,,,,,,,,1,1,1,0.7,1.0
44,72,9,0.015273779864619004,0.43043478260869567,5,,,,,,,,,1,1,1,0.7,1.0
44,73,5,0.004078652941379849,0.375,5,,,,,,,,,1,1,1,0.7,1.0
44,74,9,0.018681489814624395,0.4125,5,,,,,,,,,1,1,1,0.7,1.0
44,75,9,0.0171208681049252,0.43231441048034935,5,,,,,,,,,1,1,1,0.7,1.0
44,76,9,0.014075601128570363,0.42127659574468085,5,,,,,,,,,1,1,1,0.7,1.0
44,77,10,0.01743825099569623,0.44,5,,,,,,,,,1,1,1,0.7,1.0
44,78,5,0.0038024049630668573,0.38976377952755903,5,,,,,,,,,1,1,1,0.7,1.0
44,79,6,0.003933385627379168,0.396,5,,,,,,,,,1,1,1,0.7,1.0
44,80,6,0.009540177285457217,0.38976377952755903,5,,,,,,,,,1,1,1,0.7,1.0
44,81,4,0.003878362412685233,0.3535714285714286,3,,,,,,,,,1,1,1,0.7,1.0
44,82,6,0.006102204291129582,0.3793103448275862,5,,,,,,,,,1,1,1,0.7,1.0
44,83,9,0.020811545403340872,0.4230769230769231,5,,,,,,,,,1,1,1,0.7,1.0
44,84,7,0.012843574800630352,0.38823529411764707,5,,,,,,,,,1,1,1,0.7,1.0
44,85,11,0.02311943072088779,0.43612334801762115,5,,,,,,,,,1,1,1,0.7,1.0
44,86,9,0.02249266760837428,0.4230769230769231,5,,,,,,,,,1,1,1,0.7,1.0
44,87,9,0.01288331850351868,0.4248927038626609,5,,,,,,,,,1,1,1,0.7,1.0
44,88,7,0.009293753449501873,0.4090909090909091,5,,,,,,,,,1,1,1,0.7,1.0
44,89,7,0.007638586484533018,0.4074074074074074,5,,,,,,,,,1,1,1,0.7,1.0
44,90,10,0.023171127747701463,0.43231441048034935,5,,,,,,,,,1,1,1,0.7,1.0
44,91,10,0.02595944987752483,0.4439461883408072,5,,,,,,,,,1,1,1,0.7,1.0
44,92,7,0.008537605041661208,0.4008097165991903,5,,,,,,,,,1,1,1,0.7,1.0
44,93,10,0.02616016778149733,0.4479638009049774,5,,,,,,,,,1,1,1,0.7,1.0
44,94,4,0.002824004922169769,0.36,4,,,,,,,,,1,1,1,0.7,1.0
44,95,6,0.0073059396014398675,0.4057377049180328,5,,,,,,,,,1,1,1,0.7,1.0
44,96,6,0.008292640749202327,0.391304347826087,5,,,,,,,,,1,1,1,0.7,1.0
44,97,7,0.012769970808459086,0.4090909090909091,5,,,,,,,,,1,1,1,0.7,1.0
44,98,9,0.016231205942319603,0.4267241379310345,5,,,,,,,,,1,1,1,0.7,1.0
44,99,10,0.02365500758389639,0.4177215189873418,5,,,,,,,,,1,1,1,0.7,1.0
45,0,12,0.027870177639501746,0.4439461883408072,5,,,,,,,,,1,1,1,0.7,1.0
45,1,6,0.008284928002406858,0.39759036144578314,5,,,,,,,,,1,1,1,0.7,1.0
45,2,6,0.007862988956379923,0.3944223107569721,5,,,,,,,,,1,1,1,0.7,1.0
45,3,7,0.009060616819988506,0.4125,5,,,,,,,,,1,1,1,0.7,1.0
45,4,7,0.011546566243780348,0.38372093023255816,5,,,,,,,,,1,1,1,0.7,1.0
45,5,6,0.007353821423085494,0.38823529411764707,5,,,,,,,,,1,1,1,0.7,1.0
45,6,8,0.016582929083409786,0.4024390243902439,5,,,,,,,,,1,1,1,0.7,1.0
45,7,7,0.01482499303979092,0.4090909090909091,5,,,,,,,,,1,1,1,0.7,1.0
45,8,5,0.004648371147546576,0.38671875,5,,,,,,,,,1,1,1,0.7,1.0
45,9,8,0.01083664390532592,0.4125,5,,,,,,,,,1,1,1,0.7,1.0
45,10,4,0.0030267081689468824,0.375,4,,,,,,,,,1,1,1,0.7,1.0
45,11,3,0.001798234955708471,0.3378839590443686,3,,,,,,,,,1,1,1,0.7,1.0
45,12,12,0.03246531234079403,0.4714285714285714,5,,,,,,,,,1,1,1,0.7,1.0
45,13,7,0.009413152607664656,0.3944223107569721,5,,,,,,,,,1,1,1,0.7,1.0
45,14,10,0.02034681887297241,0.43612334801762115,5,,,,,,,,,1,1,1,0.7,1.0
45,15,9,0.022967970997341273,0.4125,5,,,,,,,,,1,1,1,0.7,1.0
45,16,3,0.0008141163676104925,0.3473684210526316,3,,,,,,,,,1,1,1,0.7,1.0
45,17,9,0.013710214410568368,0.4125,5,,,,,,,,,1,1,1,0.7,1.0
45,18,12,0.029269697836801636,0.4669811320754717,5,,,,,,,,,1,1,1,0.7,1.0
45,19,10,0.0202537925463073,0.4419642857142857,5,,,,,,,,,1,1,1,0.7,1.0
45,20,3,0.0021808142692860207,0.339041095890411,3,,,,,,,,,1,1,1,0.7,1.0
45,21,6,0.007542316400121865,0.39919354838709675,5,,,,,,,,,1,1,1,0.7,1.0
45,22,10,0.029376023808859605,0.43043478260869567,5,,,,,,,,,1,1,1,0.7,1.0
45,23,9,0.01864473712174515,0.4267241379310345,5,,,,,,,,,1,1,1,0.7,1.0
45,24,2,0.0,0.32038834951456313,2,,,,,,,,,1,1,1,0.7,1.0
45,25,5,0.0062320001243736595,0.38076923076923075,5,,,,,,,,,1,1,1,0.7,1.0
45,26,3,0.0011672780323125835,0.36,3,,,,,,,,,1,1,1,0.7,1.0
45,27,14,0.04032081334260075,0.4782608695652174,5,,,,,,,,,1,1,1,0.7,1.0
45,28,11,0.025196041378104415,0.4479638009049774,5,,,,,,,,,1,1,1,0.7,1.0
45,29,6,0.007148901888439518,0.391304347826087,5,,,,,,,,,1,1,1,0.7,1.0
45,30,6,0.007893523509131792,0.38671875,5,,,,,,,,,1,1,1,0.7,1.0
45,31,8,0.016685872476458252,0.4008097165991903,5,,,,,,,,,1,1,1,0.7,1.0
45,32,15,0.042175075381476565,0.47368421052631576,5,,,,,,,,,1,1,1,0.7,1.0
45,33,9,0.02012775183331944,0.4230769230769231,5,,,,,,,,,1,1,1,0.7,1.0
45,34,9,0.01841082522871394,0.4248927038626609,5,,,,,,,,,1,1,1,0.7,1.0
45,35,9,0.022128555021271912,0.42127659574468085,5,,,,,,,,,1,1,1,0.7,1.0
45,36,6,0.009052232439077976,0.4008097165991903,5,,,,,,,,,1,1,1,0.7,1.0
45,37,10,0.022884808637103175,0.4439461883408072,5,,,,,,,,,1,1,1,0.7,1.0
45,38,3,0.0011621659124968892,0.33559322033898303,3,,,,,,,,,1,1,1,0.7,1.0
45,39,7,0.009374462711473703,0.4125,5,,,,,,,,,1,1,1,0.7,1.0
45,40,7,0.010041046143858966,0.41422594142259417,5,,,,,,,,,1,1,1,0.7,1.0
45,41,8,0.01644273385424969,0.42127659574468085,5,,,,,,,,,1,1,1,0.7,1.0
45,42,7,0.008107386616062813,0.40408163265306124,5,,,,,,,,,1,1,1,0.7,1.0
45,43,8,0.014842540020111665,0.43805309734513276,5,,,,,,,,,1,1,1,0.7,1.0
45,44,9,0.019506962294465077,0.4194915254237288,5,,,,,,,,,1,1,1,0.7,1.0
45,45,8,0.015499166069116324,0.4090909090909091,5,,,,,,,,,1,1,1,0.7,1.0
45,46,7,0.009132084094994313,0.4107883817427386,5,,,,,,,,,1,1,1,0.7,1.0
45,47,8,0.01588333884215923,0.4008097165991903,5,,,,,,,,,1,1,1,0.7,1.0
45,48,8,0.013057353661506293,0.4194915254237288,5,,,,,,,,,1,1,1,0.7,1.0
45,49,10,0.022998126649215727,0.4342105263157895,5,,,,,,,,,1,1,1,0.7,1.0
45,50,10,0.0308143346441008,0.43805309734513276,5,,,,,,,,,1,1,1,0.7,1.0
45,51,14,0.03914697687093884,0.4714285714285714,5,,,,,,,,,1,1,1,0.7,1.0
45,52,5,0.008107289253582214,0.376425855513308,5,,,,,,,,,1,1,1,0.7,1.0
45,53,8,0.011537483487035103,0.4177215189873418,5,,,,,,,,,1,1,1,0.7,1.0
45,54,4,0.003793024144388423,0.3626373626373626,3,,,,,,,,,1,1,1,0.7,1.0
45,55,10,0.023237659776797134,0.4541284403669725,5,,,,,,,,,1,1,1,0.7,1.0
45,56,5,0.005797905192208366,0.37358490566037733,5,,,,,,,,,1,1,1,0.7,1.0
45,57,8,0.016349603863737225,0.4090909090909091,5,,,,,,,,,1,1,1,0.7,1.0
45,58,9,0.019899514796318962,0.4194915254237288,5,,,,,,,,,1,1,1,0.7,1.0
45,59,10,0.022085707361162835,0.4342105263157895,5,,,,,,,,,1,1,1,0.7,1.0
45,60,11,0.019807911567924382,0.43612334801762115,5,,,,,,,,,1,1,1,0.7,1.0
45,61,8,0.010424008924552612,0.4057377049180328,5,,,,,,,,,1,1,1,0.7,1.0
45,62,12,0.025946448104021823,0.45622119815668205,5,,,,,,,,,1,1,1,0.7,1.0
45,63,2,0.0005614126362425681,0.3344594594594595,2,,,,,,,,,1,1,1,0.7,1.0
45,64,9,0.01872332415682547,0.4267241379310345,5,,,,,,,,,1,1,1,0.7,1.0
45,65,12,0.031032488648889307,0.4520547945205479,5,,,,,,,,,1,1,1,0.7,1.0
45,66,6,0.0057761754226101384,0.38372093023255816,5,,,,,,,,,1,1,1,0.7,1.0
45,67,7,0.013160777951982968,0.42127659574468085,5,,,,,,,,,1,1,1,0.7,1.0
45,68,9,0.017227215239394276,0.4248927038626609,5,,,,,,,,,1,1,1,0.7,1.0
45,69,10,0.025227933667602773,0.4177215189873418,5,,,,,,,,,1,1,1,0.7,1.0
45,70,8,0.01387620475838911,0.4267241379310345,5,,,,,,,,,1,1,1,0.7,1.0
45,71,9,0.016185486162689472,0.41596638655462187,5,,,,,,,,,1,1,1,0.7,1.0
45,72,9,0.015273779864619004,0.43043478260869567,5,,,,,,,,,1,1,1,0.7,1.0
45,73,5,0.004078652941379849,0.375,5,,,,,,,,,1,1,1,0.7,1.0
45,74,9,0.018681489814624395,0.4125,5,,,,,,,,,1,1,1,0.7,1.0
45,75,9,0.0171208681049252,0.43231441048034935,5,,,,,,,,,1,1,1,0.7,1.0
45,76,9,0.014075601128570363,0.42127659574468085,5,,,,,,,,,1,1,1,0.7,1.0
45,77,10,0.01743825099569623,0.44,5,,,,,,,,,1,1,1,0.7,1.0
45,78,5,0.0038024049630668573,0.38976377952755903,5,,,,,,,,,1,1,1,0.7,1.0
45,79,6,0.003933385627379168,0.396,5,,,,,,,,,1,1,1,0.7,1.0
45,80,6,0.009540177285457217,0.38976377952755903,5,,,,,,,,,1,1,1,0.7,1.0
45,81,4,0.003878362412685233,0.3535714285714286,3,,,,,,,,,1,1,1,0.7,1.0
45,82,6,0.006102204291129582,0.3793103448275862,5,,,,,,,,,1,1,1,0.7,1.0
45,83,9,0.020811545403340872,0.4230769230769231,5,,,,,,,,,1,1,1,0.7,1.0
45,84,7,0.012843574800630352,0.38823529411764707,5,,,,,,,,,1,1,1,0.7,1.0
45,85,11,0.02311943072088779,0.43612334801762115,5,,,,,,,,,1,1,1,0.7,1.0
45,86,9,0.02249266760837428,0.4230769230769231,5,,,,,,,,,1,1,1,0.7,1.0
45,87,9,0.01288331850351868,0.4248927038626609,5,,,,,,,,,1,1,1,0.7,1.0
45,88,7,0.009293753449501873,0.4090909090909091,5,,,,,,,,,1,1,1,0.7,1.0
45,89,7,0.007638586484533018,0.4074074074074074,5,,,,,,,,,1,1,1,0.7,1.0
45,90,10,0.023171127747701463,0.43231441048034935,5,,,,,,,,,1,1,1,0.7,1.0
45,91,10,0.02595944987752483,0.4439461883408072,5,,,,,,,,,1,1,1,0.7,1.0
45,92,7,0.008537605041661208,0.4008097165991903,5,,,,,,,,,1,1,1,0.7,1.0
45,93,10,0.02616016778149733,0.4479638009049774,5,,,,,,,,,1,1,1,0.7,1.0
45,94,4,0.002824004922169769,0.36,4,,,,,,,,,1,1,1,0.7,1.0
45,95,6,0.0073059396014398675,0.4057377049180328,5,,,,,,,,,1,1,1,0.7,1.0
45,96,6,0.008292640749202327,0.391304347826087,5,,,,,,,,,1,1,1,0.7,1.0
45,97,7,0.012769970808459086,0.4090909090909091,5,,,,,,,,,1,1,1,0.7,1.0
45,98,9,0.016231205942319603,0.4267241379310345,5,,,,,,,,,1,1,1,0.7,1.0
45,99,10,0.02365500758389639,0.4177215189873418,5,,,,,,,,,1,1,1,0.7,1.0
46,0,12,0.027870177639501746,0.4439461883408072,5,,,,,,,,,1,1,1,0.7,1.0
46,1,6,0.008284928002406858,0.39759036144578314,5,,,,,,,,,1,1,1,0.7,1.0
46,2,6,0.007862988956379923,0.3944223107569721,5,,,,,,,,,1,1,1,0.7,1.0
46,3,7,0.009060616819988506,0.4125,5,,,,,,,,,1,1,1,0.7,1.0
46,4,7,0.011546566243780348,0.38372093023255816,5,,,,,,,,,1,1,1,0.7,1.0
46,5,6,0.007353821423085494,0.38823529411764707,5,,,,,,,,,1,1,1,0.7,1.0
46,6,8,0.016582929083409786,0.4024390243902439,5,,,,,,,,,1,1,1,0.7,1.0
46,7,7,0.01482499303979092,0.4090909090909091,5,,,,,,,,,1,1,1,0.7,1.0
46,8,5,0.004648371147546576,0.38671875,5,,,,,,,,,1,1,1,0.7,1.0
46,9,8,0.01083664390532592,0.4125,5,,,,,,,,,1,1,1,0.7,1.0
46,10,4,0.0030267081689468824,0.375,4,,,,,,,,,1,1,1,0.7,1.0
46,11,3,0.001798234955708471,0.3378839590443686,3,,,,,,,,,1,1,1,0.7,1.0
46,12,12,0.03246531234079403,0.4714285714285714,5,,,,,,,,,1,1,1,0.7,1.0
46,13,7,0.009413152607664656,0.3944223107569721,5,,,,,,,,,1,1,1,0.7,1.0
46,14,10,0.02034681887297241,0.43612334801762115,5,,,,,,,,,1,1,1,0.7,1.0
46,15,9,0.022967970997341273,0.4125,5,,,,,,,,,1,1,1,0.7,1.0
46,16,3,0.0008141163676104925,0.3473684210526316,3,,,,,,,,,1,1,1,0.7,1.0
46,17,9,0.013710214410568368,0.4125,5,,,,,,,,,1,1,1,0.7,1.0
46,18,12,0.029269697836801636,0.4669811320754717,5,,,,,,,,,1,1,1,0.7,1.0
46,19,10,0.0202537925463073,0.4419642857142857,5,,,,,,,,,1,1,1,0.7,1.0
46,20,3,0.0021808142692860207,0.339041095890411,3,,,,,,,,,1,1,1,0.7,1.0
46,21,6,0.007542316400121865,0.39919354838709675,5,,,,,,,,,1,1,1,0.7,1.0
46,22,10,0.029376023808859605,0.43043478260869567,5,,,,,,,,,1,1,1,0.7,1.0
46,23,9,0.01864473712174515,0.4267241379310345,5,,,,,,,,,1,1,1,0.7,1.0
46,24,2,0.0,0.32038834951456313,2,,,,,,,,,1,1,1,0.7,1.0
46,25,5,0.0062320001243736595,0.38076923076923075,5,,,,,,,,,1,1,1,0.7,1.0
46,26,3,0.0011672780323125835,0.36,3,,,,,,,,,1,1,1,0.7,1.0
46,27,14,0.04032081334260075,0.4782608695652174,5,,,,,,,,,1,1,1,0.7,1.0
46,28,11,0.025196041378104415,0.4479638009049774,5,,,,,,,,,1,1,1,0.7,1.0
46,29,6,0.007148901888439518,0.391304347826087,5,,,,,,,,,1,1,1,0.7,1.0
46,30,6,0.007893523509131792,0.38671875,5,,,,,,,,,1,1,1,0.7,1.0
46,31,8,0.016685872476458252,0.4008097165991903,5,,,,,,,,,1,1,1,0.7,1.0
46,32,15,0.042175075381476565,0.47368421052631576,5,,,,,,,,,1,1,1,0.7,1.0
46,33,9,0.02012775183331944,0.4230769230769231,5,,,,,,,,,1,1,1,0.7,1.0
46,34,9,0.01841082522871394,0.4248927038626609,5,,,,,,,,,1,1,1,0.7,1.0
46,35,9,0.022128555021271912,0.42127659574468085,5,,,,,,,,,1,1,1,0.7,1.0
46,36,6,0.009052232439077976,0.4008097165991903,5,,,,,,,,,1,1,1,0.7,1.0
46,37,10,0.022884808637103175,0.4439461883408072,5,,,,,,,,,1,1,1,0.7,1.0
46,38,3,0.0011621659124968892,0.33559322033898303,3,,,,,,,,,1,1,1,0.7,1.0
46,39,7,0.009374462711473703,0.4125,5,,,,,,,,,1,1,1,0.7,1.0
46,40,7,0.010041046143858966,0.41422594142259417,5,,,,,,,,,1,1,1,0.7,1.0
46,41,8,0.01644273385424969,0.42127659574468085,5,,,,,,,,,1,1,1,0.7,1.0
46,42,7,0.008107386616062813,0.40408163265306124,5,,,,,,,,,1,1,1,0.7,1.0
46,43,8,0.014842540020111665,0.43805309734513276,5,,,,,,,,,1,1,1,0.7,1.0
46,44,9,0.019506962294465077,0.4194915254237288,5,,,,,,,,,1,1,1,0.7,1.0
46,45,8,0.015499166069116324,0.4090909090909091,5,,,,,,,,,1,1,1,0.7,1.0
46,46,7,0.009132084094994313,0.4107883817427386,5,,,,,,,,,1,1,1,0.7,1.0
46,47,8,0.01588333884215923,0.4008097165991903,5,,,,,,,,,1,1,1,0.7,1.0
46,48,8,0.013057353661506293,0.4194915254237288,5,,,,,,,,,1,1,1,0.7,1.0
46,49,10,0.022998126649215727,0.4342105263157895,5,,,,,,,,,1,1,1,0.7,1.0
46,50,10,0.0308143346441008,0.43805309734513276,5,,,,,,,,,1,1,1,0.7,1.0
46,51,14,0.03914697687093884,0.4714285714285714,5,,,,,,,,,1,1,1,0.7,1.0
46,52,5,0.008107289253582214,0.376425855513308,5,,,,,,,,,1,1,1,0.7,1.0
46,53,8,0.011537483487035103,0.4177215189873418,5,,,,,,,,,1,1,1,0.7,1.0
46,54,4,0.003793024144388423,0.3626373626373626,3,,,,,,,,,1,1,1,0.7,1.0
46,55,10,0.023237659776797134,0.4541284403669725,5,,,,,,,,,1,1,1,0.7,1.0
46,56,5,0.005797905192208366,0.37358490566037733,5,,,,,,,,,1,1,1,0.7,1.0
46,57,8,0.016349603863737225,0.4090909090909091,5,,,,,,,,,1,1,1,0.7,1.0
46,58,9,0.019899514796318962,0.4194915254237288,5,,,,,,,,,1,1,1,0.7,1.0
46,59,10,0.022085707361162835,0.4342105263157895,5,,,,,,,,,1,1,1,0.7,1.0
46,60,11,0.019807911567924382,0.43612334801762115,5,,,,,,,,,1,1,1,0.7,1.0
46,61,8,0.010424008924552612,0.4057377049180328,5,,,,,,,,,1,1,1,0.7,1.0
46,62,12,0.025946448104021823,0.45622119815668205,5,,,,,,,,,1,1,1,0.7,1.0
46,63,2,0.0005614126362425681,0.3344594594594595,2,,,,,,,,,1,1,1,0.7,1.0
46,64,9,0.01872332415682547,0.4267241379310345,5,,,,,,,,,1,1,1,0.7,1.0
46,65,12,0.031032488648889307,0.4520547945205479,5,,,,,,,,,1,1,1,0.7,1.0
46,66,6,0.0057761754226101384,0.38372093023255816,5,,,,,,,,,1,1,1,0.7,1.0
46,67,7,0.013160777951982968,0.42127659574468085,5,,,,,,,,,1,1,1,0.7,1.0
46,68,9,0.017227215239394276,0.4248927038626609,5,,,,,,,,,1,1,1,0.7,1.0
46,69,10,0.025227933667602773,0.4177215189873418,5,,,,,,,,,1,1,1,0.7,1.0
46,70,8,0.01387620475838911,0.4267241379310345,5,,,,,,,,,1,1,1,0.7,1.0
46,71,9,0.016185486162689472,0.41596638655462187,5,,,,,,,,,1,1,1,0.7,1.0
46,72,9,0.015273779864619004,0.43043478260869567,5,,,,,,,,,1,1,1,0.7,1.0
46,73,5,0.004078652941379849,0.375,5,,,,,,,,,1,1,1,0.7,1.0
46,74,9,0.018681489814624395,0.4125,5,,,,,,,,,1,1,1,0.7,1.0
46,75,9,0.0171208681049252,0.43231441048034935,5,,,,,,,,,1,1,1,0.7,1.0
46,76,9,0.014075601128570363,0.42127659574468085,5,,,,,,,,,1,1,1,0.7,1.0
46,77,10,0.01743825099569623,0.44,5,,,,,,,,,1,1,1,0.7,1.0
46,78,5,0.0038024049630668573,0.38976377952755903,5,,,,,,,,,1,1,1,0.7,1.0
46,79,6,0.003933385627379168,0.396,5,,,,,,,,,1,1,1,0.7,1.0
46,80,6,0.009540177285457217,0.38976377952755903,5,,,,,,,,,1,1,1,0.7,1.0
46,81,4,0.003878362412685233,0.3535714285714286,3,,,,,,,,,1,1,1,0.7,1.0
46,82,6,0.006102204291129582,0.3793103448275862,5,,,,,,,,,1,1,1,0.7,1.0
46,83,9,0.020811545403340872,0.4230769230769231,5,,,,,,,,,1,1,1,0.7,1.0
46,84,7,0.012843574800630352,0.38823529411764707,5,,,,,,,,,1,1,1,0.7,1.0
46,85,11,0.02311943072088779,0.43612334801762115,5,,,,,,,,,1,1,1,0.7,1.0
46,86,9,0.02249266760837428,0.4230769230769231,5,,,,,,,,,1,1,1,0.7,1.0
46,87,9,0.01288331850351868,0.4248927038626609,5,,,,,,,,,1,1,1,0.7,1.0
46,88,7,0.009293753449501873,0.4090909090909091,5,,,,,,,,,1,1,1,0.7,1.0
46,89,7,0.007638586484533018,0.4074074074074074,5,,,,,,,,,1,1,1,0.7,1.0
46,90,10,0.023171127747701463,0.43231441048034935,5,,,,,,,,,1,1,1,0.7,1.0
46,91,10,0.02595944987752483,0.4439461883408072,5,,,,,,,,,1,1,1,0.7,1.0
46,92,7,0.008537605041661208,0.4008097165991903,5,,,,,,,,,1,1,1,0.7,1.0
46,93,10,0.02616016778149733,0.4479638009049774,5,,,,,,,,,1,1,1,0.7,1.0
46,94,4,0.002824004922169769,0.36,4,,,,,,,,,1,1,1,0.7,1.0
46,95,6,0.0073059396014398675,0.4057377049180328,5,,,,,,,,,1,1,1,0.7,1.0
46,96,6,0.008292640749202327,0.391304347826087,5,,,,,,,,,1,1,1,0.7,1.0
46,97,7,0.012769970808459086,0.4090909090909091,5,,,,,,,,,1,1,1,0.7,1.0
46,98,9,0.016231205942319603,0.4267241379310345,5,,,,,,,,,1,1,1,0.7,1.0
46,99,10,0.02365500758389639,0.4177215189873418,5,,,,,,,,,1,1,1,0.7,1.0
47,0,12,0.027870177639501746,0.4439461883408072,5,,,,,,,,,1,1,1,0.7,1.0
47,1,6,0.008284928002406858,0.39759036144578314,5,,,,,,,,,1,1,1,0.7,1.0
47,2,6,0.007862988956379923,0.3944223107569721,5,,,,,,,,,1,1,1,0.7,1.0
47,3,7,0.009060616819988506,0.4125,5,,,,,,,,,1,1,1,0.7,1.0
47,4,7,0.011546566243780348,0.38372093023255816,5,,,,,,,,,1,1,1,0.7,1.0
47,5,6,0.007353821423085494,0.38823529411764707,5,,,,,,,,,1,1,1,0.7,1.0
47,6,8,0.016582929083409786,0.4024390243902439,5,,,,,,,,,1,1,1,0.7,1.0
47,7,7,0.01482499303979092,0.4090909090909091,5,,,,,,,,,1,1,1,0.7,1.0
47,8,5,0.004648371147546576,0.38671875,5,,,,,,,,,1,1,1,0.7,1.0
47,9,8,0.01083664390532592,0.4125,5,,,,,,,,,1,1,1,0.7,1.0
47,10,4,0.0030267081689468824,0.375,4,,,,,,,,,1,1,1,0.7,1.0
47,11,3,0.001798234955708471,0.3378839590443686,3,,,,,,,,,1,1,1,0.7,1.0
47,12,12,0.03246531234079403,0.4714285714285714,5,,,,,,,,,1,1,1,0.7,1.0
47,13,7,0.009413152607664656,0.3944223107569721,5,,,,,,,,,1,1,1,0.7,1.0
47,14,10,0.02034681887297241,0.43612334801762115,5,,,,,,,,,1,1,1,0.7,1.0
47,15,9,0.022967970997341273,0.4125,5,,,,,,,,,1,1,1,0.7,1.0
47,16,3,0.0008141163676104925,0.3473684210526316,3,,,,,,,,,1,1,1,0.7,1.0
47,17,9,0.013710214410568368,0.4125,5,,,,,,,,,1,1,1,0.7,1.0
47,18,12,0.029269697836801636,0.4669811320754717,5,,,,,,,,,1,1,1,0.7,1.0
47,19,10,0.0202537925463073,0.4419642857142857,5,,,,,,,,,1,1,1,0.7,1.0
47,20,3,0.0021808142692860207,0.339041095890411,3,,,,,,,,,1,1,1,0.7,1.0
47,21,6,0.007542316400121865,0.39919354838709675,5,,,,,,,,,1,1,1,0.7,1.0
47,22,10,0.029376023808859605,0.43043478260869567,5,,,,,,,,,1,1,1,0.7,1.0
47,23,9,0.01864473712174515,0.4267241379310345,5,,,,,,,,,1,1,1,0.7,1.0
47,24,2,0.0,0.32038834951456313,2,,,,,,,,,1,1,1,0.7,1.0
47,25,5,0.0062320001243736595,0.38076923076923075,5,,,,,,,,,1,1,1,0.7,1.0
47,26,3,0.0011672780323125835,0.36,3,,,,,,,,,1,1,1,0.7,1.0
47,27,14,0.04032081334260075,0.4782608695652174,5,,,,,,,,,1,1,1,0.7,1.0
47,28,11,0.025196041378104415,0.4479638009049774,5,,,,,,,,,1,1,1,0.7,1.0
47,29,6,0.007148901888439518,0.391304347826087,5,,,,,,,,,1,1,1,0.7,1.0
47,30,6,0.007893523509131792,0.38671875,5,,,,,,,,,1,1,1,0.7,1.0
47,31,8,0.016685872476458252,0.4008097165991903,5,,,,,,,,,1,1,1,0.7,1.0
47,32,15,0.042175075381476565,0.47368421052631576,5,,,,,,,,,1,1,1,0.7,1.0
47,33,9,0.02012775183331944,0.4230769230769231,5,,,,,,,,,1,1,1,0.7,1.0
47,34,9,0.01841082522871394,0.4248927038626609,5,,,,,,,,,1,1,1,0.7,1.0
47,35,9,0.022128555021271912,0.42127659574468085,5,,,,,,,,,1,1,1,0.7,1.0
47,36,6,0.009052232439077976,0.4008097165991903,5,,,,,,,,,1,1,1,0.7,1.0
47,37,10,0.022884808637103175,0.4439461883408072,5,,,,,,,,,1,1,1,0.7,1.0
47,38,3,0.0011621659124968892,0.33559322033898303,3,,,,,,,,,1,1,1,0.7,1.0
47,39,7,0.009374462711473703,0.4125,5,,,,,,,,,1,1,1,0.7,1.0
47,40,7,0.010041046143858966,0.41422594142259417,5,,,,,,,,,1,1,1,0.7,1.0
47,41,8,0.01644273385424969,0.42127659574468085,5,,,,,,,,,1,1,1,0.7,1.0
47,42,7,0.008107386616062813,0.40408163265306124,5,,,,,,,,,1,1,1,0.7,1.0
47,43,8,0.014842540020111665,0.43805309734513276,5,,,,,,,,,1,1,1,0.7,1.0
47,44,9,0.019506962294465077,0.4194915254237288,5,,,,,,,,,1,1,1,0.7,1.0
47,45,8,0.015499166069116324,0.4090909090909091,5,,,,,,,,,1,1,1,0.7,1.0
47,46,7,0.009132084094994313,0.4107883817427386,5,,,,,,,,,1,1,1,0.7,1.0
47,47,8,0.01588333884215923,0.4008097165991903,5,,,,,,,,,1,1,1,0.7,1.0
47,48,8,0.013057353661506293,0.4194915254237288,5,,,,,,,,,1,1,1,0.7,1.0
47,49,10,0.022998126649215727,0.4342105263157895,5,,,,,,,,,1,1,1,0.7,1.0
47,50,10,0.0308143346441008,0.43805309734513276,5,,,,,,,,,1,1,1,0.7,1.0
47,51,14,0.03914697687093884,0.4714285714285714,5,,,,,,,,,1,1,1,0.7,1.0
47,52,5,0.008107289253582214,0.376425855513308,5,,,,,,,,,1,1,1,0.7,1.0
47,53,8,0.011537483487035103,0.4177215189873418,5,,,,,,,,,1,1,1,0.7,1.0
47,54,4,0.003793024144388423,0.3626373626373626,3,,,,,,,,,1,1,1,0.7,1.0
47,55,10,0.023237659776797134,0.4541284403669725,5,,,,,,,,,1,1,1,0.7,1.0
47,56,5,0.005797905192208366,0.37358490566037733,5,,,,,,,,,1,1,1,0.7,1.0
47,57,8,0.016349603863737225,0.4090909090909091,5,,,,,,,,,1,1,1,0.7,1.0
47,58,9,0.019899514796318962,0.4194915254237288,5,,,,,,,,,1,1,1,0.7,1.0
47,59,10,0.022085707361162835,0.4342105263157895,5,,,,,,,,,1,1,1,0.7,1.0
47,60,11,0.019807911567924382,0.43612334801762115,5,,,,,,,,,1,1,1,0.7,1.0
47,61,8,0.010424008924552612,0.4057377049180328,5,,,,,,,,,1,1,1,0.7,1.0
47,62,12,0.025946448104021823,0.45622119815668205,5,,,,,,,,,1,1,1,0.7,1.0
47,63,2,0.0005614126362425681,0.3344594594594595,2,,,,,,,,,1,1,1,0.7,1.0
47,64,9,0.01872332415682547,0.4267241379310345,5,,,,,,,,,1,1,1,0.7,1.0
47,65,12,0.031032488648889307,0.4520547945205479,5,,,,,,,,,1,1,1,0.7,1.0
47,66,6,0.0057761754226101384,0.38372093023255816,5,,,,,,,,,1,1,1,0.7,1.0
47,67,7,0.013160777951982968,0.42127659574468085,5,,,,,,,,,1,1,1,0.7,1.0
47,68,9,0.017227215239394276,0.4248927038626609,5,,,,,,,,,1,1,1,0.7,1.0
47,69,10,0.025227933667602773,0.4177215189873418,5,,,,,,,,,1,1,1,0.7,1.0
47,70,8,0.01387620475838911,0.4267241379310345,5,,,,,,,,,1,1,1,0.7,1.0
47,71,9,0.016185486162689472,0.41596638655462187,5,,,,,,,,,1,1,1,0.7,1.0
47,72,9,0.015273779864619004,0.43043478260869567,5,,,,,,,,,1,1,1,0.7,1.0
47,73,5,0.004078652941379849,0.375,5,,,,,,,,,1,1,1,0.7,1.0
47,74,9,0.018681489814624395,0.4125,5,,,,,,,,,1,1,1,0.7,1.0
47,75,9,0.0171208681049252,0.43231441048034935,5,,,,,,,,,1,1,1,0.7,1.0
47,76,9,0.014075601128570363,0.42127659574468085,5,,,,,,,,,1,1,1,0.7,1.0
47,77,10,0.01743825099569623,0.44,5,,,,,,,,,1,1,1,0.7,1.0
47,78,5,0.0038024049630668573,0.38976377952755903,5,,,,,,,,,1,1,1,0.7,1.0
47,79,6,0.003933385627379168,0.396,5,,,,,,,,,1,1,1,0.7,1.0
47,80,6,0.009540177285457217,0.38976377952755903,5,,,,,,,,,1,1,1,0.7,1.0
47,81,4,0.003878362412685233,0.3535714285714286,3,,,,,,,,,1,1,1,0.7,1.0
47,82,6,0.006102204291129582,0.3793103448275862,5,,,,,,,,,1,1,1,0.7,1.0
47,83,9,0.020811545403340872,0.4230769230769231,5,,,,,,,,,1,1,1,0.7,1.0
47,84,7,0.012843574800630352,0.38823529411764707,5,,,,,,,,,1,1,1,0.7,1.0
47,85,11,0.02311943072088779,0.43612334801762115,5,,,,,,,,,1,1,1,0.7,1.0
47,86,9,0.02249266760837428,0.4230769230769231,5,,,,,,,,,1,1,1,0.7,1.0
47,87,9,0.01288331850351868,0.4248927038626609,5,,,,,,,,,1,1,1,0.7,1.0
47,88,7,0.009293753449501873,0.4090909090909091,5,,,,,,,,,1,1,1,0.7,1.0
47,89,7,0.007638586484533018,0.4074074074074074,5,,,,,,,,,1,1,1,0.7,1.0
47,90,10,0.023171127747701463,0.43231441048034935,5,,,,,,,,,1,1,1,0.7,1.0
47,91,10,0.02595944987752483,0.4439461883408072,5,,,,,,,,,1,1,1,0.7,1.0
47,92,7,0.008537605041661208,0.4008097165991903,5,,,,,,,,,1,1,1,0.7,1.0
47,93,10,0.02616016778149733,0.4479638009049774,5,,,,,,,,,1,1,1,0.7,1.0
47,94,4,0.002824004922169769,0.36,4,,,,,,,,,1,1,1,0.7,1.0
47,95,6,0.0073059396014398675,0.4057377049180328,5,,,,,,,,,1,1,1,0.7,1.0
47,96,6,0.008292640749202327,0.391304347826087,5,,,,,,,,,1,1,1,0.7,1.0
47,97,7,0.012769970808459086,0.4090909090909091,5,,,,,,,,,1,1,1,0.7,1.0
47,98,9,0.016231205942319603,0.4267241379310345,5,,,,,,,,,1,1,1,0.7,1.0
47,99,10,0.02365500758389639,0.4177215189873418,5,,,,,,,,,1,1,1,0.7,1.0
48,0,12,0.027870177639501746,0.4439461883408072,5,,,,,,,,,1,1,1,0.7,1.0
48,1,6,0.008284928002406858,0.39759036144578314,5,,,,,,,,,1,1,1,0.7,1.0
48,2,6,0.007862988956379923,0.3944223107569721,5,,,,,,,,,1,1,1,0.7,1.0
48,3,7,0.009060616819988506,0.4125,5,,,,,,,,,1,1,1,0.7,1.0
48,4,7,0.011546566243780348,0.38372093023255816,5,,,,,,,,,1,1,1,0.7,1.0
48,5,6,0.007353821423085494,0.38823529411764707,5,,,,,,,,,1,1,1,0.7,1.0
48,6,8,0.016582929083409786,0.4024390243902439,5,,,,,,,,,1,1,1,0.7,1.0
48,7,7,0.01482499303979092,0.4090909090909091,5,,,,,,,,,1,1,1,0.7,1.0
48,8,5,0.004648371147546576,0.38671875,5,,,,,,,,,1,1,1,0.7,1.0
48,9,8,0.01083664390532592,0.4125,5,,,,,,,,,1,1,1,0.7,1.0
48,10,4,0.0030267081689468824,0.375,4,,,,,,,,,1,1,1,0.7,1.0
48,11,3,0.001798234955708471,0.3378839590443686,3,,,,,,,,,1,1,1,0.7,1.0
48,12,12,0.03246531234079403,0.4714285714285714,5,,,,,,,,,1,1,1,0.7,1.0
48,13,7,0.009413152607664656,0.3944223107569721,5,,,,,,,,,1,1,1,0.7,1.0
48,14,10,0.02034681887297241,0.43612334801762115,5,,,,,,,,,1,1,1,0.7,1.0
48,15,9,0.022967970997341273,0.4125,5,,,,,,,,,1,1,1,0.7,1.0
48,16,3,0.0008141163676104925,0.3473684210526316,3,,,,,,,,,1,1,1,0.7,1.0
48,17,9,0.013710214410568368,0.4125,5,,,,,,,,,1,1,1,0.7,1.0
48,18,12,0.029269697836801636,0.4669811320754717,5,,,,,,,,,1,1,1,0.7,1.0
48,19,10,0.0202537925463073,0.4419642857142857,5,,,,,,,,,1,1,1,0.7,1.0
48,20,3,0.0021808142692860207,0.339041095890411,3,,,,,,,,,1,1,1,0.7,1.0
48,21,6,0.007542316400121865,0.39919354838709675,5,,,,,,,,,1,1,1,0.7,1.0
48,22,10,0.029376023808859605,0.43043478260869567,5,,,,,,,,,1,1,1,0.7,1.0
48,23,9,0.01864473712174515,0.4267241379310345,5,,,,,,,,,1,1,1,0.7,1.0
48,24,2,0.0,0.32038834951456313,2,,,,,,,,,1,1,1,0.7,1.0
48,25,5,0.0062320001243736595,0.38076923076923075,5,,,,,,,,,1,1,1,0.7,1.0
48,26,3,0.0011672780323125835,0.36,3,,,,,,,,,1,1,1,0.7,1.0
48,27,14,0.04032081334260075,0.4782608695652174,5,,,,,,,,,1,1,1,0.7,1.0
48,28,11,0.025196041378104415,0.4479638009049774,5,,,,,,,,,1,1,1,0.7,1.0
48,29,6,0.007148901888439518,0.391304347826087,5,,,,,,,,,1,1,1,0.7,1.0
48,30,6,0.007893523509131792,0.38671875,5,,,,,,,,,1,1,1,0.7,1.0
48,31,8,0.016685872476458252,0.4008097165991903,5,,,,,,,,,1,1,1,0.7,1.0
48,32,15,0.042175075381476565,0.47368421052631576,5,,,,,,,,,1,1,1,0.7,1.0
48,33,9,0.02012775183331944,0.4230769230769231,5,,,,,,,,,1,1,1,0.7,1.0
48,34,9,0.01841082522871394,0.4248927038626609,5,,,,,,,,,1,1,1,0.7,1.0
48,35,9,0.022128555021271912,0.42127659574468085,5,,,,,,,,,1,1,1,0.7,1.0
48,36,6,0.009052232439077976,0.4008097165991903,5,,,,,,,,,1,1,1,0.7,1.0
48,37,10,0.022884808637103175,0.4439461883408072,5,,,,,,,,,1,1,1,0.7,1.0
48,38,3,0.0011621659124968892,0.33559322033898303,3,,,,,,,,,1,1,1,0.7,1.0
48,39,7,0.009374462711473703,0.4125,5,,,,,,,,,1,1,1,0.7,1.0
48,40,7,0.010041046143858966,0.41422594142259417,5,,,,,,,,,1,1,1,0.7,1.0
48,41,8,0.01644273385424969,0.42127659574468085,5,,,,,,,,,1,1,1,0.7,1.0
48,42,7,0.008107386616062813,0.40408163265306124,5,,,,,,,,,1,1,1,0.7,1.0
48,43,8,0.014842540020111665,0.43805309734513276,5,,,,,,,,,1,1,1,0.7,1.0
48,44,9,0.019506962294465077,0.4194915254237288,5,,,,,,,,,1,1,1,0.7,1.0
48,45,8,0.015499166069116324,0.4090909090909091,5,,,,,,,,,1,1,1,0.7,1.0
48,46,7,0.009132084094994313,0.4107883817427386,5,,,,,,,,,1,1,1,0.7,1.0
48,47,8,0.01588333884215923,0.4008097165991903,5,,,,,,,,,1,1,1,0.7,1.0
48,48,8,0.013057353661506293,0.4194915254237288,5,,,,,,,,,1,1,1,0.7,1.0
48,49,10,0.022998126649215727,0.4342105263157895,5,,,,,,,,,1,1,1,0.7,1.0
48,50,10,0.0308143346441008,0.43805309734513276,5,,,,,,,,,1,1,1,0.7,1.0
48,51,14,0.03914697687093884,0.4714285714285714,5,,,,,,,,,1,1,1,0.7,1.0
48,52,5,0.008107289253582214,0.376425855513308,5,,,,,,,,,1,1,1,0.7,1.0
48,53,8,0.011537483487035103,0.4177215189873418,5,,,,,,,,,1,1,1,0.7,1.0
48,54,4,0.003793024144388423,0.3626373626373626,3,,,,,,,,,1,1,1,0.7,1.0
48,55,10,0.023237659776797134,0.4541284403669725,5,,,,,,,,,1,1,1,0.7,1.0
48,56,5,0.005797905192208366,0.37358490566037733,5,,,,,,,,,1,1,1,0.7,1.0
48,57,8,0.016349603863737225,0.4090909090909091,5,,,,,,,,,1,1,1,0.7,1.0
48,58,9,0.019899514796318962,0.4194915254237288,5,,,,,,,,,1,1,1,0.7,1.0
48,59,10,0.022085707361162835,0.4342105263157895,5,,,,,,,,,1,1,1,0.7,1.0
48,60,11,0.019807911567924382,0.43612334801762115,5,,,,,,,,,1,1,1,0.7,1.0
48,61,8,0.010424008924552612,0.4057377049180328,5,,,,,,,,,1,1,1,0.7,1.0
48,62,12,0.025946448104021823,0.45622119815668205,5,,,,,,,,,1,1,1,0.7,1.0
48,63,2,0.0005614126362425681,0.3344594594594595,2,,,,,,,,,1,1,1,0.7,1.0
48,64,9,0.01872332415682547,0.4267241379310345,5,,,,,,,,,1,1,1,0.7,1.0
48,65,12,0.031032488648889307,0.4520547945205479,5,,,,,,,,,1,1,1,0.7,1.0
48,66,6,0.0057761754226101384,0.38372093023255816,5,,,,,,,,,1,1,1,0.7,1.0
48,67,7,0.013160777951982968,0.42127659574468085,5,,,,,,,,,1,1,1,0.7,1.0
48,68,9,0.017227215239394276,0.4248927038626609,5,,,,,,,,,1,1,1,0.7,1.0
48,69,10,0.025227933667602773,0.4177215189873418,5,,,,,,,,,1,1,1,0.7,1.0
48,70,8,0.01387620475838911,0.4267241379310345,5,,,,,,,,,1,1,1,0.7,1.0
48,71,9,0.016185486162689472,0.41596638655462187,5,,,,,,,,,1,1,1,0.7,1.0
48,72,9,0.015273779864619004,0.43043478260869567,5,,,,,,,,,1,1,1,0.7,1.0
48,73,5,0.004078652941379849,0.375,5,,,,,,,,,1,1,1,0.7,1.0
48,74,9,0.018681489814624395,0.4125,5,,,,,,,,,1,1,1,0.7,1.0
48,75,9,0.0171208681049252,0.43231441048034935,5,,,,,,,,,1,1,1,0.7,1.0
48,76,9,0.014075601128570363,0.42127659574468085,5,,,,,,,,,1,1,1,0.7,1.0
48,77,10,0.01743825099569623,0.44,5,,,,,,,,,1,1,1,0.7,1.0
48,78,5,0.0038024049630668573,0.38976377952755903,5,,,,,,,,,1,1,1,0.7,1.0
48,79,6,0.003933385627379168,0.396,5,,,,,,,,,1,1,1,0.7,1.0
48,80,6,0.009540177285457217,0.38976377952755903,5,,,,,,,,,1,1,1,0.7,1.0
48,81,4,0.003878362412685233,0.3535714285714286,3,,,,,,,,,1,1,1,0.7,1.0
48,82,6,0.006102204291129582,0.3793103448275862,5,,,,,,,,,1,1,1,0.7,1.0
48,83,9,0.020811545403340872,0.4230769230769231,5,,,,,,,,,1,1,1,0.7,1.0
48,84,7,0.012843574800630352,0.38823529411764707,5,,,,,,,,,1,1,1,0.7,1.0
48,85,11,0.02311943072088779,0.43612334801762115,5,,,,,,,,,1,1,1,0.7,1.0
48,86,9,0.02249266760837428,0.4230769230769231,5,,,,,,,,,1,1,1,0.7,1.0
48,87,9,0.01288331850351868,0.4248927038626609,5,,,,,,,,,1,1,1,0.7,1.0
48,88,7,0.009293753449501873,0.4090909090909091,5,,,,,,,,,1,1,1,0.7,1.0
48,89,7,0.007638586484533018,0.4074074074074074,5,,,,,,,,,1,1,1,0.7,1.0
48,90,10,0.023171127747701463,0.43231441048034935,5,,,,,,,,,1,1,1,0.7,1.0
48,91,10,0.02595944987752483,0.4439461883408072,5,,,,,,,,,1,1,1,0.7,1.0
48,92,7,0.008537605041661208,0.4008097165991903,5,,,,,,,,,1,1,1,0.7,1.0
48,93,10,0.02616016778149733,0.4479638009049774,5,,,,,,,,,1,1,1,0.7,1.0
48,94,4,0.002824004922169769,0.36,4,,,,,,,,,1,1,1,0.7,1.0
48,95,6,0.0073059396014398675,0.4057377049180328,5,,,,,,,,,1,1,1,0.7,1.0
48,96,6,0.008292640749202327,0.391304347826087,5,,,,,,,,,1,1,1,0.7,1.0
48,97,7,0.012769970808459086,0.4090909090909091,5,,,,,,,,,1,1,1,0.7,1.0
48,98,9,0.016231205942319603,0.4267241379310345,5,,,,,,,,,1,1,1,0.7,1.0
48,99,10,0.02365500758389639,0.4177215189873418,5,,,,,,,,,1,1,1,0.7,1.0
49,0,12,0.027870177639501746,0.4439461883408072,5,,,,,,,,,1,1,1,0.7,1.0
49,1,6,0.008284928002406858,0.39759036144578314,5,,,,,,,,,1,1,1,0.7,1.0
49,2,6,0.007862988956379923,0.3944223107569721,5,,,,,,,,,1,1,1,0.7,1.0
49,3,7,0.009060616819988506,0.4125,5,,,,,,,,,1,1,1,0.7,1.0
49,4,7,0.011546566243780348,0.38372093023255816,5,,,,,,,,,1,1,1,0.7,1.0
49,5,6,0.007353821423085494,0.38823529411764707,5,,,,,,,,,1,1,1,0.7,1.0
49,6,8,0.016582929083409786,0.4024390243902439,5,,,,,,,,,1,1,1,0.7,1.0
49,7,7,0.01482499303979092,0.4090909090909091,5,,,,,,,,,1,1,1,0.7,1.0
49,8,5,0.004648371147546576,0.38671875,5,,,,,,,,,1,1,1,0.7,1.0
49,9,8,0.01083664390532592,0.4125,5,,,,,,,,,1,1,1,0.7,1.0
49,10,4,0.0030267081689468824,0.375,4,,,,,,,,,1,1,1,0.7,1.0
49,11,3,0.001798234955708471,0.3378839590443686,3,,,,,,,,,1,1,1,0.7,1.0
49,12,12,0.03246531234079403,0.4714285714285714,5,,,,,,,,,1,1,1,0.7,1.0
49,13,7,0.009413152607664656,0.3944223107569721,5,,,,,,,,,1,1,1,0.7,1.0
49,14,10,0.02034681887297241,0.43612334801762115,5,,,,,,,,,1,1,1,0.7,1.0
49,15,9,0.022967970997341273,0.4125,5,,,,,,,,,1,1,1,0.7,1.0
49,16,3,0.0008141163676104925,0.3473684210526316,3,,,,,,,,,1,1,1,0.7,1.0
49,17,9,0.013710214410568368,0.4125,5,,,,,,,,,1,1,1,0.7,1.0
49,18,12,0.029269697836801636,0.4669811320754717,5,,,,,,,,,1,1,1,0.7,1.0
49,19,10,0.0202537925463073,0.4419642857142857,5,,,,,,,,,1,1,1,0.7,1.0
49,20,3,0.0021808142692860207,0.339041095890411,3,,,,,,,,,1,1,1,0.7,1.0
49,21,6,0.007542316400121865,0.39919354838709675,5,,,,,,,,,1,1,1,0.7,1.0
49,22,10,0.029376023808859605,0.43043478260869567,5,,,,,,,,,1,1,1,0.7,1.0
49,23,9,0.01864473712174515,0.4267241379310345,5,,,,,,,,,1,1,1,0.7,1.0
49,24,2,0.0,0.32038834951456313,2,,,,,,,,,1,1,1,0.7,1.0
49,25,5,0.0062320001243736595,0.38076923076923075,5,,,,,,,,,1,1,1,0.7,1.0
49,26,3,0.0011672780323125835,0.36,3,,,,,,,,,1,1,1,0.7,1.0
49,27,14,0.04032081334260075,0.4782608695652174,5,,,,,,,,,1,1,1,0.7,1.0
49,28,11,0.025196041378104415,0.4479638009049774,5,,,,,,,,,1,1,1,0.7,1.0
49,29,6,0.007148901888439518,0.391304347826087,5,,,,,,,,,1,1,1,0.7,1.0
49,30,6,0.007893523509131792,0.38671875,5,,,,,,,,,1,1,1,0.7,1.0
49,31,8,0.016685872476458252,0.4008097165991903,5,,,,,,,,,1,1,1,0.7,1.0
49,32,15,0.042175075381476565,0.47368421052631576,5,,,,,,,,,1,1,1,0.7,1.0
49,33,9,0.02012775183331944,0.4230769230769231,5,,,,,,,,,1,1,1,0.7,1.0
49,34,9,0.01841082522871394,0.4248927038626609,5,,,,,,,,,1,1,1,0.7,1.0
49,35,9,0.022128555021271912,0.42127659574468085,5,,,,,,,,,1,1,1,0.7,1.0
49,36,6,0.009052232439077976,0.4008097165991903,5,,,,,,,,,1,1,1,0.7,1.0
49,37,10,0.022884808637103175,0.4439461883408072,5,,,,,,,,,1,1,1,0.7,1.0
49,38,3,0.0011621659124968892,0.33559322033898303,3,,,,,,,,,1,1,1,0.7,1.0
49,39,7,0.009374462711473703,0.4125,5,,,,,,,,,1,1,1,0.7,1.0
49,40,7,0.010041046143858966,0.41422594142259417,5,,,,,,,,,1,1,1,0.7,1.0
49,41,8,0.01644273385424969,0.42127659574468085,5,,,,,,,,,1,1,1,0.7,1.0
49,42,7,0.008107386616062813,0.40408163265306124,5,,,,,,,,,1,1,1,0.7,1.0
49,43,8,0.014842540020111665,0.43805309734513276,5,,,,,,,,,1,1,1,0.7,1.0
49,44,9,0.019506962294465077,0.4194915254237288,5,,,,,,,,,1,1,1,0.7,1.0
49,45,8,0.015499166069116324,0.4090909090909091,5,,,,,,,,,1,1,1,0.7,1.0
49,46,7,0.009132084094994313,0.4107883817427386,5,,,,,,,,,1,1,1,0.7,1.0
49,47,8,0.01588333884215923,0.4008097165991903,5,,,,,,,,,1,1,1,0.7,1.0
49,48,8,0.013057353661506293,0.4194915254237288,5,,,,,,,,,1,1,1,0.7,1.0
49,49,10,0.022998126649215727,0.4342105263157895,5,,,,,,,,,1,1,1,0.7,1.0
49,50,10,0.0308143346441008,0.43805309734513276,5,,,,,,,,,1,1,1,0.7,1.0
49,51,14,0.03914697687093884,0.4714285714285714,5,,,,,,,,,1,1,1,0.7,1.0
49,52,5,0.008107289253582214,0.376425855513308,5,,,,,,,,,1,1,1,0.7,1.0
49,53,8,0.011537483487035103,0.4177215189873418,5,,,,,,,,,1,1,1,0.7,1.0
49,54,4,0.003793024144388423,0.3626373626373626,3,,,,,,,,,1,1,1,0.7,1.0
49,55,10,0.023237659776797134,0.4541284403669725,5,,,,,,,,,1,1,1,0.7,1.0
49,56,5,0.005797905192208366,0.37358490566037733,5,,,,,,,,,1,1,1,0.7,1.0
49,57,8,0.016349603863737225,0.4090909090909091,5,,,,,,,,,1,1,1,0.7,1.0
49,58,9,0.019899514796318962,0.4194915254237288,5,,,,,,,,,1,1,1,0.7,1.0
49,59,10,0.022085707361162835,0.4342105263157895,5,,,,,,,,,1,1,1,0.7,1.0
49,60,11,0.019807911567924382,0.43612334801762115,5,,,,,,,,,1,1,1,0.7,1.0
49,61,8,0.010424008924552612,0.4057377049180328,5,,,,,,,,,1,1,1,0.7,1.0
49,62,12,0.025946448104021823,0.45622119815668205,5,,,,,,,,,1,1,1,0.7,1.0
49,63,2,0.0005614126362425681,0.3344594594594595,2,,,,,,,,,1,1,1,0.7,1.0
49,64,9,0.01872332415682547,0.4267241379310345,5,,,,,,,,,1,1,1,0.7,1.0
49,65,12,0.031032488648889307,0.4520547945205479,5,,,,,,,,,1,1,1,0.7,1.0
49,66,6,0.0057761754226101384,0.38372093023255816,5,,,,,,,,,1,1,1,0.7,1.0
49,67,7,0.013160777951982968,0.42127659574468085,5,,,,,,,,,1,1,1,0.7,1.0
49,68,9,0.017227215239394276,0.4248927038626609,5,,,,,,,,,1,1,1,0.7,1.0
49,69,10,0.025227933667602773,0.4177215189873418,5,,,,,,,,,1,1,1,0.7,1.0
49,70,8,0.01387620475838911,0.4267241379310345,5,,,,,,,,,1,1,1,0.7,1.0
49,71,9,0.016185486162689472,0.41596638655462187,5,,,,,,,,,1,1,1,0.7,1.0
49,72,9,0.015273779864619004,0.43043478260869567,5,,,,,,,,,1,1,1,0.7,1.0
49,73,5,0.004078652941379849,0.375,5,,,,,,,,,1,1,1,0.7,1.0
49,74,9,0.018681489814624395,0.4125,5,,,,,,,,,1,1,1,0.7,1.0
49,75,9,0.0171208681049252,0.43231441048034935,5,,,,,,,,,1,1,1,0.7,1.0
49,76,9,0.014075601128570363,0.42127659574468085,5,,,,,,,,,1,1,1,0.7,1.0
49,77,10,0.01743825099569623,0.44,5,,,,,,,,,1,1,1,0.7,1.0
49,78,5,0.0038024049630668573,0.38976377952755903,5,,,,,,,,,1,1,1,0.7,1.0
49,79,6,0.003933385627379168,0.396,5,,,,,,,,,1,1,1,0.7,1.0
49,80,6,0.009540177285457217,0.38976377952755903,5,,,,,,,,,1,1,1,0.7,1.0
49,81,4,0.003878362412685233,0.3535714285714286,3,,,,,,,,,1,1,1,0.7,1.0
49,82,6,0.006102204291129582,0.3793103448275862,5,,,,,,,,,1,1,1,0.7,1.0
49,83,9,0.020811545403340872,0.4230769230769231,5,,,,,,,,,1,1,1,0.7,1.0
49,84,7,0.012843574800630352,0.38823529411764707,5,,,,,,,,,1,1,1,0.7,1.0
49,85,11,0.02311943072088779,0.43612334801762115,5,,,,,,,,,1,1,1,0.7,1.0
49,86,9,0.02249266760837428,0.4230769230769231,5,,,,,,,,,1,1,1,0.7,1.0
49,87,9,0.01288331850351868,0.4248927038626609,5,,,,,,,,,1,1,1,0.7,1.0
49,88,7,0.009293753449501873,0.4090909090909091,5,,,,,,,,,1,1,1,0.7,1.0
49,89,7,0.007638586484533018,0.4074074074074074,5,,,,,,,,,1,1,1,0.7,1.0
49,90,10,0.023171127747701463,0.43231441048034935,5,,,,,,,,,1,1,1,0.7,1.0
49,91,10,0.02595944987752483,0.4439461883408072,5,,,,,,,,,1,1,1,0.7,1.0
49,92,7,0.008537605041661208,0.4008097165991903,5,,,,,,,,,1,1,1,0.7,1.0
49,93,10,0.02616016778149733,0.4479638009049774,5,,,,,,,,,1,1,1,0.7,1.0
49,94,4,0.002824004922169769,0.36,4,,,,,,,,,1,1,1,0.7,1.0
49,95,6,0.0073059396014398675,0.4057377049180328,5,,,,,,,,,1,1,1,0.7,1.0
49,96,6,0.008292640749202327,0.391304347826087,5,,,,,,,,,1,1,1,0.7,1.0
49,97,7,0.012769970808459086,0.4090909090909091,5,,,,,,,,,1,1,1,0.7,1.0
49,98,9,0.016231205942319603,0.4267241379310345,5,,,,,,,,,1,1,1,0.7,1.0
49,99,10,0.02365500758389639,0.4177215189873418,5,,,,,,,,,1,1,1,0.7,1.0
50,0,12,0.027870177639501746,0.4439461883408072,5,,,,,,,,,1,1,1,0.7,1.0
50,1,6,0.008284928002406858,0.39759036144578314,5,,,,,,,,,1,1,1,0.7,1.0
50,2,6,0.007862988956379923,0.3944223107569721,5,,,,,,,,,1,1,1,0.7,1.0
50,3,7,0.009060616819988506,0.4125,5,,,,,,,,,1,1,1,0.7,1.0
50,4,7,0.011546566243780348,0.38372093023255816,5,,,,,,,,,1,1,1,0.7,1.0
50,5,6,0.007353821423085494,0.38823529411764707,5,,,,,,,,,1,1,1,0.7,1.0
50,6,8,0.016582929083409786,0.4024390243902439,5,,,,,,,,,1,1,1,0.7,1.0
50,7,7,0.01482499303979092,0.4090909090909091,5,,,,,,,,,1,1,1,0.7,1.0
50,8,5,0.004648371147546576,0.38671875,5,,,,,,,,,1,1,1,0.7,1.0
50,9,8,0.01083664390532592,0.4125,5,,,,,,,,,1,1,1,0.7,1.0
50,10,4,0.0030267081689468824,0.375,4,,,,,,,,,1,1,1,0.7,1.0
50,11,3,0.001798234955708471,0.3378839590443686,3,,,,,,,,,1,1,1,0.7,1.0
50,12,12,0.03246531234079403,0.4714285714285714,5,,,,,,,,,1,1,1,0.7,1.0
50,13,7,0.009413152607664656,0.3944223107569721,5,,,,,,,,,1,1,1,0.7,1.0
50,14,10,0.02034681887297241,0.43612334801762115,5,,,,,,,,,1,1,1,0.7,1.0
50,15,9,0.022967970997341273,0.4125,5,,,,,,,,,1,1,1,0.7,1.0
50,16,3,0.0008141163676104925,0.3473684210526316,3,,,,,,,,,1,1,1,0.7,1.0
50,17,9,0.013710214410568368,0.4125,5,,,,,,,,,1,1,1,0.7,1.0
50,18,12,0.029269697836801636,0.4669811320754717,5,,,,,,,,,1,1,1,0.7,1.0
50,19,10,0.0202537925463073,0.4419642857142857,5,,,,,,,,,1,1,1,0.7,1.0
50,20,3,0.0021808142692860207,0.339041095890411,3,,,,,,,,,1,1,1,0.7,1.0
50,21,6,0.007542316400121865,0.39919354838709675,5,,,,,,,,,1,1,1,0.7,1.0
50,22,10,0.029376023808859605,0.43043478260869567,5,,,,,,,,,1,1,1,0.7,1.0
50,23,9,0.01864473712174515,0.4267241379310345,5,,,,,,,,,1,1,1,0.7,1.0
50,24,2,0.0,0.32038834951456313,2,,,,,,,,,1,1,1,0.7,1.0
50,25,5,0.0062320001243736595,0.38076923076923075,5,,,,,,,,,1,1,1,0.7,1.0
50,26,3,0.0011672780323125835,0.36,3,,,,,,,,,1,1,1,0.7,1.0
50,27,14,0.04032081334260075,0.4782608695652174,5,,,,,,,,,1,1,1,0.7,1.0
50,28,11,0.025196041378104415,0.4479638009049774,5,,,,,,,,,1,1,1,0.7,1.0
50,29,6,0.007148901888439518,0.391304347826087,5,,,,,,,,,1,1,1,0.7,1.0
50,30,6,0.007893523509131792,0.38671875,5,,,,,,,,,1,1,1,0.7,1.0
50,31,8,0.016685872476458252,0.4008097165991903,5,,,,,,,,,1,1,1,0.7,1.0
50,32,15,0.042175075381476565,0.47368421052631576,5,,,,,,,,,1,1,1,0.7,1.0
50,33,9,0.02012775183331944,0.4230769230769231,5,,,,,,,,,1,1,1,0.7,1.0
50,34,9,0.01841082522871394,0.4248927038626609,5,,,,,,,,,1,1,1,0.7,1.0
50,35,9,0.022128555021271912,0.42127659574468085,5,,,,,,,,,1,1,1,0.7,1.0
50,36,6,0.009052232439077976,0.4008097165991903,5,,,,,,,,,1,1,1,0.7,1.0
50,37,10,0.022884808637103175,0.4439461883408072,5,,,,,,,,,1,1,1,0.7,1.0
50,38,3,0.0011621659124968892,0.33559322033898303,3,,,,,,,,,1,1,1,0.7,1.0
50,39,7,0.009374462711473703,0.4125,5,,,,,,,,,1,1,1,0.7,1.0
50,40,7,0.010041046143858966,0.41422594142259417,5,,,,,,,,,1,1,1,0.7,1.0
50,41,8,0.01644273385424969,0.42127659574468085,5,,,,,,,,,1,1,1,0.7,1.0
50,42,7,0.008107386616062813,0.40408163265306124,5,,,,,,,,,1,1,1,0.7,1.0
50,43,8,0.014842540020111665,0.43805309734513276,5,,,,,,,,,1,1,1,0.7,1.0
50,44,9,0.019506962294465077,0.4194915254237288,5,,,,,,,,,1,1,1,0.7,1.0
50,45,8,0.015499166069116324,0.4090909090909091,5,,,,,,,,,1,1,1,0.7,1.0
50,46,7,0.009132084094994313,0.4107883817427386,5,,,,,,,,,1,1,1,0.7,1.0
50,47,8,0.01588333884215923,0.4008097165991903,5,,,,,,,,,1,1,1,0.7,1.0
50,48,8,0.013057353661506293,0.4194915254237288,5,,,,,,,,,1,1,1,0.7,1.0
50,49,10,0.022998126649215727,0.4342105263157895,5,,,,,,,,,1,1,1,0.7,1.0
50,50,10,0.0308143346441008,0.43805309734513276,5,,,,,,,,,1,1,1,0.7,1.0
50,51,14,0.03914697687093884,0.4714285714285714,5,,,,,,,,,1,1,1,0.7,1.0
50,52,5,0.008107289253582214,0.376425855513308,5,,,,,,,,,1,1,1,0.7,1.0
50,53,8,0.011537483487035103,0.4177215189873418,5,,,,,,,,,1,1,1,0.7,1.0
50,54,4,0.003793024144388423,0.3626373626373626,3,,,,,,,,,1,1,1,0.7,1.0
50,55,10,0.023237659776797134,0.4541284403669725,5,,,,,,,,,1,1,1,0.7,1.0
50,56,5,0.005797905192208366,0.37358490566037733,5,,,,,,,,,1,1,1,0.7,1.0
50,57,8,0.016349603863737225,0.4090909090909091,5,,,,,,,,,1,1,1,0.7,1.0
50,58,9,0.019899514796318962,0.4194915254237288,5,,,,,,,,,1,1,1,0.7,1.0
50,59,10,0.022085707361162835,0.4342105263157895,5,,,,,,,,,1,1,1,0.7,1.0
50,60,11,0.019807911567924382,0.43612334801762115,5,,,,,,,,,1,1,1,0.7,1.0
50,61,8,0.010424008924552612,0.4057377049180328,5,,,,,,,,,1,1,1,0.7,1.0
50,62,12,0.025946448104021823,0.45622119815668205,5,,,,,,,,,1,1,1,0.7,1.0
50,63,2,0.0005614126362425681,0.3344594594594595,2,,,,,,,,,1,1,1,0.7,1.0
50,64,9,0.01872332415682547,0.4267241379310345,5,,,,,,,,,1,1,1,0.7,1.0
50,65,12,0.031032488648889307,0.4520547945205479,5,,,,,,,,,1,1,1,0.7,1.0
50,66,6,0.0057761754226101384,0.38372093023255816,5,,,,,,,,,1,1,1,0.7,1.0
50,67,7,0.013160777951982968,0.42127659574468085,5,,,,,,,,,1,1,1,0.7,1.0
50,68,9,0.017227215239394276,0.4248927038626609,5,,,,,,,,,1,1,1,0.7,1.0
50,69,10,0.025227933667602773,0.4177215189873418,5,,,,,,,,,1,1,1,0.7,1.0
50,70,8,0.01387620475838911,0.4267241379310345,5,,,,,,,,,1,1,1,0.7,1.0
50,71,9,0.016185486162689472,0.41596638655462187,5,,,,,,,,,1,1,1,0.7,1.0
50,72,9,0.015273779864619004,0.43043478260869567,5,,,,,,,,,1,1,1,0.7,1.0
50,73,5,0.004078652941379849,0.375,5,,,,,,,,,1,1,1,0.7,1.0
50,74,9,0.018681489814624395,0.4125,5,,,,,,,,,1,1,1,0.7,1.0
50,75,9,0.0171208681049252,0.43231441048034935,5,,,,,,,,,1,1,1,0.7,1.0
50,76,9,0.014075601128570363,0.42127659574468085,5,,,,,,,,,1,1,1,0.7,1.0
50,77,10,0.01743825099569623,0.44,5,,,,,,,,,1,1,1,0.7,1.0
50,78,5,0.0038024049630668573,0.38976377952755903,5,,,,,,,,,1,1,1,0.7,1.0
50,79,6,0.003933385627379168,0.396,5,,,,,,,,,1,1,1,0.7,1.0
50,80,6,0.009540177285457217,0.38976377952755903,5,,,,,,,,,1,1,1,0.7,1.0
50,81,4,0.003878362412685233,0.3535714285714286,3,,,,,,,,,1,1,1,0.7,1.0
50,82,6,0.006102204291129582,0.3793103448275862,5,,,,,,,,,1,1,1,0.7,1.0
50,83,9,0.020811545403340872,0.4230769230769231,5,,,,,,,,,1,1,1,0.7,1.0
50,84,7,0.012843574800630352,0.38823529411764707,5,,,,,,,,,1,1,1,0.7,1.0
50,85,11,0.02311943072088779,0.43612334801762115,5,,,,,,,,,1,1,1,0.7,1.0
50,86,9,0.02249266760837428,0.4230769230769231,5,,,,,,,,,1,1,1,0.7,1.0
50,87,9,0.01288331850351868,0.4248927038626609,5,,,,,,,,,1,1,1,0.7,1.0
50,88,7,0.009293753449501873,0.4090909090909091,5,,,,,,,,,1,1,1,0.7,1.0
50,89,7,0.007638586484533018,0.4074074074074074,5,,,,,,,,,1,1,1,0.7,1.0
50,90,10,0.023171127747701463,0.43231441048034935,5,,,,,,,,,1,1,1,0.7,1.0
50,91,10,0.02595944987752483,0.4439461883408072,5,,,,,,,,,1,1,1,0.7,1.0
50,92,7,0.008537605041661208,0.4008097165991903,5,,,,,,,,,1,1,1,0.7,1.0
50,93,10,0.02616016778149733,0.4479638009049774,5,,,,,,,,,1,1,1,0.7,1.0
50,94,4,0.002824004922169769,0.36,4,,,,,,,,,1,1,1,0.7,1.0
50,95,6,0.0073059396014398675,0.4057377049180328,5,,,,,,,,,1,1,1,0.7,1.0
50,96,6,0.008292640749202327,0.391304347826087,5,,,,,,,,,1,1,1,0.7,1.0
50,97,7,0.012769970808459086,0.4090909090909091,5,,,,,,,,,1,1,1,0.7,1.0
50,98,9,0.016231205942319603,0.4267241379310345,5,,,,,,,,,1,1,1,0.7,1.0
50,99,10,0.02365500758389639,0.4177215189873418,5,,,,,,,,,1,1,1,0.7,1.0
51,0,12,0.027870177639501746,0.4439461883408072,5,,,,,,,,,1,1,1,0.7,1.0
51,1,6,0.008284928002406858,0.39759036144578314,5,,,,,,,,,1,1,1,0.7,1.0
51,2,6,0.007862988956379923,0.3944223107569721,5,,,,,,,,,1,1,1,0.7,1.0
51,3,7,0.009060616819988506,0.4125,5,,,,,,,,,1,1,1,0.7,1.0
51,4,7,0.011546566243780348,0.38372093023255816,5,,,,,,,,,1,1,1,0.7,1.0
51,5,6,0.007353821423085494,0.38823529411764707,5,,,,,,,,,1,1,1,0.7,1.0
51,6,8,0.016582929083409786,0.4024390243902439,5,,,,,,,,,1,1,1,0.7,1.0
51,7,7,0.01482499303979092,0.4090909090909091,5,,,,,,,,,1,1,1,0.7,1.0
51,8,5,0.004648371147546576,0.38671875,5,,,,,,,,,1,1,1,0.7,1.0
51,9,8,0.01083664390532592,0.4125,5,,,,,,,,,1,1,1,0.7,1.0
51,10,4,0.0030267081689468824,0.375,4,,,,,,,,,1,1,1,0.7,1.0
51,11,3,0.001798234955708471,0.3378839590443686,3,,,,,,,,,1,1,1,0.7,1.0
51,12,12,0.03246531234079403,0.4714285714285714,5,,,,,,,,,1,1,1,0.7,1.0
51,13,7,0.009413152607664656,0.3944223107569721,5,,,,,,,,,1,1,1,0.7,1.0
51,14,10,0.02034681887297241,0.43612334801762115,5,,,,,,,,,1,1,1,0.7,1.0
51,15,9,0.022967970997341273,0.4125,5,,,,,,,,,1,1,1,0.7,1.0
51,16,3,0.0008141163676104925,0.3473684210526316,3,,,,,,,,,1,1,1,0.7,1.0
51,17,9,0.013710214410568368,0.4125,5,,,,,,,,,1,1,1,0.7,1.0
51,18,12,0.029269697836801636,0.4669811320754717,5,,,,,,,,,1,1,1,0.7,1.0
51,19,10,0.0202537925463073,0.4419642857142857,5,,,,,,,,,1,1,1,0.7,1.0
51,20,3,0.0021808142692860207,0.339041095890411,3,,,,,,,,,1,1,1,0.7,1.0
51,21,6,0.007542316400121865,0.39919354838709675,5,,,,,,,,,1,1,1,0.7,1.0
51,22,10,0.029376023808859605,0.43043478260869567,5,,,,,,,,,1,1,1,0.7,1.0
51,23,9,0.01864473712174515,0.4267241379310345,5,,,,,,,,,1,1,1,0.7,1.0
51,24,2,0.0,0.32038834951456313,2,,,,,,,,,1,1,1,0.7,1.0
51,25,5,0.0062320001243736595,0.38076923076923075,5,,,,,,,,,1,1,1,0.7,1.0
51,26,3,0.0011672780323125835,0.36,3,,,,,,,,,1,1,1,0.7,1.0
51,27,14,0.04032081334260075,0.4782608695652174,5,,,,,,,,,1,1,1,0.7,1.0
51,28,11,0.025196041378104415,0.4479638009049774,5,,,,,,,,,1,1,1,0.7,1.0
51,29,6,0.007148901888439518,0.391304347826087,5,,,,,,,,,1,1,1,0.7,1.0
51,30,6,0.007893523509131792,0.38671875,5,,,,,,,,,1,1,1,0.7,1.0
51,31,8,0.016685872476458252,0.4008097165991903,5,,,,,,,,,1,1,1,0.7,1.0
51,32,15,0.042175075381476565,0.47368421052631576,5,,,,,,,,,1,1,1,0.7,1.0
51,33,9,0.02012775183331944,0.4230769230769231,5,,,,,,,,,1,1,1,0.7,1.0
51,34,9,0.01841082522871394,0.4248927038626609,5,,,,,,,,,1,1,1,0.7,1.0
51,35,9,0.022128555021271912,0.42127659574468085,5,,,,,,,,,1,1,1,0.7,1.0
51,36,6,0.009052232439077976,0.4008097165991903,5,,,,,,,,,1,1,1,0.7,1.0
51,37,10,0.022884808637103175,0.4439461883408072,5,,,,,,,,,1,1,1,0.7,1.0
51,38,3,0.0011621659124968892,0.33559322033898303,3,,,,,,,,,1,1,1,0.7,1.0
51,39,7,0.009374462711473703,0.4125,5,,,,,,,,,1,1,1,0.7,1.0
51,40,7,0.010041046143858966,0.41422594142259417,5,,,,,,,,,1,1,1,0.7,1.0
51,41,8,0.01644273385424969,0.42127659574468085,5,,,,,,,,,1,1,1,0.7,1.0
51,42,7,0.008107386616062813,0.40408163265306124,5,,,,,,,,,1,1,1,0.7,1.0
51,43,8,0.014842540020111665,0.43805309734513276,5,,,,,,,,,1,1,1,0.7,1.0
51,44,9,0.019506962294465077,0.4194915254237288,5,,,,,,,,,1,1,1,0.7,1.0
51,45,8,0.015499166069116324,0.4090909090909091,5,,,,,,,,,1,1,1,0.7,1.0
51,46,7,0.009132084094994313,0.4107883817427386,5,,,,,,,,,1,1,1,0.7,1.0
51,47,8,0.01588333884215923,0.4008097165991903,5,,,,,,,,,1,1,1,0.7,1.0
51,48,8,0.013057353661506293,0.4194915254237288,5,,,,,,,,,1,1,1,0.7,1.0
51,49,10,0.022998126649215727,0.4342105263157895,5,,,,,,,,,1,1,1,0.7,1.0
51,50,10,0.0308143346441008,0.43805309734513276,5,,,,,,,,,1,1,1,0.7,1.0
51,51,14,0.03914697687093884,0.4714285714285714,5,,,,,,,,,1,1,1,0.7,1.0
51,52,5,0.008107289253582214,0.376425855513308,5,,,,,,,,,1,1,1,0.7,1.0
51,53,8,0.011537483487035103,0.4177215189873418,5,,,,,,,,,1,1,1,0.7,1.0
51,54,4,0.003793024144388423,0.3626373626373626,3,,,,,,,,,1,1,1,0.7,1.0
51,55,10,0.023237659776797134,0.4541284403669725,5,,,,,,,,,1,1,1,0.7,1.0
51,56,5,0.005797905192208366,0.37358490566037733,5,,,,,,,,,1,1,1,0.7,1.0
51,57,8,0.016349603863737225,0.4090909090909091,5,,,,,,,,,1,1,1,0.7,1.0
51,58,9,0.019899514796318962,0.4194915254237288,5,,,,,,,,,1,1,1,0.7,1.0
51,59,10,0.022085707361162835,0.4342105263157895,5,,,,,,,,,1,1,1,0.7,1.0
51,60,11,0.019807911567924382,0.43612334801762115,5,,,,,,,,,1,1,1,0.7,1.0
51,61,8,0.010424008924552612,0.4057377049180328,5,,,,,,,,,1,1,1,0.7,1.0
51,62,12,0.025946448104021823,0.45622119815668205,5,,,,,,,,,1,1,1,0.7,1.0
51,63,2,0.0005614126362425681,0.3344594594594595,2,,,,,,,,,1,1,1,0.7,1.0
51,64,9,0.01872332415682547,0.4267241379310345,5,,,,,,,,,1,1,1,0.7,1.0
51,65,12,0.031032488648889307,0.4520547945205479,5,,,,,,,,,1,1,1,0.7,1.0
51,66,6,0.0057761754226101384,0.38372093023255816,5,,,,,,,,,1,1,1,0.7,1.0
51,67,7,0.013160777951982968,0.42127659574468085,5,,,,,,,,,1,1,1,0.7,1.0
51,68,9,0.017227215239394276,0.4248927038626609,5,,,,,,,,,1,1,1,0.7,1.0
51,69,10,0.025227933667602773,0.4177215189873418,5,,,,,,,,,1,1,1,0.7,1.0
51,70,8,0.01387620475838911,0.4267241379310345,5,,,,,,,,,1,1,1,0.7,1.0
51,71,9,0.016185486162689472,0.41596638655462187,5,,,,,,,,,1,1,1,0.7,1.0
51,72,9,0.015273779864619004,0.43043478260869567,5,,,,,,,,,1,1,1,0.7,1.0
51,73,5,0.004078652941379849,0.375,5,,,,,,,,,1,1,1,0.7,1.0
51,74,9,0.018681489814624395,0.4125,5,,,,,,,,,1,1,1,0.7,1.0
51,75,9,0.0171208681049252,0.43231441048034935,5,,,,,,,,,1,1,1,0.7,1.0
51,76,9,0.014075601128570363,0.42127659574468085,5,,,,,,,,,1,1,1,0.7,1.0
51,77,10,0.01743825099569623,0.44,5,,,,,,,,,1,1,1,0.7,1.0
51,78,5,0.0038024049630668573,0.38976377952755903,5,,,,,,,,,1,1,1,0.7,1.0
51,79,6,0.003933385627379168,0.396,5,,,,,,,,,1,1,1,0.7,1.0
51,80,6,0.009540177285457217,0.38976377952755903,5,,,,,,,,,1,1,1,0.7,1.0
51,81,4,0.003878362412685233,0.3535714285714286,3,,,,,,,,,1,1,1,0.7,1.0
51,82,6,0.006102204291129582,0.3793103448275862,5,,,,,,,,,1,1,1,0.7,1.0
51,83,9,0.020811545403340872,0.4230769230769231,5,,,,,,,,,1,1,1,0.7,1.0
51,84,7,0.012843574800630352,0.38823529411764707,5,,,,,,,,,1,1,1,0.7,1.0
51,85,11,0.02311943072088779,0.43612334801762115,5,,,,,,,,,1,1,1,0.7,1.0
51,86,9,0.02249266760837428,0.4230769230769231,5,,,,,,,,,1,1,1,0.7,1.0
51,87,9,0.01288331850351868,0.4248927038626609,5,,,,,,,,,1,1,1,0.7,1.0
51,88,7,0.009293753449501873,0.4090909090909091,5,,,,,,,,,1,1,1,0.7,1.0
51,89,7,0.007638586484533018,0.4074074074074074,5,,,,,,,,,1,1,1,0.7,1.0
51,90,10,0.023171127747701463,0.43231441048034935,5,,,,,,,,,1,1,1,0.7,1.0
51,91,10,0.02595944987752483,0.4439461883408072,5,,,,,,,,,1,1,1,0.7,1.0
51,92,7,0.008537605041661208,0.4008097165991903,5,,,,,,,,,1,1,1,0.7,1.0
51,93,10,0.02616016778149733,0.4479638009049774,5,,,,,,,,,1,1,1,0.7,1.0
51,94,4,0.002824004922169769,0.36,4,,,,,,,,,1,1,1,0.7,1.0
51,95,6,0.0073059396014398675,0.4057377049180328,5,,,,,,,,,1,1,1,0.7,1.0
51,96,6,0.008292640749202327,0.391304347826087,5,,,,,,,,,1,1,1,0.7,1.0
51,97,7,0.012769970808459086,0.4090909090909091,5,,,,,,,,,1,1,1,0.7,1.0
51,98,9,0.016231205942319603,0.4267241379310345,5,,,,,,,,,1,1,1,0.7,1.0
51,99,10,0.02365500758389639,0.4177215189873418,5,,,,,,,,,1,1,1,0.7,1.0
52,0,12,0.027870177639501746,0.4439461883408072,5,,,,,,,,,1,1,1,0.7,1.0
52,1,6,0.008284928002406858,0.39759036144578314,5,,,,,,,,,1,1,1,0.7,1.0
52,2,6,0.007862988956379923,0.3944223107569721,5,,,,,,,,,1,1,1,0.7,1.0
52,3,7,0.009060616819988506,0.4125,5,,,,,,,,,1,1,1,0.7,1.0
52,4,7,0.011546566243780348,0.38372093023255816,5,,,,,,,,,1,1,1,0.7,1.0
52,5,6,0.007353821423085494,0.38823529411764707,5,,,,,,,,,1,1,1,0.7,1.0
52,6,8,0.016582929083409786,0.4024390243902439,5,,,,,,,,,1,1,1,0.7,1.0
52,7,7,0.01482499303979092,0.4090909090909091,5,,,,,,,,,1,1,1,0.7,1.0
52,8,5,0.004648371147546576,0.38671875,5,,,,,,,,,1,1,1,0.7,1.0
52,9,8,0.01083664390532592,0.4125,5,,,,,,,,,1,1,1,0.7,1.0
52,10,4,0.0030267081689468824,0.375,4,,,,,,,,,1,1,1,0.7,1.0
52,11,3,0.001798234955708471,0.3378839590443686,3,,,,,,,,,1,1,1,0.7,1.0
52,12,12,0.03246531234079403,0.4714285714285714,5,,,,,,,,,1,1,1,0.7,1.0
52,13,7,0.009413152607664656,0.3944223107569721,5,,,,,,,,,1,1,1,0.7,1.0
52,14,10,0.02034681887297241,0.43612334801762115,5,,,,,,,,,1,1,1,0.7,1.0
52,15,9,0.022967970997341273,0.4125,5,,,,,,,,,1,1,1,0.7,1.0
52,16,3,0.0008141163676104925,0.3473684210526316,3,,,,,,,,,1,1,1,0.7,1.0
52,17,9,0.013710214410568368,0.4125,5,,,,,,,,,1,1,1,0.7,1.0
52,18,12,0.029269697836801636,0.4669811320754717,5,,,,,,,,,1,1,1,0.7,1.0
52,19,10,0.0202537925463073,0.4419642857142857,5,,,,,,,,,1,1,1,0.7,1.0
52,20,3,0.0021808142692860207,0.339041095890411,3,,,,,,,,,1,1,1,0.7,1.0
52,21,6,0.007542316400121865,0.39919354838709675,5,,,,,,,,,1,1,1,0.7,1.0
52,22,10,0.029376023808859605,0.43043478260869567,5,,,,,,,,,1,1,1,0.7,1.0
52,23,9,0.01864473712174515,0.4267241379310345,5,,,,,,,,,1,1,1,0.7,1.0
52,24,2,0.0,0.32038834951456313,2,,,,,,,,,1,1,1,0.7,1.0
52,25,5,0.0062320001243736595,0.38076923076923075,5,,,,,,,,,1,1,1,0.7,1.0
52,26,3,0.0011672780323125835,0.36,3,,,,,,,,,1,1,1,0.7,1.0
52,27,14,0.04032081334260075,0.4782608695652174,5,,,,,,,,,1,1,1,0.7,1.0
52,28,11,0.025196041378104415,0.4479638009049774,5,,,,,,,,,1,1,1,0.7,1.0
52,29,6,0.007148901888439518,0.391304347826087,5,,,,,,,,,1,1,1,0.7,1.0
52,30,6,0.007893523509131792,0.38671875,5,,,,,,,,,1,1,1,0.7,1.0
52,31,8,0.016685872476458252,0.4008097165991903,5,,,,,,,,,1,1,1,0.7,1.0
52,32,15,0.042175075381476565,0.47368421052631576,5,,,,,,,,,1,1,1,0.7,1.0
52,33,9,0.02012775183331944,0.4230769230769231,5,,,,,,,,,1,1,1,0.7,1.0
52,34,9,0.01841082522871394,0.4248927038626609,5,,,,,,,,,1,1,1,0.7,1.0
52,35,9,0.022128555021271912,0.42127659574468085,5,,,,,,,,,1,1,1,0.7,1.0
52,36,6,0.009052232439077976,0.4008097165991903,5,,,,,,,,,1,1,1,0.7,1.0
52,37,10,0.022884808637103175,0.4439461883408072,5,,,,,,,,,1,1,1,0.7,1.0
52,38,3,0.0011621659124968892,0.33559322033898303,3,,,,,,,,,1,1,1,0.7,1.0
52,39,7,0.009374462711473703,0.4125,5,,,,,,,,,1,1,1,0.7,1.0
52,40,7,0.010041046143858966,0.41422594142259417,5,,,,,,,,,1,1,1,0.7,1.0
52,41,8,0.01644273385424969,0.42127659574468085,5,,,,,,,,,1,1,1,0.7,1.0
52,42,7,0.008107386616062813,0.40408163265306124,5,,,,,,,,,1,1,1,0.7,1.0
52,43,8,0.014842540020111665,0.43805309734513276,5,,,,,,,,,1,1,1,0.7,1.0
52,44,9,0.019506962294465077,0.4194915254237288,5,,,,,,,,,1,1,1,0.7,1.0
52,45,8,0.015499166069116324,0.4090909090909091,5,,,,,,,,,1,1,1,0.7,1.0
52,46,7,0.009132084094994313,0.4107883817427386,5,,,,,,,,,1,1,1,0.7,1.0
52,47,8,0.01588333884215923,0.4008097165991903,5,,,,,,,,,1,1,1,0.7,1.0
52,48,8,0.013057353661506293,0.4194915254237288,5,,,,,,,,,1,1,1,0.7,1.0
52,49,10,0.022998126649215727,0.4342105263157895,5,,,,,,,,,1,1,1,0.7,1.0
52,50,10,0.0308143346441008,0.43805309734513276,5,,,,,,,,,1,1,1,0.7,1.0
52,51,14,0.03914697687093884,0.4714285714285714,5,,,,,,,,,1,1,1,0.7,1.0
52,52,5,0.008107289253582214,0.376425855513308,5,,,,,,,,,1,1,1,0.7,1.0
52,53,8,0.011537483487035103,0.4177215189873418,5,,,,,,,,,1,1,1,0.7,1.0
52,54,4,0.003793024144388423,0.3626373626373626,3,,,,,,,,,1,1,1,0.7,1.0
52,55,10,0.023237659776797134,0.4541284403669725,5,,,,,,,,,1,1,1,0.7,1.0
52,56,5,0.005797905192208366,0.37358490566037733,5,,,,,,,,,1,1,1,0.7,1.0
52,57,8,0.016349603863737225,0.4090909090909091,5,,,,,,,,,1,1,1,0.7,1.0
52,58,9,0.019899514796318962,0.4194915254237288,5,,,,,,,,,1,1,1,0.7,1.0
52,59,10,0.022085707361162835,0.4342105263157895,5,,,,,,,,,1,1,1,0.7,1.0
52,60,11,0.019807911567924382,0.43612334801762115,5,,,,,,,,,1,1,1,0.7,1.0
52,61,8,0.010424008924552612,0.4057377049180328,5,,,,,,,,,1,1,1,0.7,1.0
52,62,12,0.025946448104021823,0.45622119815668205,5,,,,,,,,,1,1,1,0.7,1.0
52,63,2,0.0005614126362425681,0.3344594594594595,2,,,,,,,,,1,1,1,0.7,1.0
52,64,9,0.01872332415682547,0.4267241379310345,5,,,,,,,,,1,1,1,0.7,1.0
52,65,12,0.031032488648889307,0.4520547945205479,5,,,,,,,,,1,1,1,0.7,1.0
52,66,6,0.0057761754226101384,0.38372093023255816,5,,,,,,,,,1,1,1,0.7,1.0
52,67,7,0.013160777951982968,0.42127659574468085,5,,,,,,,,,1,1,1,0.7,1.0
52,68,9,0.017227215239394276,0.4248927038626609,5,,,,,,,,,1,1,1,0.7,1.0
52,69,10,0.025227933667602773,0.4177215189873418,5,,,,,,,,,1,1,1,0.7,1.0
52,70,8,0.01387620475838911,0.4267241379310345,5,,,,,,,,,1,1,1,0.7,1.0
52,71,9,0.016185486162689472,0.41596638655462187,5,,,,,,,,,1,1,1,0.7,1.0
52,72,9,0.015273779864619004,0.43043478260869567,5,,,,,,,,,1,1,1,0.7,1.0
52,73,5,0.004078652941379849,0.375,5,,,,,,,,,1,1,1,0.7,1.0
52,74,9,0.018681489814624395,0.4125,5,,,,,,,,,1,1,1,0.7,1.0
52,75,9,0.0171208681049252,0.43231441048034935,5,,,,,,,,,1,1,1,0.7,1.0
52,76,9,0.014075601128570363,0.42127659574468085,5,,,,,,,,,1,1,1,0.7,1.0
52,77,10,0.01743825099569623,0.44,5,,,,,,,,,1,1,1,0.7,1.0
52,78,5,0.0038024049630668573,0.38976377952755903,5,,,,,,,,,1,1,1,0.7,1.0
52,79,6,0.003933385627379168,0.396,5,,,,,,,,,1,1,1,0.7,1.0
52,80,6,0.009540177285457217,0.38976377952755903,5,,,,,,,,,1,1,1,0.7,1.0
52,81,4,0.003878362412685233,0.3535714285714286,3,,,,,,,,,1,1,1,0.7,1.0
52,82,6,0.006102204291129582,0.3793103448275862,5,,,,,,,,,1,1,1,0.7,1.0
52,83,9,0.020811545403340872,0.4230769230769231,5,,,,,,,,,1,1,1,0.7,1.0
52,84,7,0.012843574800630352,0.38823529411764707,5,,,,,,,,,1,1,1,0.7,1.0
52,85,11,0.02311943072088779,0.43612334801762115,5,,,,,,,,,1,1,1,0.7,1.0
52,86,9,0.02249266760837428,0.4230769230769231,5,,,,,,,,,1,1,1,0.7,1.0
52,87,9,0.01288331850351868,0.4248927038626609,5,,,,,,,,,1,1,1,0.7,1.0
52,88,7,0.009293753449501873,0.4090909090909091,5,,,,,,,,,1,1,1,0.7,1.0
52,89,7,0.007638586484533018,0.4074074074074074,5,,,,,,,,,1,1,1,0.7,1.0
52,90,10,0.023171127747701463,0.43231441048034935,5,,,,,,,,,1,1,1,0.7,1.0
52,91,10,0.02595944987752483,0.4439461883408072,5,,,,,,,,,1,1,1,0.7,1.0
52,92,7,0.008537605041661208,0.4008097165991903,5,,,,,,,,,1,1,1,0.7,1.0
52,93,10,0.02616016778149733,0.4479638009049774,5,,,,,,,,,1,1,1,0.7,1.0
52,94,4,0.002824004922169769,0.36,4,,,,,,,,,1,1,1,0.7,1.0
52,95,6,0.0073059396014398675,0.4057377049180328,5,,,,,,,,,1,1,1,0.7,1.0
52,96,6,0.008292640749202327,0.391304347826087,5,,,,,,,,,1,1,1,0.7,1.0
52,97,7,0.012769970808459086,0.4090909090909091,5,,,,,,,,,1,1,1,0.7,1.0
52,98,9,0.016231205942319603,0.4267241379310345,5,,,,,,,,,1,1,1,0.7,1.0
52,99,10,0.02365500758389639,0.4177215189873418,5,,,,,,,,,1,1,1,0.7,1.0
53,0,12,0.027870177639501746,0.4439461883408072,5,,,,,,,,,1,1,1,0.7,1.0
53,1,6,0.008284928002406858,0.39759036144578314,5,,,,,,,,,1,1,1,0.7,1.0
53,2,6,0.007862988956379923,0.3944223107569721,5,,,,,,,,,1,1,1,0.7,1.0
53,3,7,0.009060616819988506,0.4125,5,,,,,,,,,1,1,1,0.7,1.0
53,4,7,0.011546566243780348,0.38372093023255816,5,,,,,,,,,1,1,1,0.7,1.0
53,5,6,0.007353821423085494,0.38823529411764707,5,,,,,,,,,1,1,1,0.7,1.0
53,6,8,0.016582929083409786,0.4024390243902439,5,,,,,,,,,1,1,1,0.7,1.0
53,7,7,0.01482499303979092,0.4090909090909091,5,,,,,,,,,1,1,1,0.7,1.0
53,8,5,0.004648371147546576,0.38671875,5,,,,,,,,,1,1,1,0.7,1.0
53,9,8,0.01083664390532592,0.4125,5,,,,,,,,,1,1,1,0.7,1.0
53,10,4,0.0030267081689468824,0.375,4,,,,,,,,,1,1,1,0.7,1.0
53,11,3,0.001798234955708471,0.3378839590443686,3,,,,,,,,,1,1,1,0.7,1.0
53,12,12,0.03246531234079403,0.4714285714285714,5,,,,,,,,,1,1,1,0.7,1.0
53,13,7,0.009413152607664656,0.3944223107569721,5,,,,,,,,,1,1,1,0.7,1.0
53,14,10,0.02034681887297241,0.43612334801762115,5,,,,,,,,,1,1,1,0.7,1.0
53,15,9,0.022967970997341273,0.4125,5,,,,,,,,,1,1,1,0.7,1.0
53,16,3,0.0008141163676104925,0.3473684210526316,3,,,,,,,,,1,1,1,0.7,1.0
53,17,9,0.013710214410568368,0.4125,5,,,,,,,,,1,1,1,0.7,1.0
53,18,12,0.029269697836801636,0.4669811320754717,5,,,,,,,,,1,1,1,0.7,1.0
53,19,10,0.0202537925463073,0.4419642857142857,5,,,,,,,,,1,1,1,0.7,1.0
53,20,3,0.0021808142692860207,0.339041095890411,3,,,,,,,,,1,1,1,0.7,1.0
53,21,6,0.007542316400121865,0.39919354838709675,5,,,,,,,,,1,1,1,0.7,1.0
53,22,10,0.029376023808859605,0.43043478260869567,5,,,,,,,,,1,1,1,0.7,1.0
53,23,9,0.01864473712174515,0.4267241379310345,5,,,,,,,,,1,1,1,0.7,1.0
53,24,2,0.0,0.32038834951456313,2,,,,,,,,,1,1,1,0.7,1.0
53,25,5,0.0062320001243736595,0.38076923076923075,5,,,,,,,,,1,1,1,0.7,1.0
53,26,3,0.0011672780323125835,0.36,3,,,,,,,,,1,1,1,0.7,1.0
53,27,14,0.04032081334260075,0.4782608695652174,5,,,,,,,,,1,1,1,0.7,1.0
53,28,11,0.025196041378104415,0.4479638009049774,5,,,,,,,,,1,1,1,0.7,1.0
53,29,6,0.007148901888439518,0.391304347826087,5,,,,,,,,,1,1,1,0.7,1.0
53,30,6,0.007893523509131792,0.38671875,5,,,,,,,,,1,1,1,0.7,1.0
53,31,8,0.016685872476458252,0.4008097165991903,5,,,,,,,,,1,1,1,0.7,1.0
53,32,15,0.042175075381476565,0.47368421052631576,5,,,,,,,,,1,1,1,0.7,1.0
53,33,9,0.02012775183331944,0.4230769230769231,5,,,,,,,,,1,1,1,0.7,1.0
53,34,9,0.01841082522871394,0.4248927038626609,5,,,,,,,,,1,1,1,0.7,1.0
53,35,9,0.022128555021271912,0.42127659574468085,5,,,,,,,,,1,1,1,0.7,1.0
53,36,6,0.009052232439077976,0.4008097165991903,5,,,,,,,,,1,1,1,0.7,1.0
53,37,10,0.022884808637103175,0.4439461883408072,5,,,,,,,,,1,1,1,0.7,1.0
53,38,3,0.0011621659124968892,0.33559322033898303,3,,,,,,,,,1,1,1,0.7,1.0
53,39,7,0.009374462711473703,0.4125,5,,,,,,,,,1,1,1,0.7,1.0
53,40,7,0.010041046143858966,0.41422594142259417,5,,,,,,,,,1,1,1,0.7,1.0
53,41,8,0.01644273385424969,0.42127659574468085,5,,,,,,,,,1,1,1,0.7,1.0
53,42,7,0.008107386616062813,0.40408163265306124,5,,,,,,,,,1,1,1,0.7,1.0
53,43,8,0.014842540020111665,0.43805309734513276,5,,,,,,,,,1,1,1,0.7,1.0
53,44,9,0.019506962294465077,0.4194915254237288,5,,,,,,,,,1,1,1,0.7,1.0
53,45,8,0.015499166069116324,0.4090909090909091,5,,,,,,,,,1,1,1,0.7,1.0
53,46,7,0.009132084094994313,0.4107883817427386,5,,,,,,,,,1,1,1,0.7,1.0
53,47,8,0.01588333884215923,0.4008097165991903,5,,,,,,,,,1,1,1,0.7,1.0
53,48,8,0.013057353661506293,0.4194915254237288,5,,,,,,,,,1,1,1,0.7,1.0
53,49,10,0.022998126649215727,0.4342105263157895,5,,,,,,,,,1,1,1,0.7,1.0
53,50,10,0.0308143346441008,0.43805309734513276,5,,,,,,,,,1,1,1,0.7,1.0
53,51,14,0.03914697687093884,0.4714285714285714,5,,,,,,,,,1,1,1,0.7,1.0
53,52,5,0.008107289253582214,0.376425855513308,5,,,,,,,,,1,1,1,0.7,1.0
53,53,8,0.011537483487035103,0.4177215189873418,5,,,,,,,,,1,1,1,0.7,1.0
53,54,4,0.003793024144388423,0.3626373626373626,3,,,,,,,,,1,1,1,0.7,1.0
53,55,10,0.023237659776797134,0.4541284403669725,5,,,,,,,,,1,1,1,0.7,1.0
53,56,5,0.005797905192208366,0.37358490566037733,5,,,,,,,,,1,1,1,0.7,1.0
53,57,8,0.016349603863737225,0.4090909090909091,5,,,,,,,,,1,1,1,0.7,1.0
53,58,9,0.019899514796318962,0.4194915254237288,5,,,,,,,,,1,1,1,0.7,1.0
53,59,10,0.022085707361162835,0.4342105263157895,5,,,,,,,,,1,1,1,0.7,1.0
53,60,11,0.019807911567924382,0.43612334801762115,5,,,,,,,,,1,1,1,0.7,1.0
53,61,8,0.010424008924552612,0.4057377049180328,5,,,,,,,,,1,1,1,0.7,1.0
53,62,12,0.025946448104021823,0.45622119815668205,5,,,,,,,,,1,1,1,0.7,1.0
53,63,2,0.0005614126362425681,0.3344594594594595,2,,,,,,,,,1,1,1,0.7,1.0
53,64,9,0.01872332415682547,0.4267241379310345,5,,,,,,,,,1,1,1,0.7,1.0
53,65,12,0.031032488648889307,0.4520547945205479,5,,,,,,,,,1,1,1,0.7,1.0
53,66,6,0.0057761754226101384,0.38372093023255816,5,,,,,,,,,1,1,1,0.7,1.0
53,67,7,0.013160777951982968,0.42127659574468085,5,,,,,,,,,1,1,1,0.7,1.0
53,68,9,0.017227215239394276,0.4248927038626609,5,,,,,,,,,1,1,1,0.7,1.0
53,69,10,0.025227933667602773,0.4177215189873418,5,,,,,,,,,1,1,1,0.7,1.0
53,70,8,0.01387620475838911,0.4267241379310345,5,,,,,,,,,1,1,1,0.7,1.0
53,71,9,0.016185486162689472,0.41596638655462187,5,,,,,,,,,1,1,1,0.7,1.0
53,72,9,0.015273779864619004,0.43043478260869567,5,,,,,,,,,1,1,1,0.7,1.0
53,73,5,0.004078652941379849,0.375,5,,,,,,,,,1,1,1,0.7,1.0
53,74,9,0.018681489814624395,0.4125,5,,,,,,,,,1,1,1,0.7,1.0
53,75,9,0.0171208681049252,0.43231441048034935,5,,,,,,,,,1,1,1,0.7,1.0
53,76,9,0.014075601128570363,0.42127659574468085,5,,,,,,,,,1,1,1,0.7,1.0
53,77,10,0.01743825099569623,0.44,5,,,,,,,,,1,1,1,0.7,1.0
53,78,5,0.0038024049630668573,0.38976377952755903,5,,,,,,,,,1,1,1,0.7,1.0
53,79,6,0.003933385627379168,0.396,5,,,,,,,,,1,1,1,0.7,1.0
53,80,6,0.009540177285457217,0.38976377952755903,5,,,,,,,,,1,1,1,0.7,1.0
53,81,4,0.003878362412685233,0.3535714285714286,3,,,,,,,,,1,1,1,0.7,1.0
53,82,6,0.006102204291129582,0.3793103448275862,5,,,,,,,,,1,1,1,0.7,1.0
53,83,9,0.020811545403340872,0.4230769230769231,5,,,,,,,,,1,1,1,0.7,1.0
53,84,7,0.012843574800630352,0.38823529411764707,5,,,,,,,,,1,1,1,0.7,1.0
53,85,11,0.02311943072088779,0.43612334801762115,5,,,,,,,,,1,1,1,0.7,1.0
53,86,9,0.02249266760837428,0.4230769230769231,5,,,,,,,,,1,1,1,0.7,1.0
53,87,9,0.01288331850351868,0.4248927038626609,5,,,,,,,,,1,1,1,0.7,1.0
53,88,7,0.009293753449501873,0.4090909090909091,5,,,,,,,,,1,1,1,0.7,1.0
53,89,7,0.007638586484533018,0.4074074074074074,5,,,,,,,,,1,1,1,0.7,1.0
53,90,10,0.023171127747701463,0.43231441048034935,5,,,,,,,,,1,1,1,0.7,1.0
53,91,10,0.02595944987752483,0.4439461883408072,5,,,,,,,,,1,1,1,0.7,1.0
53,92,7,0.008537605041661208,0.4008097165991903,5,,,,,,,,,1,1,1,0.7,1.0
53,93,10,0.02616016778149733,0.4479638009049774,5,,,,,,,,,1,1,1,0.7,1.0
53,94,4,0.002824004922169769,0.36,4,,,,,,,,,1,1,1,0.7,1.0
53,95,6,0.0073059396014398675,0.4057377049180328,5,,,,,,,,,1,1,1,0.7,1.0
53,96,6,0.008292640749202327,0.391304347826087,5,,,,,,,,,1,1,1,0.7,1.0
53,97,7,0.012769970808459086,0.4090909090909091,5,,,,,,,,,1,1,1,0.7,1.0
53,98,9,0.016231205942319603,0.4267241379310345,5,,,,,,,,,1,1,1,0.7,1.0
53,99,10,0.02365500758389639,0.4177215189873418,5,,,,,,,,,1,1,1,0.7,1.0
54,0,12,0.027870177639501746,0.4439461883408072,5,,,,,,,,,1,1,1,0.7,1.0
54,1,6,0.008284928002406858,0.39759036144578314,5,,,,,,,,,1,1,1,0.7,1.0
54,2,6,0.007862988956379923,0.3944223107569721,5,,,,,,,,,1,1,1,0.7,1.0
54,3,7,0.009060616819988506,0.4125,5,,,,,,,,,1,1,1,0.7,1.0
54,4,7,0.011546566243780348,0.38372093023255816,5,,,,,,,,,1,1,1,0.7,1.0
54,5,6,0.007353821423085494,0.38823529411764707,5,,,,,,,,,1,1,1,0.7,1.0
54,6,8,0.016582929083409786,0.4024390243902439,5,,,,,,,,,1,1,1,0.7,1.0
54,7,7,0.01482499303979092,0.4090909090909091,5,,,,,,,,,1,1,1,0.7,1.0
54,8,5,0.004648371147546576,0.38671875,5,,,,,,,,,1,1,1,0.7,1.0
54,9,8,0.01083664390532592,0.4125,5,,,,,,,,,1,1,1,0.7,1.0
54,10,4,0.0030267081689468824,0.375,4,,,,,,,,,1,1,1,0.7,1.0
54,11,3,0.001798234955708471,0.3378839590443686,3,,,,,,,,,1,1,1,0.7,1.0
54,12,12,0.03246531234079403,0.4714285714285714,5,,,,,,,,,1,1,1,0.7,1.0
54,13,7,0.009413152607664656,0.3944223107569721,5,,,,,,,,,1,1,1,0.7,1.0
54,14,10,0.02034681887297241,0.43612334801762115,5,,,,,,,,,1,1,1,0.7,1.0
54,15,9,0.022967970997341273,0.4125,5,,,,,,,,,1,1,1,0.7,1.0
54,16,3,0.0008141163676104925,0.3473684210526316,3,,,,,,,,,1,1,1,0.7,1.0
54,17,9,0.013710214410568368,0.4125,5,,,,,,,,,1,1,1,0.7,1.0
54,18,12,0.029269697836801636,0.4669811320754717,5,,,,,,,,,1,1,1,0.7,1.0
54,19,10,0.0202537925463073,0.4419642857142857,5,,,,,,,,,1,1,1,0.7,1.0
54,20,3,0.0021808142692860207,0.339041095890411,3,,,,,,,,,1,1,1,0.7,1.0
54,21,6,0.007542316400121865,0.39919354838709675,5,,,,,,,,,1,1,1,0.7,1.0
54,22,10,0.029376023808859605,0.43043478260869567,5,,,,,,,,,1,1,1,0.7,1.0
54,23,9,0.01864473712174515,0.4267241379310345,5,,,,,,,,,1,1,1,0.7,1.0
54,24,2,0.0,0.32038834951456313,2,,,,,,,,,1,1,1,0.7,1.0
54,25,5,0.0062320001243736595,0.38076923076923075,5,,,,,,,,,1,1,1,0.7,1.0
54,26,3,0.0011672780323125835,0.36,3,,,,,,,,,1,1,1,0.7,1.0
54,27,14,0.04032081334260075,0.4782608695652174,5,,,,,,,,,1,1,1,0.7,1.0
54,28,11,0.025196041378104415,0.4479638009049774,5,,,,,,,,,1,1,1,0.7,1.0
54,29,6,0.007148901888439518,0.391304347826087,5,,,,,,,,,1,1,1,0.7,1.0
54,30,6,0.007893523509131792,0.38671875,5,,,,,,,,,1,1,1,0.7,1.0
54,31,8,0.016685872476458252,0.4008097165991903,5,,,,,,,,,1,1,1,0.7,1.0
54,32,15,0.042175075381476565,0.47368421052631576,5,,,,,,,,,1,1,1,0.7,1.0
54,33,9,0.02012775183331944,0.4230769230769231,5,,,,,,,,,1,1,1,0.7,1.0
54,34,9,0.01841082522871394,0.4248927038626609,5,,,,,,,,,1,1,1,0.7,1.0
54,35,9,0.022128555021271912,0.42127659574468085,5,,,,,,,,,1,1,1,0.7,1.0
54,36,6,0.009052232439077976,0.4008097165991903,5,,,,,,,,,1,1,1,0.7,1.0
54,37,10,0.022884808637103175,0.4439461883408072,5,,,,,,,,,1,1,1,0.7,1.0
54,38,3,0.0011621659124968892,0.33559322033898303,3,,,,,,,,,1,1,1,0.7,1.0
54,39,7,0.009374462711473703,0.4125,5,,,,,,,,,1,1,1,0.7,1.0
54,40,7,0.010041046143858966,0.41422594142259417,5,,,,,,,,,1,1,1,0.7,1.0
54,41,8,0.01644273385424969,0.42127659574468085,5,,,,,,,,,1,1,1,0.7,1.0
54,42,7,0.008107386616062813,0.40408163265306124,5,,,,,,,,,1,1,1,0.7,1.0
54,43,8,0.014842540020111665,0.43805309734513276,5,,,,,,,,,1,1,1,0.7,1.0
54,44,9,0.019506962294465077,0.4194915254237288,5,,,,,,,,,1,1,1,0.7,1.0
54,45,8,0.015499166069116324,0.4090909090909091,5,,,,,,,,,1,1,1,0.7,1.0
54,46,7,0.009132084094994313,0.4107883817427386,5,,,,,,,,,1,1,1,0.7,1.0
54,47,8,0.01588333884215923,0.4008097165991903,5,,,,,,,,,1,1,1,0.7,1.0
54,48,8,0.013057353661506293,0.4194915254237288,5,,,,,,,,,1,1,1,0.7,1.0
54,49,10,0.022998126649215727,0.4342105263157895,5,,,,,,,,,1,1,1,0.7,1.0
54,50,10,0.0308143346441008,0.43805309734513276,5,,,,,,,,,1,1,1,0.7,1.0
54,51,14,0.03914697687093884,0.4714285714285714,5,,,,,,,,,1,1,1,0.7,1.0
54,52,5,0.008107289253582214,0.376425855513308,5,,,,,,,,,1,1,1,0.7,1.0
54,53,8,0.011537483487035103,0.4177215189873418,5,,,,,,,,,1,1,1,0.7,1.0
54,54,4,0.003793024144388423,0.3626373626373626,3,,,,,,,,,1,1,1,0.7,1.0
54,55,10,0.023237659776797134,0.4541284403669725,5,,,,,,,,,1,1,1,0.7,1.0
54,56,5,0.005797905192208366,0.37358490566037733,5,,,,,,,,,1,1,1,0.7,1.0
54,57,8,0.016349603863737225,0.4090909090909091,5,,,,,,,,,1,1,1,0.7,1.0
54,58,9,0.019899514796318962,0.4194915254237288,5,,,,,,,,,1,1,1,0.7,1.0
54,59,10,0.022085707361162835,0.4342105263157895,5,,,,,,,,,1,1,1,0.7,1.0
54,60,11,0.019807911567924382,0.43612334801762115,5,,,,,,,,,1,1,1,0.7,1.0
54,61,8,0.010424008924552612,0.4057377049180328,5,,,,,,,,,1,1,1,0.7,1.0
54,62,12,0.025946448104021823,0.45622119815668205,5,,,,,,,,,1,1,1,0.7,1.0
54,63,2,0.0005614126362425681,0.3344594594594595,2,,,,,,,,,1,1,1,0.7,1.0
54,64,9,0.01872332415682547,0.4267241379310345,5,,,,,,,,,1,1,1,0.7,1.0
54,65,12,0.031032488648889307,0.4520547945205479,5,,,,,,,,,1,1,1,0.7,1.0
54,66,6,0.0057761754226101384,0.38372093023255816,5,,,,,,,,,1,1,1,0.7,1.0
54,67,7,0.013160777951982968,0.42127659574468085,5,,,,,,,,,1,1,1,0.7,1.0
54,68,9,0.017227215239394276,0.4248927038626609,5,,,,,,,,,1,1,1,0.7,1.0
54,69,10,0.025227933667602773,0.4177215189873418,5,,,,,,,,,1,1,1,0.7,1.0
54,70,8,0.01387620475838911,0.4267241379310345,5,,,,,,,,,1,1,1,0.7,1.0
54,71,9,0.016185486162689472,0.41596638655462187,5,,,,,,,,,1,1,1,0.7,1.0
54,72,9,0.015273779864619004,0.43043478260869567,5,,,,,,,,,1,1,1,0.7,1.0
54,73,5,0.004078652941379849,0.375,5,,,,,,,,,1,1,1,0.7,1.0
54,74,9,0.018681489814624395,0.4125,5,,,,,,,,,1,1,1,0.7,1.0
54,75,9,0.0171208681049252,0.43231441048034935,5,,,,,,,,,1,1,1,0.7,1.0
54,76,9,0.014075601128570363,0.42127659574468085,5,,,,,,,,,1,1,1,0.7,1.0
54,77,10,0.01743825099569623,0.44,5,,,,,,,,,1,1,1,0.7,1.0
54,78,5,0.0038024049630668573,0.38976377952755903,5,,,,,,,,,1,1,1,0.7,1.0
54,79,6,0.003933385627379168,0.396,5,,,,,,,,,1,1,1,0.7,1.0
54,80,6,0.009540177285457217,0.38976377952755903,5,,,,,,,,,1,1,1,0.7,1.0
54,81,4,0.003878362412685233,0.3535714285714286,3,,,,,,,,,1,1,1,0.7,1.0
54,82,6,0.006102204291129582,0.3793103448275862,5,,,,,,,,,1,1,1,0.7,1.0
54,83,9,0.020811545403340872,0.4230769230769231,5,,,,,,,,,1,1,1,0.7,1.0
54,84,7,0.012843574800630352,0.38823529411764707,5,,,,,,,,,1,1,1,0.7,1.0
54,85,11,0.02311943072088779,0.43612334801762115,5,,,,,,,,,1,1,1,0.7,1.0
54,86,9,0.02249266760837428,0.4230769230769231,5,,,,,,,,,1,1,1,0.7,1.0
54,87,9,0.01288331850351868,0.4248927038626609,5,,,,,,,,,1,1,1,0.7,1.0
54,88,7,0.009293753449501873,0.4090909090909091,5,,,,,,,,,1,1,1,0.7,1.0
54,89,7,0.007638586484533018,0.4074074074074074,5,,,,,,,,,1,1,1,0.7,1.0
54,90,10,0.023171127747701463,0.43231441048034935,5,,,,,,,,,1,1,1,0.7,1.0
54,91,10,0.02595944987752483,0.4439461883408072,5,,,,,,,,,1,1,1,0.7,1.0
54,92,7,0.008537605041661208,0.4008097165991903,5,,,,,,,,,1,1,1,0.7,1.0
54,93,10,0.02616016778149733,0.4479638009049774,5,,,,,,,,,1,1,1,0.7,1.0
54,94,4,0.002824004922169769,0.36,4,,,,,,,,,1,1,1,0.7,1.0
54,95,6,0.0073059396014398675,0.4057377049180328,5,,,,,,,,,1,1,1,0.7,1.0
54,96,6,0.008292640749202327,0.391304347826087,5,,,,,,,,,1,1,1,0.7,1.0
54,97,7,0.012769970808459086,0.4090909090909091,5,,,,,,,,,1,1,1,0.7,1.0
54,98,9,0.016231205942319603,0.4267241379310345,5,,,,,,,,,1,1,1,0.7,1.0
54,99,10,0.02365500758389639,0.4177215189873418,5,,,,,,,,,1,1,1,0.7,1.0
55,0,12,0.027870177639501746,0.4439461883408072,5,,,,,,,,,1,1,1,0.7,1.0
55,1,6,0.008284928002406858,0.39759036144578314,5,,,,,,,,,1,1,1,0.7,1.0
55,2,6,0.007862988956379923,0.3944223107569721,5,,,,,,,,,1,1,1,0.7,1.0
55,3,7,0.009060616819988506,0.4125,5,,,,,,,,,1,1,1,0.7,1.0
55,4,7,0.011546566243780348,0.38372093023255816,5,,,,,,,,,1,1,1,0.7,1.0
55,5,6,0.007353821423085494,0.38823529411764707,5,,,,,,,,,1,1,1,0.7,1.0
55,6,8,0.016582929083409786,0.4024390243902439,5,,,,,,,,,1,1,1,0.7,1.0
55,7,7,0.01482499303979092,0.4090909090909091,5,,,,,,,,,1,1,1,0.7,1.0
55,8,5,0.004648371147546576,0.38671875,5,,,,,,,,,1,1,1,0.7,1.0
55,9,8,0.01083664390532592,0.4125,5,,,,,,,,,1,1,1,0.7,1.0
55,10,4,0.0030267081689468824,0.375,4,,,,,,,,,1,1,1,0.7,1.0
55,11,3,0.001798234955708471,0.3378839590443686,3,,,,,,,,,1,1,1,0.7,1.0
55,12,12,0.03246531234079403,0.4714285714285714,5,,,,,,,,,1,1,1,0.7,1.0
55,13,7,0.009413152607664656,0.3944223107569721,5,,,,,,,,,1,1,1,0.7,1.0
55,14,10,0.02034681887297241,0.43612334801762115,5,,,,,,,,,1,1,1,0.7,1.0
55,15,9,0.022967970997341273,0.4125,5,,,,,,,,,1,1,1,0.7,1.0
55,16,3,0.0008141163676104925,0.3473684210526316,3,,,,,,,,,1,1,1,0.7,1.0
55,17,9,0.013710214410568368,0.4125,5,,,,,,,,,1,1,1,0.7,1.0
55,18,12,0.029269697836801636,0.4669811320754717,5,,,,,,,,,1,1,1,0.7,1.0
55,19,10,0.0202537925463073,0.4419642857142857,5,,,,,,,,,1,1,1,0.7,1.0
55,20,3,0.0021808142692860207,0.339041095890411,3,,,,,,,,,1,1,1,0.7,1.0
55,21,6,0.007542316400121865,0.39919354838709675,5,,,,,,,,,1,1,1,0.7,1.0
55,22,10,0.029376023808859605,0.43043478260869567,5,,,,,,,,,1,1,1,0.7,1.0
55,23,9,0.01864473712174515,0.4267241379310345,5,,,,,,,,,1,1,1,0.7,1.0
55,24,2,0.0,0.32038834951456313,2,,,,,,,,,1,1,1,0.7,1.0
55,25,5,0.0062320001243736595,0.38076923076923075,5,,,,,,,,,1,1,1,0.7,1.0
55,26,3,0.0011672780323125835,0.36,3,,,,,,,,,1,1,1,0.7,1.0
55,27,14,0.04032081334260075,0.4782608695652174,5,,,,,,,,,1,1,1,0.7,1.0
55,28,11,0.025196041378104415,0.4479638009049774,5,,,,,,,,,1,1,1,0.7,1.0
55,29,6,0.007148901888439518,0.391304347826087,5,,,,,,,,,1,1,1,0.7,1.0
55,30,6,0.007893523509131792,0.38671875,5,,,,,,,,,1,1,1,0.7,1.0
55,31,8,0.016685872476458252,0.4008097165991903,5,,,,,,,,,1,1,1,0.7,1.0
55,32,15,0.042175075381476565,0.47368421052631576,5,,,,,,,,,1,1,1,0.7,1.0
55,33,9,0.02012775183331944,0.4230769230769231,5,,,,,,,,,1,1,1,0.7,1.0
55,34,9,0.01841082522871394,0.4248927038626609,5,,,,,,,,,1,1,1,0.7,1.0
55,35,9,0.022128555021271912,0.42127659574468085,5,,,,,,,,,1,1,1,0.7,1.0
55,36,6,0.009052232439077976,0.4008097165991903,5,,,,,,,,,1,1,1,0.7,1.0
55,37,10,0.022884808637103175,0.4439461883408072,5,,,,,,,,,1,1,1,0.7,1.0
55,38,3,0.0011621659124968892,0.33559322033898303,3,,,,,,,,,1,1,1,0.7,1.0
55,39,7,0.009374462711473703,0.4125,5,,,,,,,,,1,1,1,0.7,1.0
55,40,7,0.010041046143858966,0.41422594142259417,5,,,,,,,,,1,1,1,0.7,1.0
55,41,8,0.01644273385424969,0.42127659574468085,5,,,,,,,,,1,1,1,0.7,1.0
55,42,7,0.008107386616062813,0.40408163265306124,5,,,,,,,,,1,1,1,0.7,1.0
55,43,8,0.014842540020111665,0.43805309734513276,5,,,,,,,,,1,1,1,0.7,1.0
55,44,9,0.019506962294465077,0.4194915254237288,5,,,,,,,,,1,1,1,0.7,1.0
55,45,8,0.015499166069116324,0.4090909090909091,5,,,,,,,,,1,1,1,0.7,1.0
55,46,7,0.009132084094994313,0.4107883817427386,5,,,,,,,,,1,1,1,0.7,1.0
55,47,8,0.01588333884215923,0.4008097165991903,5,,,,,,,,,1,1,1,0.7,1.0
55,48,8,0.013057353661506293,0.4194915254237288,5,,,,,,,,,1,1,1,0.7,1.0
55,49,10,0.022998126649215727,0.4342105263157895,5,,,,,,,,,1,1,1,0.7,1.0
55,50,10,0.0308143346441008,0.43805309734513276,5,,,,,,,,,1,1,1,0.7,1.0
55,51,14,0.03914697687093884,0.4714285714285714,5,,,,,,,,,1,1,1,0.7,1.0
55,52,5,0.008107289253582214,0.376425855513308,5,,,,,,,,,1,1,1,0.7,1.0
55,53,8,0.011537483487035103,0.4177215189873418,5,,,,,,,,,1,1,1,0.7,1.0
55,54,4,0.003793024144388423,0.3626373626373626,3,,,,,,,,,1,1,1,0.7,1.0
55,55,10,0.023237659776797134,0.4541284403669725,5,,,,,,,,,1,1,1,0.7,1.0
55,56,5,0.005797905192208366,0.37358490566037733,5,,,,,,,,,1,1,1,0.7,1.0
55,57,8,0.016349603863737225,0.4090909090909091,5,,,,,,,,,1,1,1,0.7,1.0
55,58,9,0.019899514796318962,0.4194915254237288,5,,,,,,,,,1,1,1,0.7,1.0
55,59,10,0.022085707361162835,0.4342105263157895,5,,,,,,,,,1,1,1,0.7,1.0
55,60,11,0.019807911567924382,0.43612334801762115,5,,,,,,,,,1,1,1,0.7,1.0
55,61,8,0.010424008924552612,0.4057377049180328,5,,,,,,,,,1,1,1,0.7,1.0
55,62,12,0.025946448104021823,0.45622119815668205,5,,,,,,,,,1,1,1,0.7,1.0
55,63,2,0.0005614126362425681,0.3344594594594595,2,,,,,,,,,1,1,1,0.7,1.0
55,64,9,0.01872332415682547,0.4267241379310345,5,,,,,,,,,1,1,1,0.7,1.0
55,65,12,0.031032488648889307,0.4520547945205479,5,,,,,,,,,1,1,1,0.7,1.0
55,66,6,0.0057761754226101384,0.38372093023255816,5,,,,,,,,,1,1,1,0.7,1.0
55,67,7,0.013160777951982968,0.42127659574468085,5,,,,,,,,,1,1,1,0.7,1.0
55,68,9,0.017227215239394276,0.4248927038626609,5,,,,,,,,,1,1,1,0.7,1.0
55,69,10,0.025227933667602773,0.4177215189873418,5,,,,,,,,,1,1,1,0.7,1.0
55,70,8,0.01387620475838911,0.4267241379310345,5,,,,,,,,,1,1,1,0.7,1.0
55,71,9,0.016185486162689472,0.41596638655462187,5,,,,,,,,,1,1,1,0.7,1.0
55,72,9,0.015273779864619004,0.43043478260869567,5,,,,,,,,,1,1,1,0.7,1.0
55,73,5,0.004078652941379849,0.375,5,,,,,,,,,1,1,1,0.7,1.0
55,74,9,0.018681489814624395,0.4125,5,,,,,,,,,1,1,1,0.7,1.0
55,75,9,0.0171208681049252,0.43231441048034935,5,,,,,,,,,1,1,1,0.7,1.0
55,76,9,0.014075601128570363,0.42127659574468085,5,,,,,,,,,1,1,1,0.7,1.0
55,77,10,0.01743825099569623,0.44,5,,,,,,,,,1,1,1,0.7,1.0
55,78,5,0.0038024049630668573,0.38976377952755903,5,,,,,,,,,1,1,1,0.7,1.0
55,79,6,0.003933385627379168,0.396,5,,,,,,,,,1,1,1,0.7,1.0
55,80,6,0.009540177285457217,0.38976377952755903,5,,,,,,,,,1,1,1,0.7,1.0
55,81,4,0.003878362412685233,0.3535714285714286,3,,,,,,,,,1,1,1,0.7,1.0
55,82,6,0.006102204291129582,0.3793103448275862,5,,,,,,,,,1,1,1,0.7,1.0
55,83,9,0.020811545403340872,0.4230769230769231,5,,,,,,,,,1,1,1,0.7,1.0
55,84,7,0.012843574800630352,0.38823529411764707,5,,,,,,,,,1,1,1,0.7,1.0
55,85,11,0.02311943072088779,0.43612334801762115,5,,,,,,,,,1,1,1,0.7,1.0
55,86,9,0.02249266760837428,0.4230769230769231,5,,,,,,,,,1,1,1,0.7,1.0
55,87,9,0.01288331850351868,0.4248927038626609,5,,,,,,,,,1,1,1,0.7,1.0
55,88,7,0.009293753449501873,0.4090909090909091,5,,,,,,,,,1,1,1,0.7,1.0
55,89,7,0.007638586484533018,0.4074074074074074,5,,,,,,,,,1,1,1,0.7,1.0
55,90,10,0.023171127747701463,0.43231441048034935,5,,,,,,,,,1,1,1,0.7,1.0
55,91,10,0.02595944987752483,0.4439461883408072,5,,,,,,,,,1,1,1,0.7,1.0
55,92,7,0.008537605041661208,0.4008097165991903,5,,,,,,,,,1,1,1,0.7,1.0
55,93,10,0.02616016778149733,0.4479638009049774,5,,,,,,,,,1,1,1,0.7,1.0
55,94,4,0.002824004922169769,0.36,4,,,,,,,,,1,1,1,0.7,1.0
55,95,6,0.0073059396014398675,0.4057377049180328,5,,,,,,,,,1,1,1,0.7,1.0
55,96,6,0.008292640749202327,0.391304347826087,5,,,,,,,,,1,1,1,0.7,1.0
55,97,7,0.012769970808459086,0.4090909090909091,5,,,,,,,,,1,1,1,0.7,1.0
55,98,9,0.016231205942319603,0.4267241379310345,5,,,,,,,,,1,1,1,0.7,1.0
55,99,10,0.02365500758389639,0.4177215189873418,5,,,,,,,,,1,1,1,0.7,1.0
56,0,12,0.027870177639501746,0.4439461883408072,5,,,,,,,,,1,1,1,0.7,1.0
56,1,6,0.008284928002406858,0.39759036144578314,5,,,,,,,,,1,1,1,0.7,1.0
56,2,6,0.007862988956379923,0.3944223107569721,5,,,,,,,,,1,1,1,0.7,1.0
56,3,7,0.009060616819988506,0.4125,5,,,,,,,,,1,1,1,0.7,1.0
56,4,7,0.011546566243780348,0.38372093023255816,5,,,,,,,,,1,1,1,0.7,1.0
56,5,6,0.007353821423085494,0.38823529411764707,5,,,,,,,,,1,1,1,0.7,1.0
56,6,8,0.016582929083409786,0.4024390243902439,5,,,,,,,,,1,1,1,0.7,1.0
56,7,7,0.01482499303979092,0.4090909090909091,5,,,,,,,,,1,1,1,0.7,1.0
56,8,5,0.004648371147546576,0.38671875,5,,,,,,,,,1,1,1,0.7,1.0
56,9,8,0.01083664390532592,0.4125,5,,,,,,,,,1,1,1,0.7,1.0
56,10,4,0.0030267081689468824,0.375,4,,,,,,,,,1,1,1,0.7,1.0
56,11,3,0.001798234955708471,0.3378839590443686,3,,,,,,,,,1,1,1,0.7,1.0
56,12,12,0.03246531234079403,0.4714285714285714,5,,,,,,,,,1,1,1,0.7,1.0
56,13,7,0.009413152607664656,0.3944223107569721,5,,,,,,,,,1,1,1,0.7,1.0
56,14,10,0.02034681887297241,0.43612334801762115,5,,,,,,,,,1,1,1,0.7,1.0
56,15,9,0.022967970997341273,0.4125,5,,,,,,,,,1,1,1,0.7,1.0
56,16,3,0.0008141163676104925,0.3473684210526316,3,,,,,,,,,1,1,1,0.7,1.0
56,17,9,0.013710214410568368,0.4125,5,,,,,,,,,1,1,1,0.7,1.0
56,18,12,0.029269697836801636,0.4669811320754717,5,,,,,,,,,1,1,1,0.7,1.0
56,19,10,0.0202537925463073,0.4419642857142857,5,,,,,,,,,1,1,1,0.7,1.0
56,20,3,0.0021808142692860207,0.339041095890411,3,,,,,,,,,1,1,1,0.7,1.0
56,21,6,0.007542316400121865,0.39919354838709675,5,,,,,,,,,1,1,1,0.7,1.0
56,22,10,0.029376023808859605,0.43043478260869567,5,,,,,,,,,1,1,1,0.7,1.0
56,23,9,0.01864473712174515,0.4267241379310345,5,,,,,,,,,1,1,1,0.7,1.0
56,24,2,0.0,0.32038834951456313,2,,,,,,,,,1,1,1,0.7,1.0
56,25,5,0.0062320001243736595,0.38076923076923075,5,,,,,,,,,1,1,1,0.7,1.0
56,26,3,0.0011672780323125835,0.36,3,,,,,,,,,1,1,1,0.7,1.0
56,27,14,0.04032081334260075,0.4782608695652174,5,,,,,,,,,1,1,1,0.7,1.0
56,28,11,0.025196041378104415,0.4479638009049774,5,,,,,,,,,1,1,1,0.7,1.0
56,29,6,0.007148901888439518,0.391304347826087,5,,,,,,,,,1,1,1,0.7,1.0
56,30,6,0.007893523509131792,0.38671875,5,,,,,,,,,1,1,1,0.7,1.0
56,31,8,0.016685872476458252,0.4008097165991903,5,,,,,,,,,1,1,1,0.7,1.0
56,32,15,0.042175075381476565,0.47368421052631576,5,,,,,,,,,1,1,1,0.7,1.0
56,33,9,0.02012775183331944,0.4230769230769231,5,,,,,,,,,1,1,1,0.7,1.0
56,34,9,0.01841082522871394,0.4248927038626609,5,,,,,,,,,1,1,1,0.7,1.0
56,35,9,0.022128555021271912,0.42127659574468085,5,,,,,,,,,1,1,1,0.7,1.0
56,36,6,0.009052232439077976,0.4008097165991903,5,,,,,,,,,1,1,1,0.7,1.0
56,37,10,0.022884808637103175,0.4439461883408072,5,,,,,,,,,1,1,1,0.7,1.0
56,38,3,0.0011621659124968892,0.33559322033898303,3,,,,,,,,,1,1,1,0.7,1.0
56,39,7,0.009374462711473703,0.4125,5,,,,,,,,,1,1,1,0.7,1.0
56,40,7,0.010041046143858966,0.41422594142259417,5,,,,,,,,,1,1,1,0.7,1.0
56,41,8,0.01644273385424969,0.42127659574468085,5,,,,,,,,,1,1,1,0.7,1.0
56,42,7,0.008107386616062813,0.40408163265306124,5,,,,,,,,,1,1,1,0.7,1.0
56,43,8,0.014842540020111665,0.43805309734513276,5,,,,,,,,,1,1,1,0.7,1.0
56,44,9,0.019506962294465077,0.4194915254237288,5,,,,,,,,,1,1,1,0.7,1.0
56,45,8,0.015499166069116324,0.4090909090909091,5,,,,,,,,,1,1,1,0.7,1.0
56,46,7,0.009132084094994313,0.4107883817427386,5,,,,,,,,,1,1,1,0.7,1.0
56,47,8,0.01588333884215923,0.4008097165991903,5,,,,,,,,,1,1,1,0.7,1.0
56,48,8,0.013057353661506293,0.4194915254237288,5,,,,,,,,,1,1,1,0.7,1.0
56,49,10,0.022998126649215727,0.4342105263157895,5,,,,,,,,,1,1,1,0.7,1.0
56,50,10,0.0308143346441008,0.43805309734513276,5,,,,,,,,,1,1,1,0.7,1.0
56,51,14,0.03914697687093884,0.4714285714285714,5,,,,,,,,,1,1,1,0.7,1.0
56,52,5,0.008107289253582214,0.376425855513308,5,,,,,,,,,1,1,1,0.7,1.0
56,53,8,0.011537483487035103,0.4177215189873418,5,,,,,,,,,1,1,1,0.7,1.0
56,54,4,0.003793024144388423,0.3626373626373626,3,,,,,,,,,1,1,1,0.7,1.0
56,55,10,0.023237659776797134,0.4541284403669725,5,,,,,,,,,1,1,1,0.7,1.0
56,56,5,0.005797905192208366,0.37358490566037733,5,,,,,,,,,1,1,1,0.7,1.0
56,57,8,0.016349603863737225,0.4090909090909091,5,,,,,,,,,1,1,1,0.7,1.0
56,58,9,0.019899514796318962,0.4194915254237288,5,,,,,,,,,1,1,1,0.7,1.0
56,59,10,0.022085707361162835,0.4342105263157895,5,,,,,,,,,1,1,1,0.7,1.0
56,60,11,0.019807911567924382,0.43612334801762115,5,,,,,,,,,1,1,1,0.7,1.0
56,61,8,0.010424008924552612,0.4057377049180328,5,,,,,,,,,1,1,1,0.7,1.0
56,62,12,0.025946448104021823,0.45622119815668205,5,,,,,,,,,1,1,1,0.7,1.0
56,63,2,0.0005614126362425681,0.3344594594594595,2,,,,,,,,,1,1,1,0.7,1.0
56,64,9,0.01872332415682547,0.4267241379310345,5,,,,,,,,,1,1,1,0.7,1.0
56,65,12,0.031032488648889307,0.4520547945205479,5,,,,,,,,,1,1,1,0.7,1.0
56,66,6,0.0057761754226101384,0.38372093023255816,5,,,,,,,,,1,1,1,0.7,1.0
56,67,7,0.013160777951982968,0.42127659574468085,5,,,,,,,,,1,1,1,0.7,1.0
56,68,9,0.017227215239394276,0.4248927038626609,5,,,,,,,,,1,1,1,0.7,1.0
56,69,10,0.025227933667602773,0.4177215189873418,5,,,,,,,,,1,1,1,0.7,1.0
56,70,8,0.01387620475838911,0.4267241379310345,5,,,,,,,,,1,1,1,0.7,1.0
56,71,9,0.016185486162689472,0.41596638655462187,5,,,,,,,,,1,1,1,0.7,1.0
56,72,9,0.015273779864619004,0.43043478260869567,5,,,,,,,,,1,1,1,0.7,1.0
56,73,5,0.004078652941379849,0.375,5,,,,,,,,,1,1,1,0.7,1.0
56,74,9,0.018681489814624395,0.4125,5,,,,,,,,,1,1,1,0.7,1.0
56,75,9,0.0171208681049252,0.43231441048034935,5,,,,,,,,,1,1,1,0.7,1.0
56,76,9,0.014075601128570363,0.42127659574468085,5,,,,,,,,,1,1,1,0.7,1.0
56,77,10,0.01743825099569623,0.44,5,,,,,,,,,1,1,1,0.7,1.0
56,78,5,0.0038024049630668573,0.38976377952755903,5,,,,,,,,,1,1,1,0.7,1.0
56,79,6,0.003933385627379168,0.396,5,,,,,,,,,1,1,1,0.7,1.0
56,80,6,0.009540177285457217,0.38976377952755903,5,,,,,,,,,1,1,1,0.7,1.0
56,81,4,0.003878362412685233,0.3535714285714286,3,,,,,,,,,1,1,1,0.7,1.0
56,82,6,0.006102204291129582,0.3793103448275862,5,,,,,,,,,1,1,1,0.7,1.0
56,83,9,0.020811545403340872,0.4230769230769231,5,,,,,,,,,1,1,1,0.7,1.0
56,84,7,0.012843574800630352,0.38823529411764707,5,,,,,,,,,1,1,1,0.7,1.0
56,85,11,0.02311943072088779,0.43612334801762115,5,,,,,,,,,1,1,1,0.7,1.0
56,86,9,0.02249266760837428,0.4230769230769231,5,,,,,,,,,1,1,1,0.7,1.0
56,87,9,0.01288331850351868,0.4248927038626609,5,,,,,,,,,1,1,1,0.7,1.0
56,88,7,0.009293753449501873,0.4090909090909091,5,,,,,,,,,1,1,1,0.7,1.0
56,89,7,0.007638586484533018,0.4074074074074074,5,,,,,,,,,1,1,1,0.7,1.0
56,90,10,0.023171127747701463,0.43231441048034935,5,,,,,,,,,1,1,1,0.7,1.0
56,91,10,0.02595944987752483,0.4439461883408072,5,,,,,,,,,1,1,1,0.7,1.0
56,92,7,0.008537605041661208,0.4008097165991903,5,,,,,,,,,1,1,1,0.7,1.0
56,93,10,0.02616016778149733,0.4479638009049774,5,,,,,,,,,1,1,1,0.7,1.0
56,94,4,0.002824004922169769,0.36,4,,,,,,,,,1,1,1,0.7,1.0
56,95,6,0.0073059396014398675,0.4057377049180328,5,,,,,,,,,1,1,1,0.7,1.0
56,96,6,0.008292640749202327,0.391304347826087,5,,,,,,,,,1,1,1,0.7,1.0
56,97,7,0.012769970808459086,0.4090909090909091,5,,,,,,,,,1,1,1,0.7,1.0
56,98,9,0.016231205942319603,0.4267241379310345,5,,,,,,,,,1,1,1,0.7,1.0
56,99,10,0.02365500758389639,0.4177215189873418,5,,,,,,,,,1,1,1,0.7,1.0
57,0,12,0.027870177639501746,0.4439461883408072,5,,,,,,,,,1,1,1,0.7,1.0
57,1,6,0.008284928002406858,0.39759036144578314,5,,,,,,,,,1,1,1,0.7,1.0
57,2,6,0.007862988956379923,0.3944223107569721,5,,,,,,,,,1,1,1,0.7,1.0
57,3,7,0.009060616819988506,0.4125,5,,,,,,,,,1,1,1,0.7,1.0
57,4,7,0.011546566243780348,0.38372093023255816,5,,,,,,,,,1,1,1,0.7,1.0
57,5,6,0.007353821423085494,0.38823529411764707,5,,,,,,,,,1,1,1,0.7,1.0
57,6,8,0.016582929083409786,0.4024390243902439,5,,,,,,,,,1,1,1,0.7,1.0
57,7,7,0.01482499303979092,0.4090909090909091,5,,,,,,,,,1,1,1,0.7,1.0
57,8,5,0.004648371147546576,0.38671875,5,,,,,,,,,1,1,1,0.7,1.0
57,9,8,0.01083664390532592,0.4125,5,,,,,,,,,1,1,1,0.7,1.0
57,10,4,0.0030267081689468824,0.375,4,,,,,,,,,1,1,1,0.7,1.0
57,11,3,0.001798234955708471,0.3378839590443686,3,,,,,,,,,1,1,1,0.7,1.0
57,12,12,0.03246531234079403,0.4714285714285714,5,,,,,,,,,1,1,1,0.7,1.0
57,13,7,0.009413152607664656,0.3944223107569721,5,,,,,,,,,1,1,1,0.7,1.0
57,14,10,0.02034681887297241,0.43612334801762115,5,,,,,,,,,1,1,1,0.7,1.0
57,15,9,0.022967970997341273,0.4125,5,,,,,,,,,1,1,1,0.7,1.0
57,16,3,0.0008141163676104925,0.3473684210526316,3,,,,,,,,,1,1,1,0.7,1.0
57,17,9,0.013710214410568368,0.4125,5,,,,,,,,,1,1,1,0.7,1.0
57,18,12,0.029269697836801636,0.4669811320754717,5,,,,,,,,,1,1,1,0.7,1.0
57,19,10,0.0202537925463073,0.4419642857142857,5,,,,,,,,,1,1,1,0.7,1.0
57,20,3,0.0021808142692860207,0.339041095890411,3,,,,,,,,,1,1,1,0.7,1.0
57,21,6,0.007542316400121865,0.39919354838709675,5,,,,,,,,,1,1,1,0.7,1.0
57,22,10,0.029376023808859605,0.43043478260869567,5,,,,,,,,,1,1,1,0.7,1.0
57,23,9,0.01864473712174515,0.4267241379310345,5,,,,,,,,,1,1,1,0.7,1.0
57,24,2,0.0,0.32038834951456313,2,,,,,,,,,1,1,1,0.7,1.0
57,25,5,0.0062320001243736595,0.38076923076923075,5,,,,,,,,,1,1,1,0.7,1.0
57,26,3,0.0011672780323125835,0.36,3,,,,,,,,,1,1,1,0.7,1.0
57,27,14,0.04032081334260075,0.4782608695652174,5,,,,,,,,,1,1,1,0.7,1.0
57,28,11,0.025196041378104415,0.4479638009049774,5,,,,,,,,,1,1,1,0.7,1.0
57,29,6,0.007148901888439518,0.391304347826087,5,,,,,,,,,1,1,1,0.7,1.0
57,30,6,0.007893523509131792,0.38671875,5,,,,,,,,,1,1,1,0.7,1.0
57,31,8,0.016685872476458252,0.4008097165991903,5,,,,,,,,,1,1,1,0.7,1.0
57,32,15,0.042175075381476565,0.47368421052631576,5,,,,,,,,,1,1,1,0.7,1.0
57,33,9,0.02012775183331944,0.4230769230769231,5,,,,,,,,,1,1,1,0.7,1.0
57,34,9,0.01841082522871394,0.4248927038626609,5,,,,,,,,,1,1,1,0.7,1.0
57,35,9,0.022128555021271912,0.42127659574468085,5,,,,,,,,,1,1,1,0.7,1.0
57,36,6,0.009052232439077976,0.4008097165991903,5,,,,,,,,,1,1,1,0.7,1.0
57,37,10,0.022884808637103175,0.4439461883408072,5,,,,,,,,,1,1,1,0.7,1.0
57,38,3,0.0011621659124968892,0.33559322033898303,3,,,,,,,,,1,1,1,0.7,1.0
57,39,7,0.009374462711473703,0.4125,5,,,,,,,,,1,1,1,0.7,1.0
57,40,7,0.010041046143858966,0.41422594142259417,5,,,,,,,,,1,1,1,0.7,1.0
57,41,8,0.01644273385424969,0.42127659574468085,5,,,,,,,,,1,1,1,0.7,1.0
57,42,7,0.008107386616062813,0.40408163265306124,5,,,,,,,,,1,1,1,0.7,1.0
57,43,8,0.014842540020111665,0.43805309734513276,5,,,,,,,,,1,1,1,0.7,1.0
57,44,9,0.019506962294465077,0.4194915254237288,5,,,,,,,,,1,1,1,0.7,1.0
57,45,8,0.015499166069116324,0.4090909090909091,5,,,,,,,,,1,1,1,0.7,1.0
57,46,7,0.009132084094994313,0.4107883817427386,5,,,,,,,,,1,1,1,0.7,1.0
57,47,8,0.01588333884215923,0.4008097165991903,5,,,,,,,,,1,1,1,0.7,1.0
57,48,8,0.013057353661506293,0.4194915254237288,5,,,,,,,,,1,1,1,0.7,1.0
57,49,10,0.022998126649215727,0.4342105263157895,5,,,,,,,,,1,1,1,0.7,1.0
57,50,10,0.0308143346441008,0.43805309734513276,5,,,,,,,,,1,1,1,0.7,1.0
57,51,14,0.03914697687093884,0.4714285714285714,5,,,,,,,,,1,1,1,0.7,1.0
57,52,5,0.008107289253582214,0.376425855513308,5,,,,,,,,,1,1,1,0.7,1.0
57,53,8,0.011537483487035103,0.4177215189873418,5,,,,,,,,,1,1,1,0.7,1.0
57,54,4,0.003793024144388423,0.3626373626373626,3,,,,,,,,,1,1,1,0.7,1.0
57,55,10,0.023237659776797134,0.4541284403669725,5,,,,,,,,,1,1,1,0.7,1.0
57,56,5,0.005797905192208366,0.37358490566037733,5,,,,,,,,,1,1,1,0.7,1.0
57,57,8,0.016349603863737225,0.4090909090909091,5,,,,,,,,,1,1,1,0.7,1.0
57,58,9,0.019899514796318962,0.4194915254237288,5,,,,,,,,,1,1,1,0.7,1.0
57,59,10,0.022085707361162835,0.4342105263157895,5,,,,,,,,,1,1,1,0.7,1.0
57,60,11,0.019807911567924382,0.43612334801762115,5,,,,,,,,,1,1,1,0.7,1.0
57,61,8,0.010424008924552612,0.4057377049180328,5,,,,,,,,,1,1,1,0.7,1.0
57,62,12,0.025946448104021823,0.45622119815668205,5,,,,,,,,,1,1,1,0.7,1.0
57,63,2,0.0005614126362425681,0.3344594594594595,2,,,,,,,,,1,1,1,0.7,1.0
57,64,9,0.01872332415682547,0.4267241379310345,5,,,,,,,,,1,1,1,0.7,1.0
57,65,12,0.031032488648889307,0.4520547945205479,5,,,,,,,,,1,1,1,0.7,1.0
57,66,6,0.0057761754226101384,0.38372093023255816,5,,,,,,,,,1,1,1,0.7,1.0
57,67,7,0.013160777951982968,0.42127659574468085,5,,,,,,,,,1,1,1,0.7,1.0
57,68,9,0.017227215239394276,0.4248927038626609,5,,,,,,,,,1,1,1,0.7,1.0
57,69,10,0.025227933667602773,0.4177215189873418,5,,,,,,,,,1,1,1,0.7,1.0
57,70,8,0.01387620475838911,0.4267241379310345,5,,,,,,,,,1,1,1,0.7,1.0
57,71,9,0.016185486162689472,0.41596638655462187,5,,,,,,,,,1,1,1,0.7,1.0
57,72,9,0.015273779864619004,0.43043478260869567,5,,,,,,,,,1,1,1,0.7,1.0
57,73,5,0.004078652941379849,0.375,5,,,,,,,,,1,1,1,0.7,1.0
57,74,9,0.018681489814624395,0.4125,5,,,,,,,,,1,1,1,0.7,1.0
57,75,9,0.0171208681049252,0.43231441048034935,5,,,,,,,,,1,1,1,0.7,1.0
57,76,9,0.014075601128570363,0.42127659574468085,5,,,,,,,,,1,1,1,0.7,1.0
57,77,10,0.01743825099569623,0.44,5,,,,,,,,,1,1,1,0.7,1.0
57,78,5,0.0038024049630668573,0.38976377952755903,5,,,,,,,,,1,1,1,0.7,1.0
57,79,6,0.003933385627379168,0.396,5,,,,,,,,,1,1,1,0.7,1.0
57,80,6,0.009540177285457217,0.38976377952755903,5,,,,,,,,,1,1,1,0.7,1.0
57,81,4,0.003878362412685233,0.3535714285714286,3,,,,,,,,,1,1,1,0.7,1.0
57,82,6,0.006102204291129582,0.3793103448275862,5,,,,,,,,,1,1,1,0.7,1.0
57,83,9,0.020811545403340872,0.4230769230769231,5,,,,,,,,,1,1,1,0.7,1.0
57,84,7,0.012843574800630352,0.38823529411764707,5,,,,,,,,,1,1,1,0.7,1.0
57,85,11,0.02311943072088779,0.43612334801762115,5,,,,,,,,,1,1,1,0.7,1.0
57,86,9,0.02249266760837428,0.4230769230769231,5,,,,,,,,,1,1,1,0.7,1.0
57,87,9,0.01288331850351868,0.4248927038626609,5,,,,,,,,,1,1,1,0.7,1.0
57,88,7,0.009293753449501873,0.4090909090909091,5,,,,,,,,,1,1,1,0.7,1.0
57,89,7,0.007638586484533018,0.4074074074074074,5,,,,,,,,,1,1,1,0.7,1.0
57,90,10,0.023171127747701463,0.43231441048034935,5,,,,,,,,,1,1,1,0.7,1.0
57,91,10,0.02595944987752483,0.4439461883408072,5,,,,,,,,,1,1,1,0.7,1.0
57,92,7,0.008537605041661208,0.4008097165991903,5,,,,,,,,,1,1,1,0.7,1.0
57,93,10,0.02616016778149733,0.4479638009049774,5,,,,,,,,,1,1,1,0.7,1.0
57,94,4,0.002824004922169769,0.36,4,,,,,,,,,1,1,1,0.7,1.0
57,95,6,0.0073059396014398675,0.4057377049180328,5,,,,,,,,,1,1,1,0.7,1.0
57,96,6,0.008292640749202327,0.391304347826087,5,,,,,,,,,1,1,1,0.7,1.0
57,97,7,0.012769970808459086,0.4090909090909091,5,,,,,,,,,1,1,1,0.7,1.0
57,98,9,0.016231205942319603,0.4267241379310345,5,,,,,,,,,1,1,1,0.7,1.0
57,99,10,0.02365500758389639,0.4177215189873418,5,,,,,,,,,1,1,1,0.7,1.0
58,0,12,0.027870177639501746,0.4439461883408072,5,,,,,,,,,1,1,1,0.7,1.0
58,1,6,0.008284928002406858,0.39759036144578314,5,,,,,,,,,1,1,1,0.7,1.0
58,2,6,0.007862988956379923,0.3944223107569721,5,,,,,,,,,1,1,1,0.7,1.0
58,3,7,0.009060616819988506,0.4125,5,,,,,,,,,1,1,1,0.7,1.0
58,4,7,0.011546566243780348,0.38372093023255816,5,,,,,,,,,1,1,1,0.7,1.0
58,5,6,0.007353821423085494,0.38823529411764707,5,,,,,,,,,1,1,1,0.7,1.0
58,6,8,0.016582929083409786,0.4024390243902439,5,,,,,,,,,1,1,1,0.7,1.0
58,7,7,0.01482499303979092,0.4090909090909091,5,,,,,,,,,1,1,1,0.7,1.0
58,8,5,0.004648371147546576,0.38671875,5,,,,,,,,,1,1,1,0.7,1.0
58,9,8,0.01083664390532592,0.4125,5,,,,,,,,,1,1,1,0.7,1.0
58,10,4,0.0030267081689468824,0.375,4,,,,,,,,,1,1,1,0.7,1.0
58,11,3,0.001798234955708471,0.3378839590443686,3,,,,,,,,,1,1,1,0.7,1.0
58,12,12,0.03246531234079403,0.4714285714285714,5,,,,,,,,,1,1,1,0.7,1.0
58,13,7,0.009413152607664656,0.3944223107569721,5,,,,,,,,,1,1,1,0.7,1.0
58,14,10,0.02034681887297241,0.43612334801762115,5,,,,,,,,,1,1,1,0.7,1.0
58,15,9,0.022967970997341273,0.4125,5,,,,,,,,,1,1,1,0.7,1.0
58,16,3,0.0008141163676104925,0.3473684210526316,3,,,,,,,,,1,1,1,0.7,1.0
58,17,9,0.013710214410568368,0.4125,5,,,,,,,,,1,1,1,0.7,1.0
58,18,12,0.029269697836801636,0.4669811320754717,5,,,,,,,,,1,1,1,0.7,1.0
58,19,10,0.0202537925463073,0.4419642857142857,5,,,,,,,,,1,1,1,0.7,1.0
58,20,3,0.0021808142692860207,0.339041095890411,3,,,,,,,,,1,1,1,0.7,1.0
58,21,6,0.007542316400121865,0.39919354838709675,5,,,,,,,,,1,1,1,0.7,1.0
58,22,10,0.029376023808859605,0.43043478260869567,5,,,,,,,,,1,1,1,0.7,1.0
58,23,9,0.01864473712174515,0.4267241379310345,5,,,,,,,,,1,1,1,0.7,1.0
58,24,2,0.0,0.32038834951456313,2,,,,,,,,,1,1,1,0.7,1.0
58,25,5,0.0062320001243736595,0.38076923076923075,5,,,,,,,,,1,1,1,0.7,1.0
58,26,3,0.0011672780323125835,0.36,3,,,,,,,,,1,1,1,0.7,1.0
58,27,14,0.04032081334260075,0.4782608695652174,5,,,,,,,,,1,1,1,0.7,1.0
58,28,11,0.025196041378104415,0.4479638009049774,5,,,,,,,,,1,1,1,0.7,1.0
58,29,6,0.007148901888439518,0.391304347826087,5,,,,,,,,,1,1,1,0.7,1.0
58,30,6,0.007893523509131792,0.38671875,5,,,,,,,,,1,1,1,0.7,1.0
58,31,8,0.016685872476458252,0.4008097165991903,5,,,,,,,,,1,1,1,0.7,1.0
58,32,15,0.042175075381476565,0.47368421052631576,5,,,,,,,,,1,1,1,0.7,1.0
58,33,9,0.02012775183331944,0.4230769230769231,5,,,,,,,,,1,1,1,0.7,1.0
58,34,9,0.01841082522871394,0.4248927038626609,5,,,,,,,,,1,1,1,0.7,1.0
58,35,9,0.022128555021271912,0.42127659574468085,5,,,,,,,,,1,1,1,0.7,1.0
58,36,6,0.009052232439077976,0.4008097165991903,5,,,,,,,,,1,1,1,0.7,1.0
58,37,10,0.022884808637103175,0.4439461883408072,5,,,,,,,,,1,1,1,0.7,1.0
58,38,3,0.0011621659124968892,0.33559322033898303,3,,,,,,,,,1,1,1,0.7,1.0
58,39,7,0.009374462711473703,0.4125,5,,,,,,,,,1,1,1,0.7,1.0
58,40,7,0.010041046143858966,0.41422594142259417,5,,,,,,,,,1,1,1,0.7,1.0
58,41,8,0.01644273385424969,0.42127659574468085,5,,,,,,,,,1,1,1,0.7,1.0
58,42,7,0.008107386616062813,0.40408163265306124,5,,,,,,,,,1,1,1,0.7,1.0
58,43,8,0.014842540020111665,0.43805309734513276,5,,,,,,,,,1,1,1,0.7,1.0
58,44,9,0.019506962294465077,0.4194915254237288,5,,,,,,,,,1,1,1,0.7,1.0
58,45,8,0.015499166069116324,0.4090909090909091,5,,,,,,,,,1,1,1,0.7,1.0
58,46,7,0.009132084094994313,0.4107883817427386,5,,,,,,,,,1,1,1,0.7,1.0
58,47,8,0.01588333884215923,0.4008097165991903,5,,,,,,,,,1,1,1,0.7,1.0
58,48,8,0.013057353661506293,0.4194915254237288,5,,,,,,,,,1,1,1,0.7,1.0
58,49,10,0.022998126649215727,0.4342105263157895,5,,,,,,,,,1,1,1,0.7,1.0
58,50,10,0.0308143346441008,0.43805309734513276,5,,,,,,,,,1,1,1,0.7,1.0
58,51,14,0.03914697687093884,0.4714285714285714,5,,,,,,,,,1,1,1,0.7,1.0
58,52,5,0.008107289253582214,0.376425855513308,5,,,,,,,,,1,1,1,0.7,1.0
58,53,8,0.011537483487035103,0.4177215189873418,5,,,,,,,,,1,1,1,0.7,1.0
58,54,4,0.003793024144388423,0.3626373626373626,3,,,,,,,,,1,1,1,0.7,1.0
58,55,10,0.023237659776797134,0.4541284403669725,5,,,,,,,,,1,1,1,0.7,1.0
58,56,5,0.005797905192208366,0.37358490566037733,5,,,,,,,,,1,1,1,0.7,1.0
58,57,8,0.016349603863737225,0.4090909090909091,5,,,,,,,,,1,1,1,0.7,1.0
58,58,9,0.019899514796318962,0.4194915254237288,5,,,,,,,,,1,1,1,0.7,1.0
58,59,10,0.022085707361162835,0.4342105263157895,5,,,,,,,,,1,1,1,0.7,1.0
58,60,11,0.019807911567924382,0.43612334801762115,5,,,,,,,,,1,1,1,0.7,1.0
58,61,8,0.010424008924552612,0.4057377049180328,5,,,,,,,,,1,1,1,0.7,1.0
58,62,12,0.025946448104021823,0.45622119815668205,5,,,,,,,,,1,1,1,0.7,1.0
58,63,2,0.0005614126362425681,0.3344594594594595,2,,,,,,,,,1,1,1,0.7,1.0
58,64,9,0.01872332415682547,0.4267241379310345,5,,,,,,,,,1,1,1,0.7,1.0
58,65,12,0.031032488648889307,0.4520547945205479,5,,,,,,,,,1,1,1,0.7,1.0
58,66,6,0.0057761754226101384,0.38372093023255816,5,,,,,,,,,1,1,1,0.7,1.0
58,67,7,0.013160777951982968,0.42127659574468085,5,,,,,,,,,1,1,1,0.7,1.0
58,68,9,0.017227215239394276,0.4248927038626609,5,,,,,,,,,1,1,1,0.7,1.0
58,69,10,0.025227933667602773,0.4177215189873418,5,,,,,,,,,1,1,1,0.7,1.0
58,70,8,0.01387620475838911,0.4267241379310345,5,,,,,,,,,1,1,1,0.7,1.0
58,71,9,0.016185486162689472,0.41596638655462187,5,,,,,,,,,1,1,1,0.7,1.0
58,72,9,0.015273779864619004,0.43043478260869567,5,,,,,,,,,1,1,1,0.7,1.0
58,73,5,0.004078652941379849,0.375,5,,,,,,,,,1,1,1,0.7,1.0
58,74,9,0.018681489814624395,0.4125,5,,,,,,,,,1,1,1,0.7,1.0
58,75,9,0.0171208681049252,0.43231441048034935,5,,,,,,,,,1,1,1,0.7,1.0
58,76,9,0.014075601128570363,0.42127659574468085,5,,,,,,,,,1,1,1,0.7,1.0
58,77,10,0.01743825099569623,0.44,5,,,,,,,,,1,1,1,0.7,1.0
58,78,5,0.0038024049630668573,0.38976377952755903,5,,,,,,,,,1,1,1,0.7,1.0
58,79,6,0.003933385627379168,0.396,5,,,,,,,,,1,1,1,0.7,1.0
58,80,6,0.009540177285457217,0.38976377952755903,5,,,,,,,,,1,1,1,0.7,1.0
58,81,4,0.003878362412685233,0.3535714285714286,3,,,,,,,,,1,1,1,0.7,1.0
58,82,6,0.006102204291129582,0.3793103448275862,5,,,,,,,,,1,1,1,0.7,1.0
58,83,9,0.020811545403340872,0.4230769230769231,5,,,,,,,,,1,1,1,0.7,1.0
58,84,7,0.012843574800630352,0.38823529411764707,5,,,,,,,,,1,1,1,0.7,1.0
58,85,11,0.02311943072088779,0.43612334801762115,5,,,,,,,,,1,1,1,0.7,1.0
58,86,9,0.02249266760837428,0.4230769230769231,5,,,,,,,,,1,1,1,0.7,1.0
58,87,9,0.01288331850351868,0.4248927038626609,5,,,,,,,,,1,1,1,0.7,1.0
58,88,7,0.009293753449501873,0.4090909090909091,5,,,,,,,,,1,1,1,0.7,1.0
58,89,7,0.007638586484533018,0.4074074074074074,5,,,,,,,,,1,1,1,0.7,1.0
58,90,10,0.023171127747701463,0.43231441048034935,5,,,,,,,,,1,1,1,0.7,1.0
58,91,10,0.02595944987752483,0.4439461883408072,5,,,,,,,,,1,1,1,0.7,1.0
58,92,7,0.008537605041661208,0.4008097165991903,5,,,,,,,,,1,1,1,0.7,1.0
58,93,10,0.02616016778149733,0.4479638009049774,5,,,,,,,,,1,1,1,0.7,1.0
58,94,4,0.002824004922169769,0.36,4,,,,,,,,,1,1,1,0.7,1.0
58,95,6,0.0073059396014398675,0.4057377049180328,5,,,,,,,,,1,1,1,0.7,1.0
58,96,6,0.008292640749202327,0.391304347826087,5,,,,,,,,,1,1,1,0.7,1.0
58,97,7,0.012769970808459086,0.4090909090909091,5,,,,,,,,,1,1,1,0.7,1.0
58,98,9,0.016231205942319603,0.4267241379310345,5,,,,,,,,,1,1,1,0.7,1.0
58,99,10,0.02365500758389639,0.4177215189873418,5,,,,,,,,,1,1,1,0.7,1.0
59,0,12,0.027870177639501746,0.4439461883408072,5,,,,,,,,,1,1,1,0.7,1.0
59,1,6,0.008284928002406858,0.39759036144578314,5,,,,,,,,,1,1,1,0.7,1.0
59,2,6,0.007862988956379923,0.3944223107569721,5,,,,,,,,,1,1,1,0.7,1.0
59,3,7,0.009060616819988506,0.4125,5,,,,,,,,,1,1,1,0.7,1.0
59,4,7,0.011546566243780348,0.38372093023255816,5,,,,,,,,,1,1,1,0.7,1.0
59,5,6,0.007353821423085494,0.38823529411764707,5,,,,,,,,,1,1,1,0.7,1.0
59,6,8,0.016582929083409786,0.4024390243902439,5,,,,,,,,,1,1,1,0.7,1.0
59,7,7,0.01482499303979092,0.4090909090909091,5,,,,,,,,,1,1,1,0.7,1.0
59,8,5,0.004648371147546576,0.38671875,5,,,,,,,,,1,1,1,0.7,1.0
59,9,8,0.01083664390532592,0.4125,5,,,,,,,,,1,1,1,0.7,1.0
59,10,4,0.0030267081689468824,0.375,4,,,,,,,,,1,1,1,0.7,1.0
59,11,3,0.001798234955708471,0.3378839590443686,3,,,,,,,,,1,1,1,0.7,1.0
59,12,12,0.03246531234079403,0.4714285714285714,5,,,,,,,,,1,1,1,0.7,1.0
59,13,7,0.009413152607664656,0.3944223107569721,5,,,,,,,,,1,1,1,0.7,1.0
59,14,10,0.02034681887297241,0.43612334801762115,5,,,,,,,,,1,1,1,0.7,1.0
59,15,9,0.022967970997341273,0.4125,5,,,,,,,,,1,1,1,0.7,1.0
59,16,3,0.0008141163676104925,0.3473684210526316,3,,,,,,,,,1,1,1,0.7,1.0
59,17,9,0.013710214410568368,0.4125,5,,,,,,,,,1,1,1,0.7,1.0
59,18,12,0.029269697836801636,0.4669811320754717,5,,,,,,,,,1,1,1,0.7,1.0
59,19,10,0.0202537925463073,0.4419642857142857,5,,,,,,,,,1,1,1,0.7,1.0
59,20,3,0.0021808142692860207,0.339041095890411,3,,,,,,,,,1,1,1,0.7,1.0
59,21,6,0.007542316400121865,0.39919354838709675,5,,,,,,,,,1,1,1,0.7,1.0
59,22,10,0.029376023808859605,0.43043478260869567,5,,,,,,,,,1,1,1,0.7,1.0
59,23,9,0.01864473712174515,0.4267241379310345,5,,,,,,,,,1,1,1,0.7,1.0
59,24,2,0.0,0.32038834951456313,2,,,,,,,,,1,1,1,0.7,1.0
59,25,5,0.0062320001243736595,0.38076923076923075,5,,,,,,,,,1,1,1,0.7,1.0
59,26,3,0.0011672780323125835,0.36,3,,,,,,,,,1,1,1,0.7,1.0
59,27,14,0.04032081334260075,0.4782608695652174,5,,,,,,,,,1,1,1,0.7,1.0
59,28,11,0.025196041378104415,0.4479638009049774,5,,,,,,,,,1,1,1,0.7,1.0
59,29,6,0.007148901888439518,0.391304347826087,5,,,,,,,,,1,1,1,0.7,1.0
59,30,6,0.007893523509131792,0.38671875,5,,,,,,,,,1,1,1,0.7,1.0
59,31,8,0.016685872476458252,0.4008097165991903,5,,,,,,,,,1,1,1,0.7,1.0
59,32,15,0.042175075381476565,0.47368421052631576,5,,,,,,,,,1,1,1,0.7,1.0
59,33,9,0.02012775183331944,0.4230769230769231,5,,,,,,,,,1,1,1,0.7,1.0
59,34,9,0.01841082522871394,0.4248927038626609,5,,,,,,,,,1,1,1,0.7,1.0
59,35,9,0.022128555021271912,0.42127659574468085,5,,,,,,,,,1,1,1,0.7,1.0
59,36,6,0.009052232439077976,0.4008097165991903,5,,,,,,,,,1,1,1,0.7,1.0
59,37,10,0.022884808637103175,0.4439461883408072,5,,,,,,,,,1,1,1,0.7,1.0
59,38,3,0.0011621659124968892,0.33559322033898303,3,,,,,,,,,1,1,1,0.7,1.0
59,39,7,0.009374462711473703,0.4125,5,,,,,,,,,1,1,1,0.7,1.0
59,40,7,0.010041046143858966,0.41422594142259417,5,,,,,,,,,1,1,1,0.7,1.0
59,41,8,0.01644273385424969,0.42127659574468085,5,,,,,,,,,1,1,1,0.7,1.0
59,42,7,0.008107386616062813,0.40408163265306124,5,,,,,,,,,1,1,1,0.7,1.0
59,43,8,0.014842540020111665,0.43805309734513276,5,,,,,,,,,1,1,1,0.7,1.0
59,44,9,0.019506962294465077,0.4194915254237288,5,,,,,,,,,1,1,1,0.7,1.0
59,45,8,0.015499166069116324,0.4090909090909091,5,,,,,,,,,1,1,1,0.7,1.0
59,46,7,0.009132084094994313,0.4107883817427386,5,,,,,,,,,1,1,1,0.7,1.0
59,47,8,0.01588333884215923,0.4008097165991903,5,,,,,,,,,1,1,1,0.7,1.0
59,48,8,0.013057353661506293,0.4194915254237288,5,,,,,,,,,1,1,1,0.7,1.0
59,49,10,0.022998126649215727,0.4342105263157895,5,,,,,,,,,1,1,1,0.7,1.0
59,50,10,0.0308143346441008,0.43805309734513276,5,,,,,,,,,1,1,1,0.7,1.0
59,51,14,0.03914697687093884,0.4714285714285714,5,,,,,,,,,1,1,1,0.7,1.0
59,52,5,0.008107289253582214,0.376425855513308,5,,,,,,,,,1,1,1,0.7,1.0
59,53,8,0.011537483487035103,0.4177215189873418,5,,,,,,,,,1,1,1,0.7,1.0
59,54,4,0.003793024144388423,0.3626373626373626,3,,,,,,,,,1,1,1,0.7,1.0
59,55,10,0.023237659776797134,0.4541284403669725,5,,,,,,,,,1,1,1,0.7,1.0
59,56,5,0.005797905192208366,0.37358490566037733,5,,,,,,,,,1,1,1,0.7,1.0
59,57,8,0.016349603863737225,0.4090909090909091,5,,,,,,,,,1,1,1,0.7,1.0
59,58,9,0.019899514796318962,0.4194915254237288,5,,,,,,,,,1,1,1,0.7,1.0
59,59,10,0.022085707361162835,0.4342105263157895,5,,,,,,,,,1,1,1,0.7,1.0
59,60,11,0.019807911567924382,0.43612334801762115,5,,,,,,,,,1,1,1,0.7,1.0
59,61,8,0.010424008924552612,0.4057377049180328,5,,,,,,,,,1,1,1,0.7,1.0
59,62,12,0.025946448104021823,0.45622119815668205,5,,,,,,,,,1,1,1,0.7,1.0
59,63,2,0.0005614126362425681,0.3344594594594595,2,,,,,,,,,1,1,1,0.7,1.0
59,64,9,0.01872332415682547,0.4267241379310345,5,,,,,,,,,1,1,1,0.7,1.0
59,65,12,0.031032488648889307,0.4520547945205479,5,,,,,,,,,1,1,1,0.7,1.0
59,66,6,0.0057761754226101384,0.38372093023255816,5,,,,,,,,,1,1,1,0.7,1.0
59,67,7,0.013160777951982968,0.42127659574468085,5,,,,,,,,,1,1,1,0.7,1.0
59,68,9,0.017227215239394276,0.4248927038626609,5,,,,,,,,,1,1,1,0.7,1.0
59,69,10,0.025227933667602773,0.4177215189873418,5,,,,,,,,,1,1,1,0.7,1.0
59,70,8,0.01387620475838911,0.4267241379310345,5,,,,,,,,,1,1,1,0.7,1.0
59,71,9,0.016185486162689472,0.41596638655462187,5,,,,,,,,,1,1,1,0.7,1.0
59,72,9,0.015273779864619004,0.43043478260869567,5,,,,,,,,,1,1,1,0.7,1.0
59,73,5,0.004078652941379849,0.375,5,,,,,,,,,1,1,1,0.7,1.0
59,74,9,0.018681489814624395,0.4125,5,,,,,,,,,1,1,1,0.7,1.0
59,75,9,0.0171208681049252,0.43231441048034935,5,,,,,,,,,1,1,1,0.7,1.0
59,76,9,0.014075601128570363,0.42127659574468085,5,,,,,,,,,1,1,1,0.7,1.0
59,77,10,0.01743825099569623,0.44,5,,,,,,,,,1,1,1,0.7,1.0
59,78,5,0.0038024049630668573,0.38976377952755903,5,,,,,,,,,1,1,1,0.7,1.0
59,79,6,0.003933385627379168,0.396,5,,,,,,,,,1,1,1,0.7,1.0
59,80,6,0.009540177285457217,0.38976377952755903,5,,,,,,,,,1,1,1,0.7,1.0
59,81,4,0.003878362412685233,0.3535714285714286,3,,,,,,,,,1,1,1,0.7,1.0
59,82,6,0.006102204291129582,0.3793103448275862,5,,,,,,,,,1,1,1,0.7,1.0
59,83,9,0.020811545403340872,0.4230769230769231,5,,,,,,,,,1,1,1,0.7,1.0
59,84,7,0.012843574800630352,0.38823529411764707,5,,,,,,,,,1,1,1,0.7,1.0
59,85,11,0.02311943072088779,0.43612334801762115,5,,,,,,,,,1,1,1,0.7,1.0
59,86,9,0.02249266760837428,0.4230769230769231,5,,,,,,,,,1,1,1,0.7,1.0
59,87,9,0.01288331850351868,0.4248927038626609,5,,,,,,,,,1,1,1,0.7,1.0
59,88,7,0.009293753449501873,0.4090909090909091,5,,,,,,,,,1,1,1,0.7,1.0
59,89,7,0.007638586484533018,0.4074074074074074,5,,,,,,,,,1,1,1,0.7,1.0
59,90,10,0.023171127747701463,0.43231441048034935,5,,,,,,,,,1,1,1,0.7,1.0
59,91,10,0.02595944987752483,0.4439461883408072,5,,,,,,,,,1,1,1,0.7,1.0
59,92,7,0.008537605041661208,0.4008097165991903,5,,,,,,,,,1,1,1,0.7,1.0
59,93,10,0.02616016778149733,0.4479638009049774,5,,,,,,,,,1,1,1,0.7,1.0
59,94,4,0.002824004922169769,0.36,4,,,,,,,,,1,1,1,0.7,1.0
59,95,6,0.0073059396014398675,0.4057377049180328,5,,,,,,,,,1,1,1,0.7,1.0
59,96,6,0.008292640749202327,0.391304347826087,5,,,,,,,,,1,1,1,0.7,1.0
59,97,7,0.012769970808459086,0.4090909090909091,5,,,,,,,,,1,1,1,0.7,1.0
59,98,9,0.016231205942319603,0.4267241379310345,5,,,,,,,,,1,1,1,0.7,1.0
59,99,10,0.02365500758389639,0.4177215189873418,5,,,,,,,,,1,1,1,0.7,1.0
60,0,12,0.027870177639501746,0.4439461883408072,5,,,,,,,,,1,1,1,0.7,1.0
60,1,6,0.008284928002406858,0.39759036144578314,5,,,,,,,,,1,1,1,0.7,1.0
60,2,6,0.007862988956379923,0.3944223107569721,5,,,,,,,,,1,1,1,0.7,1.0
60,3,7,0.009060616819988506,0.4125,5,,,,,,,,,1,1,1,0.7,1.0
60,4,7,0.011546566243780348,0.38372093023255816,5,,,,,,,,,1,1,1,0.7,1.0
60,5,6,0.007353821423085494,0.38823529411764707,5,,,,,,,,,1,1,1,0.7,1.0
60,6,8,0.016582929083409786,0.4024390243902439,5,,,,,,,,,1,1,1,0.7,1.0
60,7,7,0.01482499303979092,0.4090909090909091,5,,,,,,,,,1,1,1,0.7,1.0
60,8,5,0.004648371147546576,0.38671875,5,,,,,,,,,1,1,1,0.7,1.0
60,9,8,0.01083664390532592,0.4125,5,,,,,,,,,1,1,1,0.7,1.0
60,10,4,0.0030267081689468824,0.375,4,,,,,,,,,1,1,1,0.7,1.0
60,11,3,0.001798234955708471,0.3378839590443686,3,,,,,,,,,1,1,1,0.7,1.0
60,12,12,0.03246531234079403,0.4714285714285714,5,,,,,,,,,1,1,1,0.7,1.0
60,13,7,0.009413152607664656,0.3944223107569721,5,,,,,,,,,1,1,1,0.7,1.0
60,14,10,0.02034681887297241,0.43612334801762115,5,,,,,,,,,1,1,1,0.7,1.0
60,15,9,0.022967970997341273,0.4125,5,,,,,,,,,1,1,1,0.7,1.0
60,16,3,0.0008141163676104925,0.3473684210526316,3,,,,,,,,,1,1,1,0.7,1.0
60,17,9,0.013710214410568368,0.4125,5,,,,,,,,,1,1,1,0.7,1.0
60,18,12,0.029269697836801636,0.4669811320754717,5,,,,,,,,,1,1,1,0.7,1.0
60,19,10,0.0202537925463073,0.4419642857142857,5,,,,,,,,,1,1,1,0.7,1.0
60,20,3,0.0021808142692860207,0.339041095890411,3,,,,,,,,,1,1,1,0.7,1.0
60,21,6,0.007542316400121865,0.39919354838709675,5,,,,,,,,,1,1,1,0.7,1.0
60,22,10,0.029376023808859605,0.43043478260869567,5,,,,,,,,,1,1,1,0.7,1.0
60,23,9,0.01864473712174515,0.4267241379310345,5,,,,,,,,,1,1,1,0.7,1.0
60,24,2,0.0,0.32038834951456313,2,,,,,,,,,1,1,1,0.7,1.0
60,25,5,0.0062320001243736595,0.38076923076923075,5,,,,,,,,,1,1,1,0.7,1.0
60,26,3,0.0011672780323125835,0.36,3,,,,,,,,,1,1,1,0.7,1.0
60,27,14,0.04032081334260075,0.4782608695652174,5,,,,,,,,,1,1,1,0.7,1.0
60,28,11,0.025196041378104415,0.4479638009049774,5,,,,,,,,,1,1,1,0.7,1.0
60,29,6,0.007148901888439518,0.391304347826087,5,,,,,,,,,1,1,1,0.7,1.0
60,30,6,0.007893523509131792,0.38671875,5,,,,,,,,,1,1,1,0.7,1.0
60,31,8,0.016685872476458252,0.4008097165991903,5,,,,,,,,,1,1,1,0.7,1.0
60,32,15,0.042175075381476565,0.47368421052631576,5,,,,,,,,,1,1,1,0.7,1.0
60,33,9,0.02012775183331944,0.4230769230769231,5,,,,,,,,,1,1,1,0.7,1.0
60,34,9,0.01841082522871394,0.4248927038626609,5,,,,,,,,,1,1,1,0.7,1.0
60,35,9,0.022128555021271912,0.42127659574468085,5,,,,,,,,,1,1,1,0.7,1.0
60,36,6,0.009052232439077976,0.4008097165991903,5,,,,,,,,,1,1,1,0.7,1.0
60,37,10,0.022884808637103175,0.4439461883408072,5,,,,,,,,,1,1,1,0.7,1.0
60,38,3,0.0011621659124968892,0.33559322033898303,3,,,,,,,,,1,1,1,0.7,1.0
60,39,7,0.009374462711473703,0.4125,5,,,,,,,,,1,1,1,0.7,1.0
60,40,7,0.010041046143858966,0.41422594142259417,5,,,,,,,,,1,1,1,0.7,1.0
60,41,8,0.01644273385424969,0.42127659574468085,5,,,,,,,,,1,1,1,0.7,1.0
60,42,7,0.008107386616062813,0.40408163265306124,5,,,,,,,,,1,1,1,0.7,1.0
60,43,8,0.014842540020111665,0.43805309734513276,5,,,,,,,,,1,1,1,0.7,1.0
60,44,9,0.019506962294465077,0.4194915254237288,5,,,,,,,,,1,1,1,0.7,1.0
60,45,8,0.015499166069116324,0.4090909090909091,5,,,,,,,,,1,1,1,0.7,1.0
60,46,7,0.009132084094994313,0.4107883817427386,5,,,,,,,,,1,1,1,0.7,1.0
60,47,8,0.01588333884215923,0.4008097165991903,5,,,,,,,,,1,1,1,0.7,1.0
60,48,8,0.013057353661506293,0.4194915254237288,5,,,,,,,,,1,1,1,0.7,1.0
60,49,10,0.022998126649215727,0.4342105263157895,5,,,,,,,,,1,1,1,0.7,1.0
60,50,10,0.0308143346441008,0.43805309734513276,5,,,,,,,,,1,1,1,0.7,1.0
60,51,14,0.03914697687093884,0.4714285714285714,5,,,,,,,,,1,1,1,0.7,1.0
60,52,5,0.008107289253582214,0.376425855513308,5,,,,,,,,,1,1,1,0.7,1.0
60,53,8,0.011537483487035103,0.4177215189873418,5,,,,,,,,,1,1,1,0.7,1.0
60,54,4,0.003793024144388423,0.3626373626373626,3,,,,,,,,,1,1,1,0.7,1.0
60,55,10,0.023237659776797134,0.4541284403669725,5,,,,,,,,,1,1,1,0.7,1.0
60,56,5,0.005797905192208366,0.37358490566037733,5,,,,,,,,,1,1,1,0.7,1.0
60,57,8,0.016349603863737225,0.4090909090909091,5,,,,,,,,,1,1,1,0.7,1.0
60,58,9,0.019899514796318962,0.4194915254237288,5,,,,,,,,,1,1,1,0.7,1.0
60,59,10,0.022085707361162835,0.4342105263157895,5,,,,,,,,,1,1,1,0.7,1.0
60,60,11,0.019807911567924382,0.43612334801762115,5,,,,,,,,,1,1,1,0.7,1.0
60,61,8,0.010424008924552612,0.4057377049180328,5,,,,,,,,,1,1,1,0.7,1.0
60,62,12,0.025946448104021823,0.45622119815668205,5,,,,,,,,,1,1,1,0.7,1.0
60,63,2,0.0005614126362425681,0.3344594594594595,2,,,,,,,,,1,1,1,0.7,1.0
60,64,9,0.01872332415682547,0.4267241379310345,5,,,,,,,,,1,1,1,0.7,1.0
60,65,12,0.031032488648889307,0.4520547945205479,5,,,,,,,,,1,1,1,0.7,1.0
60,66,6,0.0057761754226101384,0.38372093023255816,5,,,,,,,,,1,1,1,0.7,1.0
60,67,7,0.013160777951982968,0.42127659574468085,5,,,,,,,,,1,1,1,0.7,1.0
60,68,9,0.017227215239394276,0.4248927038626609,5,,,,,,,,,1,1,1,0.7,1.0
60,69,10,0.025227933667602773,0.4177215189873418,5,,,,,,,,,1,1,1,0.7,1.0
60,70,8,0.01387620475838911,0.4267241379310345,5,,,,,,,,,1,1,1,0.7,1.0
60,71,9,0.016185486162689472,0.41596638655462187,5,,,,,,,,,1,1,1,0.7,1.0
60,72,9,0.015273779864619004,0.43043478260869567,5,,,,,,,,,1,1,1,0.7,1.0
60,73,5,0.004078652941379849,0.375,5,,,,,,,,,1,1,1,0.7,1.0
60,74,9,0.018681489814624395,0.4125,5,,,,,,,,,1,1,1,0.7,1.0
60,75,9,0.0171208681049252,0.43231441048034935,5,,,,,,,,,1,1,1,0.7,1.0
60,76,9,0.014075601128570363,0.42127659574468085,5,,,,,,,,,1,1,1,0.7,1.0
60,77,10,0.01743825099569623,0.44,5,,,,,,,,,1,1,1,0.7,1.0
60,78,5,0.0038024049630668573,0.38976377952755903,5,,,,,,,,,1,1,1,0.7,1.0
60,79,6,0.003933385627379168,0.396,5,,,,,,,,,1,1,1,0.7,1.0
60,80,6,0.009540177285457217,0.38976377952755903,5,,,,,,,,,1,1,1,0.7,1.0
60,81,4,0.003878362412685233,0.3535714285714286,3,,,,,,,,,1,1,1,0.7,1.0
60,82,6,0.006102204291129582,0.3793103448275862,5,,,,,,,,,1,1,1,0.7,1.0
60,83,9,0.020811545403340872,0.4230769230769231,5,,,,,,,,,1,1,1,0.7,1.0
60,84,7,0.012843574800630352,0.38823529411764707,5,,,,,,,,,1,1,1,0.7,1.0
60,85,11,0.02311943072088779,0.43612334801762115,5,,,,,,,,,1,1,1,0.7,1.0
60,86,9,0.02249266760837428,0.4230769230769231,5,,,,,,,,,1,1,1,0.7,1.0
60,87,9,0.01288331850351868,0.4248927038626609,5,,,,,,,,,1,1,1,0.7,1.0
60,88,7,0.009293753449501873,0.4090909090909091,5,,,,,,,,,1,1,1,0.7,1.0
60,89,7,0.007638586484533018,0.4074074074074074,5,,,,,,,,,1,1,1,0.7,1.0
60,90,10,0.023171127747701463,0.43231441048034935,5,,,,,,,,,1,1,1,0.7,1.0
60,91,10,0.02595944987752483,0.4439461883408072,5,,,,,,,,,1,1,1,0.7,1.0
60,92,7,0.008537605041661208,0.4008097165991903,5,,,,,,,,,1,1,1,0.7,1.0
60,93,10,0.02616016778149733,0.4479638009049774,5,,,,,,,,,1,1,1,0.7,1.0
60,94,4,0.002824004922169769,0.36,4,,,,,,,,,1,1,1,0.7,1.0
60,95,6,0.0073059396014398675,0.4057377049180328,5,,,,,,,,,1,1,1,0.7,1.0
60,96,6,0.008292640749202327,0.391304347826087,5,,,,,,,,,1,1,1,0.7,1.0
60,97,7,0.012769970808459086,0.4090909090909091,5,,,,,,,,,1,1,1,0.7,1.0
60,98,9,0.016231205942319603,0.4267241379310345,5,,,,,,,,,1,1,1,0.7,1.0
60,99,10,0.02365500758389639,0.4177215189873418,5,,,,,,,,,1,1,1,0.7,1.0
61,0,12,0.027870177639501746,0.4439461883408072,5,,,,,,,,,1,1,1,0.7,1.0
61,1,6,0.008284928002406858,0.39759036144578314,5,,,,,,,,,1,1,1,0.7,1.0
61,2,6,0.007862988956379923,0.3944223107569721,5,,,,,,,,,1,1,1,0.7,1.0
61,3,7,0.009060616819988506,0.4125,5,,,,,,,,,1,1,1,0.7,1.0
61,4,7,0.011546566243780348,0.38372093023255816,5,,,,,,,,,1,1,1,0.7,1.0
61,5,6,0.007353821423085494,0.38823529411764707,5,,,,,,,,,1,1,1,0.7,1.0
61,6,8,0.016582929083409786,0.4024390243902439,5,,,,,,,,,1,1,1,0.7,1.0
61,7,7,0.01482499303979092,0.4090909090909091,5,,,,,,,,,1,1,1,0.7,1.0
61,8,5,0.004648371147546576,0.38671875,5,,,,,,,,,1,1,1,0.7,1.0
61,9,8,0.01083664390532592,0.4125,5,,,,,,,,,1,1,1,0.7,1.0
61,10,4,0.0030267081689468824,0.375,4,,,,,,,,,1,1,1,0.7,1.0
61,11,3,0.001798234955708471,0.3378839590443686,3,,,,,,,,,1,1,1,0.7,1.0
61,12,12,0.03246531234079403,0.4714285714285714,5,,,,,,,,,1,1,1,0.7,1.0
61,13,7,0.009413152607664656,0.3944223107569721,5,,,,,,,,,1,1,1,0.7,1.0
61,14,10,0.02034681887297241,0.43612334801762115,5,,,,,,,,,1,1,1,0.7,1.0
61,15,9,0.022967970997341273,0.4125,5,,,,,,,,,1,1,1,0.7,1.0
61,16,3,0.0008141163676104925,0.3473684210526316,3,,,,,,,,,1,1,1,0.7,1.0
61,17,9,0.013710214410568368,0.4125,5,,,,,,,,,1,1,1,0.7,1.0
61,18,12,0.029269697836801636,0.4669811320754717,5,,,,,,,,,1,1,1,0.7,1.0
61,19,10,0.0202537925463073,0.4419642857142857,5,,,,,,,,,1,1,1,0.7,1.0
61,20,3,0.0021808142692860207,0.339041095890411,3,,,,,,,,,1,1,1,0.7,1.0
61,21,6,0.007542316400121865,0.39919354838709675,5,,,,,,,,,1,1,1,0.7,1.0
61,22,10,0.029376023808859605,0.43043478260869567,5,,,,,,,,,1,1,1,0.7,1.0
61,23,9,0.01864473712174515,0.4267241379310345,5,,,,,,,,,1,1,1,0.7,1.0
61,24,2,0.0,0.32038834951456313,2,,,,,,,,,1,1,1,0.7,1.0
61,25,5,0.0062320001243736595,0.38076923076923075,5,,,,,,,,,1,1,1,0.7,1.0
61,26,3,0.0011672780323125835,0.36,3,,,,,,,,,1,1,1,0.7,1.0
61,27,14,0.04032081334260075,0.4782608695652174,5,,,,,,,,,1,1,1,0.7,1.0
61,28,11,0.025196041378104415,0.4479638009049774,5,,,,,,,,,1,1,1,0.7,1.0
61,29,6,0.007148901888439518,0.391304347826087,5,,,,,,,,,1,1,1,0.7,1.0
61,30,6,0.007893523509131792,0.38671875,5,,,,,,,,,1,1,1,0.7,1.0
61,31,8,0.016685872476458252,0.4008097165991903,5,,,,,,,,,1,1,1,0.7,1.0
61,32,15,0.042175075381476565,0.47368421052631576,5,,,,,,,,,1,1,1,0.7,1.0
61,33,9,0.02012775183331944,0.4230769230769231,5,,,,,,,,,1,1,1,0.7,1.0
61,34,9,0.01841082522871394,0.4248927038626609,5,,,,,,,,,1,1,1,0.7,1.0
61,35,9,0.022128555021271912,0.42127659574468085,5,,,,,,,,,1,1,1,0.7,1.0
61,36,6,0.009052232439077976,0.4008097165991903,5,,,,,,,,,1,1,1,0.7,1.0
61,37,10,0.022884808637103175,0.4439461883408072,5,,,,,,,,,1,1,1,0.7,1.0
61,38,3,0.0011621659124968892,0.33559322033898303,3,,,,,,,,,1,1,1,0.7,1.0
61,39,7,0.009374462711473703,0.4125,5,,,,,,,,,1,1,1,0.7,1.0
61,40,7,0.010041046143858966,0.41422594142259417,5,,,,,,,,,1,1,1,0.7,1.0
61,41,8,0.01644273385424969,0.42127659574468085,5,,,,,,,,,1,1,1,0.7,1.0
61,42,7,0.008107386616062813,0.40408163265306124,5,,,,,,,,,1,1,1,0.7,1.0
61,43,8,0.014842540020111665,0.43805309734513276,5,,,,,,,,,1,1,1,0.7,1.0
61,44,9,0.019506962294465077,0.4194915254237288,5,,,,,,,,,1,1,1,0.7,1.0
61,45,8,0.015499166069116324,0.4090909090909091,5,,,,,,,,,1,1,1,0.7,1.0
61,46,7,0.009132084094994313,0.4107883817427386,5,,,,,,,,,1,1,1,0.7,1.0
61,47,8,0.01588333884215923,0.4008097165991903,5,,,,,,,,,1,1,1,0.7,1.0
61,48,8,0.013057353661506293,0.4194915254237288,5,,,,,,,,,1,1,1,0.7,1.0
61,49,10,0.022998126649215727,0.4342105263157895,5,,,,,,,,,1,1,1,0.7,1.0
61,50,10,0.0308143346441008,0.43805309734513276,5,,,,,,,,,1,1,1,0.7,1.0
61,51,14,0.03914697687093884,0.4714285714285714,5,,,,,,,,,1,1,1,0.7,1.0
61,52,5,0.008107289253582214,0.376425855513308,5,,,,,,,,,1,1,1,0.7,1.0
61,53,8,0.011537483487035103,0.4177215189873418,5,,,,,,,,,1,1,1,0.7,1.0
61,54,4,0.003793024144388423,0.3626373626373626,3,,,,,,,,,1,1,1,0.7,1.0
61,55,10,0.023237659776797134,0.4541284403669725,5,,,,,,,,,1,1,1,0.7,1.0
61,56,5,0.005797905192208366,0.37358490566037733,5,,,,,,,,,1,1,1,0.7,1.0
61,57,8,0.016349603863737225,0.4090909090909091,5,,,,,,,,,1,1,1,0.7,1.0
61,58,9,0.019899514796318962,0.4194915254237288,5,,,,,,,,,1,1,1,0.7,1.0
61,59,10,0.022085707361162835,0.4342105263157895,5,,,,,,,,,1,1,1,0.7,1.0
61,60,11,0.019807911567924382,0.43612334801762115,5,,,,,,,,,1,1,1,0.7,1.0
61,61,8,0.010424008924552612,0.4057377049180328,5,,,,,,,,,1,1,1,0.7,1.0
61,62,12,0.025946448104021823,0.45622119815668205,5,,,,,,,,,1,1,1,0.7,1.0
61,63,2,0.0005614126362425681,0.3344594594594595,2,,,,,,,,,1,1,1,0.7,1.0
61,64,9,0.01872332415682547,0.4267241379310345,5,,,,,,,,,1,1,1,0.7,1.0
61,65,12,0.031032488648889307,0.4520547945205479,5,,,,,,,,,1,1,1,0.7,1.0
61,66,6,0.0057761754226101384,0.38372093023255816,5,,,,,,,,,1,1,1,0.7,1.0
61,67,7,0.013160777951982968,0.42127659574468085,5,,,,,,,,,1,1,1,0.7,1.0
61,68,9,0.017227215239394276,0.4248927038626609,5,,,,,,,,,1,1,1,0.7,1.0
61,69,10,0.025227933667602773,0.4177215189873418,5,,,,,,,,,1,1,1,0.7,1.0
61,70,8,0.01387620475838911,0.4267241379310345,5,,,,,,,,,1,1,1,0.7,1.0
61,71,9,0.016185486162689472,0.41596638655462187,5,,,,,,,,,1,1,1,0.7,1.0
61,72,9,0.015273779864619004,0.43043478260869567,5,,,,,,,,,1,1,1,0.7,1.0
61,73,5,0.004078652941379849,0.375,5,,,,,,,,,1,1,1,0.7,1.0
61,74,9,0.018681489814624395,0.4125,5,,,,,,,,,1,1,1,0.7,1.0
61,75,9,0.0171208681049252,0.43231441048034935,5,,,,,,,,,1,1,1,0.7,1.0
61,76,9,0.014075601128570363,0.42127659574468085,5,,,,,,,,,1,1,1,0.7,1.0
61,77,10,0.01743825099569623,0.44,5,,,,,,,,,1,1,1,0.7,1.0
61,78,5,0.0038024049630668573,0.38976377952755903,5,,,,,,,,,1,1,1,0.7,1.0
61,79,6,0.003933385627379168,0.396,5,,,,,,,,,1,1,1,0.7,1.0
61,80,6,0.009540177285457217,0.38976377952755903,5,,,,,,,,,1,1,1,0.7,1.0
61,81,4,0.003878362412685233,0.3535714285714286,3,,,,,,,,,1,1,1,0.7,1.0
61,82,6,0.006102204291129582,0.3793103448275862,5,,,,,,,,,1,1,1,0.7,1.0
61,83,9,0.020811545403340872,0.4230769230769231,5,,,,,,,,,1,1,1,0.7,1.0
61,84,7,0.012843574800630352,0.38823529411764707,5,,,,,,,,,1,1,1,0.7,1.0
61,85,11,0.02311943072088779,0.43612334801762115,5,,,,,,,,,1,1,1,0.7,1.0
61,86,9,0.02249266760837428,0.4230769230769231,5,,,,,,,,,1,1,1,0.7,1.0
61,87,9,0.01288331850351868,0.4248927038626609,5,,,,,,,,,1,1,1,0.7,1.0
61,88,7,0.009293753449501873,0.4090909090909091,5,,,,,,,,,1,1,1,0.7,1.0
61,89,7,0.007638586484533018,0.4074074074074074,5,,,,,,,,,1,1,1,0.7,1.0
61,90,10,0.023171127747701463,0.43231441048034935,5,,,,,,,,,1,1,1,0.7,1.0
61,91,10,0.02595944987752483,0.4439461883408072,5,,,,,,,,,1,1,1,0.7,1.0
61,92,7,0.008537605041661208,0.4008097165991903,5,,,,,,,,,1,1,1,0.7,1.0
61,93,10,0.02616016778149733,0.4479638009049774,5,,,,,,,,,1,1,1,0.7,1.0
61,94,4,0.002824004922169769,0.36,4,,,,,,,,,1,1,1,0.7,1.0
61,95,6,0.0073059396014398675,0.4057377049180328,5,,,,,,,,,1,1,1,0.7,1.0
61,96,6,0.008292640749202327,0.391304347826087,5,,,,,,,,,1,1,1,0.7,1.0
61,97,7,0.012769970808459086,0.4090909090909091,5,,,,,,,,,1,1,1,0.7,1.0
61,98,9,0.016231205942319603,0.4267241379310345,5,,,,,,,,,1,1,1,0.7,1.0
61,99,10,0.02365500758389639,0.4177215189873418,5,,,,,,,,,1,1,1,0.7,1.0
62,0,12,0.027870177639501746,0.4439461883408072,5,,,,,,,,,1,1,1,0.7,1.0
62,1,6,0.008284928002406858,0.39759036144578314,5,,,,,,,,,1,1,1,0.7,1.0
62,2,6,0.007862988956379923,0.3944223107569721,5,,,,,,,,,1,1,1,0.7,1.0
62,3,7,0.009060616819988506,0.4125,5,,,,,,,,,1,1,1,0.7,1.0
62,4,7,0.011546566243780348,0.38372093023255816,5,,,,,,,,,1,1,1,0.7,1.0
62,5,6,0.007353821423085494,0.38823529411764707,5,,,,,,,,,1,1,1,0.7,1.0
62,6,8,0.016582929083409786,0.4024390243902439,5,,,,,,,,,1,1,1,0.7,1.0
62,7,7,0.01482499303979092,0.4090909090909091,5,,,,,,,,,1,1,1,0.7,1.0
62,8,5,0.004648371147546576,0.38671875,5,,,,,,,,,1,1,1,0.7,1.0
62,9,8,0.01083664390532592,0.4125,5,,,,,,,,,1,1,1,0.7,1.0
62,10,4,0.0030267081689468824,0.375,4,,,,,,,,,1,1,1,0.7,1.0
62,11,3,0.001798234955708471,0.3378839590443686,3,,,,,,,,,1,1,1,0.7,1.0
62,12,12,0.03246531234079403,0.4714285714285714,5,,,,,,,,,1,1,1,0.7,1.0
62,13,7,0.009413152607664656,0.3944223107569721,5,,,,,,,,,1,1,1,0.7,1.0
62,14,10,0.02034681887297241,0.43612334801762115,5,,,,,,,,,1,1,1,0.7,1.0
62,15,9,0.022967970997341273,0.4125,5,,,,,,,,,1,1,1,0.7,1.0
62,16,3,0.0008141163676104925,0.3473684210526316,3,,,,,,,,,1,1,1,0.7,1.0
62,17,9,0.013710214410568368,0.4125,5,,,,,,,,,1,1,1,0.7,1.0
62,18,12,0.029269697836801636,0.4669811320754717,5,,,,,,,,,1,1,1,0.7,1.0
62,19,10,0.0202537925463073,0.4419642857142857,5,,,,,,,,,1,1,1,0.7,1.0
62,20,3,0.0021808142692860207,0.339041095890411,3,,,,,,,,,1,1,1,0.7,1.0
62,21,6,0.007542316400121865,0.39919354838709675,5,,,,,,,,,1,1,1,0.7,1.0
62,22,10,0.029376023808859605,0.43043478260869567,5,,,,,,,,,1,1,1,0.7,1.0
62,23,9,0.01864473712174515,0.4267241379310345,5,,,,,,,,,1,1,1,0.7,1.0
62,24,2,0.0,0.32038834951456313,2,,,,,,,,,1,1,1,0.7,1.0
62,25,5,0.0062320001243736595,0.38076923076923075,5,,,,,,,,,1,1,1,0.7,1.0
62,26,3,0.0011672780323125835,0.36,3,,,,,,,,,1,1,1,0.7,1.0
62,27,14,0.04032081334260075,0.4782608695652174,5,,,,,,,,,1,1,1,0.7,1.0
62,28,11,0.025196041378104415,0.4479638009049774,5,,,,,,,,,1,1,1,0.7,1.0
62,29,6,0.007148901888439518,0.391304347826087,5,,,,,,,,,1,1,1,0.7,1.0
62,30,6,0.007893523509131792,0.38671875,5,,,,,,,,,1,1,1,0.7,1.0
62,31,8,0.016685872476458252,0.4008097165991903,5,,,,,,,,,1,1,1,0.7,1.0
62,32,15,0.042175075381476565,0.47368421052631576,5,,,,,,,,,1,1,1,0.7,1.0
62,33,9,0.02012775183331944,0.4230769230769231,5,,,,,,,,,1,1,1,0.7,1.0
62,34,9,0.01841082522871394,0.4248927038626609,5,,,,,,,,,1,1,1,0.7,1.0
62,35,9,0.022128555021271912,0.42127659574468085,5,,,,,,,,,1,1,1,0.7,1.0
62,36,6,0.009052232439077976,0.4008097165991903,5,,,,,,,,,1,1,1,0.7,1.0
62,37,10,0.022884808637103175,0.4439461883408072,5,,,,,,,,,1,1,1,0.7,1.0
62,38,3,0.0011621659124968892,0.33559322033898303,3,,,,,,,,,1,1,1,0.7,1.0
62,39,7,0.009374462711473703,0.4125,5,,,,,,,,,1,1,1,0.7,1.0
62,40,7,0.010041046143858966,0.41422594142259417,5,,,,,,,,,1,1,1,0.7,1.0
62,41,8,0.01644273385424969,0.42127659574468085,5,,,,,,,,,1,1,1,0.7,1.0
62,42,7,0.008107386616062813,0.40408163265306124,5,,,,,,,,,1,1,1,0.7,1.0
62,43,8,0.014842540020111665,0.43805309734513276,5,,,,,,,,,1,1,1,0.7,1.0
62,44,9,0.019506962294465077,0.4194915254237288,5,,,,,,,,,1,1,1,0.7,1.0
62,45,8,0.015499166069116324,0.4090909090909091,5,,,,,,,,,1,1,1,0.7,1.0
62,46,7,0.009132084094994313,0.4107883817427386,5,,,,,,,,,1,1,1,0.7,1.0
62,47,8,0.01588333884215923,0.4008097165991903,5,,,,,,,,,1,1,1,0.7,1.0
62,48,8,0.013057353661506293,0.4194915254237288,5,,,,,,,,,1,1,1,0.7,1.0
62,49,10,0.022998126649215727,0.4342105263157895,5,,,,,,,,,1,1,1,0.7,1.0
62,50,10,0.0308143346441008,0.43805309734513276,5,,,,,,,,,1,1,1,0.7,1.0
62,51,14,0.03914697687093884,0.4714285714285714,5,,,,,,,,,1,1,1,0.7,1.0
62,52,5,0.008107289253582214,0.376425855513308,5,,,,,,,,,1,1,1,0.7,1.0
62,53,8,0.011537483487035103,0.4177215189873418,5,,,,,,,,,1,1,1,0.7,1.0
62,54,4,0.003793024144388423,0.3626373626373626,3,,,,,,,,,1,1,1,0.7,1.0
62,55,10,0.023237659776797134,0.4541284403669725,5,,,,,,,,,1,1,1,0.7,1.0
62,56,5,0.005797905192208366,0.37358490566037733,5,,,,,,,,,1,1,1,0.7,1.0
62,57,8,0.016349603863737225,0.4090909090909091,5,,,,,,,,,1,1,1,0.7,1.0
62,58,9,0.019899514796318962,0.4194915254237288,5,,,,,,,,,1,1,1,0.7,1.0
62,59,10,0.022085707361162835,0.4342105263157895,5,,,,,,,,,1,1,1,0.7,1.0
62,60,11,0.019807911567924382,0.43612334801762115,5,,,,,,,,,1,1,1,0.7,1.0
62,61,8,0.010424008924552612,0.4057377049180328,5,,,,,,,,,1,1,1,0.7,1.0
62,62,12,0.025946448104021823,0.45622119815668205,5,,,,,,,,,1,1,1,0.7,1.0
62,63,2,0.0005614126362425681,0.3344594594594595,2,,,,,,,,,1,1,1,0.7,1.0
62,64,9,0.01872332415682547,0.4267241379310345,5,,,,,,,,,1,1,1,0.7,1.0
62,65,12,0.031032488648889307,0.4520547945205479,5,,,,,,,,,1,1,1,0.7,1.0
62,66,6,0.0057761754226101384,0.38372093023255816,5,,,,,,,,,1,1,1,0.7,1.0
62,67,7,0.013160777951982968,0.42127659574468085,5,,,,,,,,,1,1,1,0.7,1.0
62,68,9,0.017227215239394276,0.4248927038626609,5,,,,,,,,,1,1,1,0.7,1.0
62,69,10,0.025227933667602773,0.4177215189873418,5,,,,,,,,,1,1,1,0.7,1.0
62,70,8,0.01387620475838911,0.4267241379310345,5,,,,,,,,,1,1,1,0.7,1.0
62,71,9,0.016185486162689472,0.41596638655462187,5,,,,,,,,,1,1,1,0.7,1.0
62,72,9,0.015273779864619004,0.43043478260869567,5,,,,,,,,,1,1,1,0.7,1.0
62,73,5,0.004078652941379849,0.375,5,,,,,,,,,1,1,1,0.7,1.0
62,74,9,0.018681489814624395,0.4125,5,,,,,,,,,1,1,1,0.7,1.0
62,75,9,0.0171208681049252,0.43231441048034935,5,,,,,,,,,1,1,1,0.7,1.0
62,76,9,0.014075601128570363,0.42127659574468085,5,,,,,,,,,1,1,1,0.7,1.0
62,77,10,0.01743825099569623,0.44,5,,,,,,,,,1,1,1,0.7,1.0
62,78,5,0.0038024049630668573,0.38976377952755903,5,,,,,,,,,1,1,1,0.7,1.0
62,79,6,0.003933385627379168,0.396,5,,,,,,,,,1,1,1,0.7,1.0
62,80,6,0.009540177285457217,0.38976377952755903,5,,,,,,,,,1,1,1,0.7,1.0
62,81,4,0.003878362412685233,0.3535714285714286,3,,,,,,,,,1,1,1,0.7,1.0
62,82,6,0.006102204291129582,0.3793103448275862,5,,,,,,,,,1,1,1,0.7,1.0
62,83,9,0.020811545403340872,0.4230769230769231,5,,,,,,,,,1,1,1,0.7,1.0
62,84,7,0.012843574800630352,0.38823529411764707,5,,,,,,,,,1,1,1,0.7,1.0
62,85,11,0.02311943072088779,0.43612334801762115,5,,,,,,,,,1,1,1,0.7,1.0
62,86,9,0.02249266760837428,0.4230769230769231,5,,,,,,,,,1,1,1,0.7,1.0
62,87,9,0.01288331850351868,0.4248927038626609,5,,,,,,,,,1,1,1,0.7,1.0
62,88,7,0.009293753449501873,0.4090909090909091,5,,,,,,,,,1,1,1,0.7,1.0
62,89,7,0.007638586484533018,0.4074074074074074,5,,,,,,,,,1,1,1,0.7,1.0
62,90,10,0.023171127747701463,0.43231441048034935,5,,,,,,,,,1,1,1,0.7,1.0
62,91,10,0.02595944987752483,0.4439461883408072,5,,,,,,,,,1,1,1,0.7,1.0
62,92,7,0.008537605041661208,0.4008097165991903,5,,,,,,,,,1,1,1,0.7,1.0
62,93,10,0.02616016778149733,0.4479638009049774,5,,,,,,,,,1,1,1,0.7,1.0
62,94,4,0.002824004922169769,0.36,4,,,,,,,,,1,1,1,0.7,1.0
62,95,6,0.0073059396014398675,0.4057377049180328,5,,,,,,,,,1,1,1,0.7,1.0
62,96,6,0.008292640749202327,0.391304347826087,5,,,,,,,,,1,1,1,0.7,1.0
62,97,7,0.012769970808459086,0.4090909090909091,5,,,,,,,,,1,1,1,0.7,1.0
62,98,9,0.016231205942319603,0.4267241379310345,5,,,,,,,,,1,1,1,0.7,1.0
62,99,10,0.02365500758389639,0.4177215189873418,5,,,,,,,,,1,1,1,0.7,1.0
63,0,12,0.027870177639501746,0.4439461883408072,5,,,,,,,,,1,1,1,0.7,1.0
63,1,6,0.008284928002406858,0.39759036144578314,5,,,,,,,,,1,1,1,0.7,1.0
63,2,6,0.007862988956379923,0.3944223107569721,5,,,,,,,,,1,1,1,0.7,1.0
63,3,7,0.009060616819988506,0.4125,5,,,,,,,,,1,1,1,0.7,1.0
63,4,7,0.011546566243780348,0.38372093023255816,5,,,,,,,,,1,1,1,0.7,1.0
63,5,6,0.007353821423085494,0.38823529411764707,5,,,,,,,,,1,1,1,0.7,1.0
63,6,8,0.016582929083409786,0.4024390243902439,5,,,,,,,,,1,1,1,0.7,1.0
63,7,7,0.01482499303979092,0.4090909090909091,5,,,,,,,,,1,1,1,0.7,1.0
63,8,5,0.004648371147546576,0.38671875,5,,,,,,,,,1,1,1,0.7,1.0
63,9,8,0.01083664390532592,0.4125,5,,,,,,,,,1,1,1,0.7,1.0
63,10,4,0.0030267081689468824,0.375,4,,,,,,,,,1,1,1,0.7,1.0
63,11,3,0.001798234955708471,0.3378839590443686,3,,,,,,,,,1,1,1,0.7,1.0
63,12,12,0.03246531234079403,0.4714285714285714,5,,,,,,,,,1,1,1,0.7,1.0
63,13,7,0.009413152607664656,0.3944223107569721,5,,,,,,,,,1,1,1,0.7,1.0
63,14,10,0.02034681887297241,0.43612334801762115,5,,,,,,,,,1,1,1,0.7,1.0
63,15,9,0.022967970997341273,0.4125,5,,,,,,,,,1,1,1,0.7,1.0
63,16,3,0.0008141163676104925,0.3473684210526316,3,,,,,,,,,1,1,1,0.7,1.0
63,17,9,0.013710214410568368,0.4125,5,,,,,,,,,1,1,1,0.7,1.0
63,18,12,0.029269697836801636,0.4669811320754717,5,,,,,,,,,1,1,1,0.7,1.0
63,19,10,0.0202537925463073,0.4419642857142857,5,,,,,,,,,1,1,1,0.7,1.0
63,20,3,0.0021808142692860207,0.339041095890411,3,,,,,,,,,1,1,1,0.7,1.0
63,21,6,0.007542316400121865,0.39919354838709675,5,,,,,,,,,1,1,1,0.7,1.0
63,22,10,0.029376023808859605,0.43043478260869567,5,,,,,,,,,1,1,1,0.7,1.0
63,23,9,0.01864473712174515,0.4267241379310345,5,,,,,,,,,1,1,1,0.7,1.0
63,24,2,0.0,0.32038834951456313,2,,,,,,,,,1,1,1,0.7,1.0
63,25,5,0.0062320001243736595,0.38076923076923075,5,,,,,,,,,1,1,1,0.7,1.0
63,26,3,0.0011672780323125835,0.36,3,,,,,,,,,1,1,1,0.7,1.0
63,27,14,0.04032081334260075,0.4782608695652174,5,,,,,,,,,1,1,1,0.7,1.0
63,28,11,0.025196041378104415,0.4479638009049774,5,,,,,,,,,1,1,1,0.7,1.0
63,29,6,0.007148901888439518,0.391304347826087,5,,,,,,,,,1,1,1,0.7,1.0
63,30,6,0.007893523509131792,0.38671875,5,,,,,,,,,1,1,1,0.7,1.0
63,31,8,0.016685872476458252,0.4008097165991903,5,,,,,,,,,1,1,1,0.7,1.0
63,32,15,0.042175075381476565,0.47368421052631576,5,,,,,,,,,1,1,1,0.7,1.0
63,33,9,0.02012775183331944,0.4230769230769231,5,,,,,,,,,1,1,1,0.7,1.0
63,34,9,0.01841082522871394,0.4248927038626609,5,,,,,,,,,1,1,1,0.7,1.0
63,35,9,0.022128555021271912,0.42127659574468085,5,,,,,,,,,1,1,1,0.7,1.0
63,36,6,0.009052232439077976,0.4008097165991903,5,,,,,,,,,1,1,1,0.7,1.0
63,37,10,0.022884808637103175,0.4439461883408072,5,,,,,,,,,1,1,1,0.7,1.0
63,38,3,0.0011621659124968892,0.33559322033898303,3,,,,,,,,,1,1,1,0.7,1.0
63,39,7,0.009374462711473703,0.4125,5,,,,,,,,,1,1,1,0.7,1.0
63,40,7,0.010041046143858966,0.41422594142259417,5,,,,,,,,,1,1,1,0.7,1.0
63,41,8,0.01644273385424969,0.42127659574468085,5,,,,,,,,,1,1,1,0.7,1.0
63,42,7,0.008107386616062813,0.40408163265306124,5,,,,,,,,,1,1,1,0.7,1.0
63,43,8,0.014842540020111665,0.43805309734513276,5,,,,,,,,,1,1,1,0.7,1.0
63,44,9,0.019506962294465077,0.4194915254237288,5,,,,,,,,,1,1,1,0.7,1.0
63,45,8,0.015499166069116324,0.4090909090909091,5,,,,,,,,,1,1,1,0.7,1.0
63,46,7,0.009132084094994313,0.4107883817427386,5,,,,,,,,,1,1,1,0.7,1.0
63,47,8,0.01588333884215923,0.4008097165991903,5,,,,,,,,,1,1,1,0.7,1.0
63,48,8,0.013057353661506293,0.4194915254237288,5,,,,,,,,,1,1,1,0.7,1.0
63,49,10,0.022998126649215727,0.4342105263157895,5,,,,,,,,,1,1,1,0.7,1.0
63,50,10,0.0308143346441008,0.43805309734513276,5,,,,,,,,,1,1,1,0.7,1.0
63,51,14,0.03914697687093884,0.4714285714285714,5,,,,,,,,,1,1,1,0.7,1.0
63,52,5,0.008107289253582214,0.376425855513308,5,,,,,,,,,1,1,1,0.7,1.0
63,53,8,0.011537483487035103,0.4177215189873418,5,,,,,,,,,1,1,1,0.7,1.0
63,54,4,0.003793024144388423,0.3626373626373626,3,,,,,,,,,1,1,1,0.7,1.0
63,55,10,0.023237659776797134,0.4541284403669725,5,,,,,,,,,1,1,1,0.7,1.0
63,56,5,0.005797905192208366,0.37358490566037733,5,,,,,,,,,1,1,1,0.7,1.0
63,57,8,0.016349603863737225,0.4090909090909091,5,,,,,,,,,1,1,1,0.7,1.0
63,58,9,0.019899514796318962,0.4194915254237288,5,,,,,,,,,1,1,1,0.7,1.0
63,59,10,0.022085707361162835,0.4342105263157895,5,,,,,,,,,1,1,1,0.7,1.0
63,60,11,0.019807911567924382,0.43612334801762115,5,,,,,,,,,1,1,1,0.7,1.0
63,61,8,0.010424008924552612,0.4057377049180328,5,,,,,,,,,1,1,1,0.7,1.0
63,62,12,0.025946448104021823,0.45622119815668205,5,,,,,,,,,1,1,1,0.7,1.0
63,63,2,0.0005614126362425681,0.3344594594594595,2,,,,,,,,,1,1,1,0.7,1.0
63,64,9,0.01872332415682547,0.4267241379310345,5,,,,,,,,,1,1,1,0.7,1.0
63,65,12,0.031032488648889307,0.4520547945205479,5,,,,,,,,,1,1,1,0.7,1.0
63,66,6,0.0057761754226101384,0.38372093023255816,5,,,,,,,,,1,1,1,0.7,1.0
63,67,7,0.013160777951982968,0.42127659574468085,5,,,,,,,,,1,1,1,0.7,1.0
63,68,9,0.017227215239394276,0.4248927038626609,5,,,,,,,,,1,1,1,0.7,1.0
63,69,10,0.025227933667602773,0.4177215189873418,5,,,,,,,,,1,1,1,0.7,1.0
63,70,8,0.01387620475838911,0.4267241379310345,5,,,,,,,,,1,1,1,0.7,1.0
63,71,9,0.016185486162689472,0.41596638655462187,5,,,,,,,,,1,1,1,0.7,1.0
63,72,9,0.015273779864619004,0.43043478260869567,5,,,,,,,,,1,1,1,0.7,1.0
63,73,5,0.004078652941379849,0.375,5,,,,,,,,,1,1,1,0.7,1.0
63,74,9,0.018681489814624395,0.4125,5,,,,,,,,,1,1,1,0.7,1.0
63,75,9,0.0171208681049252,0.43231441048034935,5,,,,,,,,,1,1,1,0.7,1.0
63,76,9,0.014075601128570363,0.42127659574468085,5,,,,,,,,,1,1,1,0.7,1.0
63,77,10,0.01743825099569623,0.44,5,,,,,,,,,1,1,1,0.7,1.0
63,78,5,0.0038024049630668573,0.38976377952755903,5,,,,,,,,,1,1,1,0.7,1.0
63,79,6,0.003933385627379168,0.396,5,,,,,,,,,1,1,1,0.7,1.0
63,80,6,0.009540177285457217,0.38976377952755903,5,,,,,,,,,1,1,1,0.7,1.0
63,81,4,0.003878362412685233,0.3535714285714286,3,,,,,,,,,1,1,1,0.7,1.0
63,82,6,0.006102204291129582,0.3793103448275862,5,,,,,,,,,1,1,1,0.7,1.0
63,83,9,0.020811545403340872,0.4230769230769231,5,,,,,,,,,1,1,1,0.7,1.0
63,84,7,0.012843574800630352,0.38823529411764707,5,,,,,,,,,1,1,1,0.7,1.0
63,85,11,0.02311943072088779,0.43612334801762115,5,,,,,,,,,1,1,1,0.7,1.0
63,86,9,0.02249266760837428,0.4230769230769231,5,,,,,,,,,1,1,1,0.7,1.0
63,87,9,0.01288331850351868,0.4248927038626609,5,,,,,,,,,1,1,1,0.7,1.0
63,88,7,0.009293753449501873,0.4090909090909091,5,,,,,,,,,1,1,1,0.7,1.0
63,89,7,0.007638586484533018,0.4074074074074074,5,,,,,,,,,1,1,1,0.7,1.0
63,90,10,0.023171127747701463,0.43231441048034935,5,,,,,,,,,1,1,1,0.7,1.0
63,91,10,0.02595944987752483,0.4439461883408072,5,,,,,,,,,1,1,1,0.7,1.0
63,92,7,0.008537605041661208,0.4008097165991903,5,,,,,,,,,1,1,1,0.7,1.0
63,93,10,0.02616016778149733,0.4479638009049774,5,,,,,,,,,1,1,1,0.7,1.0
63,94,4,0.002824004922169769,0.36,4,,,,,,,,,1,1,1,0.7,1.0
63,95,6,0.0073059396014398675,0.4057377049180328,5,,,,,,,,,1,1,1,0.7,1.0
63,96,6,0.008292640749202327,0.391304347826087,5,,,,,,,,,1,1,1,0.7,1.0
63,97,7,0.012769970808459086,0.4090909090909091,5,,,,,,,,,1,1,1,0.7,1.0
63,98,9,0.016231205942319603,0.4267241379310345,5,,,,,,,,,1,1,1,0.7,1.0
63,99,10,0.02365500758389639,0.4177215189873418,5,,,,,,,,,1,1,1,0.7,1.0
64,0,12,0.027870177639501746,0.4439461883408072,5,,,,,,,,,1,1,1,0.7,1.0
64,1,6,0.008284928002406858,0.39759036144578314,5,,,,,,,,,1,1,1,0.7,1.0
64,2,6,0.007862988956379923,0.3944223107569721,5,,,,,,,,,1,1,1,0.7,1.0
64,3,7,0.009060616819988506,0.4125,5,,,,,,,,,1,1,1,0.7,1.0
64,4,7,0.011546566243780348,0.38372093023255816,5,,,,,,,,,1,1,1,0.7,1.0
64,5,6,0.007353821423085494,0.38823529411764707,5,,,,,,,,,1,1,1,0.7,1.0
64,6,8,0.016582929083409786,0.4024390243902439,5,,,,,,,,,1,1,1,0.7,1.0
64,7,7,0.01482499303979092,0.4090909090909091,5,,,,,,,,,1,1,1,0.7,1.0
64,8,5,0.004648371147546576,0.38671875,5,,,,,,,,,1,1,1,0.7,1.0
64,9,8,0.01083664390532592,0.4125,5,,,,,,,,,1,1,1,0.7,1.0
64,10,4,0.0030267081689468824,0.375,4,,,,,,,,,1,1,1,0.7,1.0
64,11,3,0.001798234955708471,0.3378839590443686,3,,,,,,,,,1,1,1,0.7,1.0
64,12,12,0.03246531234079403,0.4714285714285714,5,,,,,,,,,1,1,1,0.7,1.0
64,13,7,0.009413152607664656,0.3944223107569721,5,,,,,,,,,1,1,1,0.7,1.0
64,14,10,0.02034681887297241,0.43612334801762115,5,,,,,,,,,1,1,1,0.7,1.0
64,15,9,0.022967970997341273,0.4125,5,,,,,,,,,1,1,1,0.7,1.0
64,16,3,0.0008141163676104925,0.3473684210526316,3,,,,,,,,,1,1,1,0.7,1.0
64,17,9,0.013710214410568368,0.4125,5,,,,,,,,,1,1,1,0.7,1.0
64,18,12,0.029269697836801636,0.4669811320754717,5,,,,,,,,,1,1,1,0.7,1.0
64,19,10,0.0202537925463073,0.4419642857142857,5,,,,,,,,,1,1,1,0.7,1.0
64,20,3,0.0021808142692860207,0.339041095890411,3,,,,,,,,,1,1,1,0.7,1.0
64,21,6,0.007542316400121865,0.39919354838709675,5,,,,,,,,,1,1,1,0.7,1.0
64,22,10,0.029376023808859605,0.43043478260869567,5,,,,,,,,,1,1,1,0.7,1.0
64,23,9,0.01864473712174515,0.4267241379310345,5,,,,,,,,,1,1,1,0.7,1.0
64,24,2,0.0,0.32038834951456313,2,,,,,,,,,1,1,1,0.7,1.0
64,25,5,0.0062320001243736595,0.38076923076923075,5,,,,,,,,,1,1,1,0.7,1.0
64,26,3,0.0011672780323125835,0.36,3,,,,,,,,,1,1,1,0.7,1.0
64,27,14,0.04032081334260075,0.4782608695652174,5,,,,,,,,,1,1,1,0.7,1.0
64,28,11,0.025196041378104415,0.4479638009049774,5,,,,,,,,,1,1,1,0.7,1.0
64,29,6,0.007148901888439518,0.391304347826087,5,,,,,,,,,1,1,1,0.7,1.0
64,30,6,0.007893523509131792,0.38671875,5,,,,,,,,,1,1,1,0.7,1.0
64,31,8,0.016685872476458252,0.4008097165991903,5,,,,,,,,,1,1,1,0.7,1.0
64,32,15,0.042175075381476565,0.47368421052631576,5,,,,,,,,,1,1,1,0.7,1.0
64,33,9,0.02012775183331944,0.4230769230769231,5,,,,,,,,,1,1,1,0.7,1.0
64,34,9,0.01841082522871394,0.4248927038626609,5,,,,,,,,,1,1,1,0.7,1.0
64,35,9,0.022128555021271912,0.42127659574468085,5,,,,,,,,,1,1,1,0.7,1.0
64,36,6,0.009052232439077976,0.4008097165991903,5,,,,,,,,,1,1,1,0.7,1.0
64,37,10,0.022884808637103175,0.4439461883408072,5,,,,,,,,,1,1,1,0.7,1.0
64,38,3,0.0011621659124968892,0.33559322033898303,3,,,,,,,,,1,1,1,0.7,1.0
64,39,7,0.009374462711473703,0.4125,5,,,,,,,,,1,1,1,0.7,1.0
64,40,7,0.010041046143858966,0.41422594142259417,5,,,,,,,,,1,1,1,0.7,1.0
64,41,8,0.01644273385424969,0.42127659574468085,5,,,,,,,,,1,1,1,0.7,1.0
64,42,7,0.008107386616062813,0.40408163265306124,5,,,,,,,,,1,1,1,0.7,1.0
64,43,8,0.014842540020111665,0.43805309734513276,5,,,,,,,,,1,1,1,0.7,1.0
64,44,9,0.019506962294465077,0.4194915254237288,5,,,,,,,,,1,1,1,0.7,1.0
64,45,8,0.015499166069116324,0.4090909090909091,5,,,,,,,,,1,1,1,0.7,1.0
64,46,7,0.009132084094994313,0.4107883817427386,5,,,,,,,,,1,1,1,0.7,1.0
64,47,8,0.01588333884215923,0.4008097165991903,5,,,,,,,,,1,1,1,0.7,1.0
64,48,8,0.013057353661506293,0.4194915254237288,5,,,,,,,,,1,1,1,0.7,1.0
64,49,10,0.022998126649215727,0.4342105263157895,5,,,,,,,,,1,1,1,0.7,1.0
64,50,10,0.0308143346441008,0.43805309734513276,5,,,,,,,,,1,1,1,0.7,1.0
64,51,14,0.03914697687093884,0.4714285714285714,5,,,,,,,,,1,1,1,0.7,1.0
64,52,5,0.008107289253582214,0.376425855513308,5,,,,,,,,,1,1,1,0.7,1.0
64,53,8,0.011537483487035103,0.4177215189873418,5,,,,,,,,,1,1,1,0.7,1.0
64,54,4,0.003793024144388423,0.3626373626373626,3,,,,,,,,,1,1,1,0.7,1.0
64,55,10,0.023237659776797134,0.4541284403669725,5,,,,,,,,,1,1,1,0.7,1.0
64,56,5,0.005797905192208366,0.37358490566037733,5,,,,,,,,,1,1,1,0.7,1.0
64,57,8,0.016349603863737225,0.4090909090909091,5,,,,,,,,,1,1,1,0.7,1.0
64,58,9,0.019899514796318962,0.4194915254237288,5,,,,,,,,,1,1,1,0.7,1.0
64,59,10,0.022085707361162835,0.4342105263157895,5,,,,,,,,,1,1,1,0.7,1.0
64,60,11,0.019807911567924382,0.43612334801762115,5,,,,,,,,,1,1,1,0.7,1.0
64,61,8,0.010424008924552612,0.4057377049180328,5,,,,,,,,,1,1,1,0.7,1.0
64,62,12,0.025946448104021823,0.45622119815668205,5,,,,,,,,,1,1,1,0.7,1.0
64,63,2,0.0005614126362425681,0.3344594594594595,2,,,,,,,,,1,1,1,0.7,1.0
64,64,9,0.01872332415682547,0.4267241379310345,5,,,,,,,,,1,1,1,0.7,1.0
64,65,12,0.031032488648889307,0.4520547945205479,5,,,,,,,,,1,1,1,0.7,1.0
64,66,6,0.0057761754226101384,0.38372093023255816,5,,,,,,,,,1,1,1,0.7,1.0
64,67,7,0.013160777951982968,0.42127659574468085,5,,,,,,,,,1,1,1,0.7,1.0
64,68,9,0.017227215239394276,0.4248927038626609,5,,,,,,,,,1,1,1,0.7,1.0
64,69,10,0.025227933667602773,0.4177215189873418,5,,,,,,,,,1,1,1,0.7,1.0
64,70,8,0.01387620475838911,0.4267241379310345,5,,,,,,,,,1,1,1,0.7,1.0
64,71,9,0.016185486162689472,0.41596638655462187,5,,,,,,,,,1,1,1,0.7,1.0
64,72,9,0.015273779864619004,0.43043478260869567,5,,,,,,,,,1,1,1,0.7,1.0
64,73,5,0.004078652941379849,0.375,5,,,,,,,,,1,1,1,0.7,1.0
64,74,9,0.018681489814624395,0.4125,5,,,,,,,,,1,1,1,0.7,1.0
64,75,9,0.0171208681049252,0.43231441048034935,5,,,,,,,,,1,1,1,0.7,1.0
64,76,9,0.014075601128570363,0.42127659574468085,5,,,,,,,,,1,1,1,0.7,1.0
64,77,10,0.01743825099569623,0.44,5,,,,,,,,,1,1,1,0.7,1.0
64,78,5,0.0038024049630668573,0.38976377952755903,5,,,,,,,,,1,1,1,0.7,1.0
64,79,6,0.003933385627379168,0.396,5,,,,,,,,,1,1,1,0.7,1.0
64,80,6,0.009540177285457217,0.38976377952755903,5,,,,,,,,,1,1,1,0.7,1.0
64,81,4,0.003878362412685233,0.3535714285714286,3,,,,,,,,,1,1,1,0.7,1.0
64,82,6,0.006102204291129582,0.3793103448275862,5,,,,,,,,,1,1,1,0.7,1.0
64,83,9,0.020811545403340872,0.4230769230769231,5,,,,,,,,,1,1,1,0.7,1.0
64,84,7,0.012843574800630352,0.38823529411764707,5,,,,,,,,,1,1,1,0.7,1.0
64,85,11,0.02311943072088779,0.43612334801762115,5,,,,,,,,,1,1,1,0.7,1.0
64,86,9,0.02249266760837428,0.4230769230769231,5,,,,,,,,,1,1,1,0.7,1.0
64,87,9,0.01288331850351868,0.4248927038626609,5,,,,,,,,,1,1,1,0.7,1.0
64,88,7,0.009293753449501873,0.4090909090909091,5,,,,,,,,,1,1,1,0.7,1.0
64,89,7,0.007638586484533018,0.4074074074074074,5,,,,,,,,,1,1,1,0.7,1.0
64,90,10,0.023171127747701463,0.43231441048034935,5,,,,,,,,,1,1,1,0.7,1.0
64,91,10,0.02595944987752483,0.4439461883408072,5,,,,,,,,,1,1,1,0.7,1.0
64,92,7,0.008537605041661208,0.4008097165991903,5,,,,,,,,,1,1,1,0.7,1.0
64,93,10,0.02616016778149733,0.4479638009049774,5,,,,,,,,,1,1,1,0.7,1.0
64,94,4,0.002824004922169769,0.36,4,,,,,,,,,1,1,1,0.7,1.0
64,95,6,0.0073059396014398675,0.4057377049180328,5,,,,,,,,,1,1,1,0.7,1.0
64,96,6,0.008292640749202327,0.391304347826087,5,,,,,,,,,1,1,1,0.7,1.0
64,97,7,0.012769970808459086,0.4090909090909091,5,,,,,,,,,1,1,1,0.7,1.0
64,98,9,0.016231205942319603,0.4267241379310345,5,,,,,,,,,1,1,1,0.7,1.0
64,99,10,0.02365500758389639,0.4177215189873418,5,,,,,,,,,1,1,1,0.7,1.0
65,0,12,0.027870177639501746,0.4439461883408072,5,,,,,,,,,1,1,1,0.7,1.0
65,1,6,0.008284928002406858,0.39759036144578314,5,,,,,,,,,1,1,1,0.7,1.0
65,2,6,0.007862988956379923,0.3944223107569721,5,,,,,,,,,1,1,1,0.7,1.0
65,3,7,0.009060616819988506,0.4125,5,,,,,,,,,1,1,1,0.7,1.0
65,4,7,0.011546566243780348,0.38372093023255816,5,,,,,,,,,1,1,1,0.7,1.0
65,5,6,0.007353821423085494,0.38823529411764707,5,,,,,,,,,1,1,1,0.7,1.0
65,6,8,0.016582929083409786,0.4024390243902439,5,,,,,,,,,1,1,1,0.7,1.0
65,7,7,0.01482499303979092,0.4090909090909091,5,,,,,,,,,1,1,1,0.7,1.0
65,8,5,0.004648371147546576,0.38671875,5,,,,,,,,,1,1,1,0.7,1.0
65,9,8,0.01083664390532592,0.4125,5,,,,,,,,,1,1,1,0.7,1.0
65,10,4,0.0030267081689468824,0.375,4,,,,,,,,,1,1,1,0.7,1.0
65,11,3,0.001798234955708471,0.3378839590443686,3,,,,,,,,,1,1,1,0.7,1.0
65,12,12,0.03246531234079403,0.4714285714285714,5,,,,,,,,,1,1,1,0.7,1.0
65,13,7,0.009413152607664656,0.3944223107569721,5,,,,,,,,,1,1,1,0.7,1.0
65,14,10,0.02034681887297241,0.43612334801762115,5,,,,,,,,,1,1,1,0.7,1.0
65,15,9,0.022967970997341273,0.4125,5,,,,,,,,,1,1,1,0.7,1.0
65,16,3,0.0008141163676104925,0.3473684210526316,3,,,,,,,,,1,1,1,0.7,1.0
65,17,9,0.013710214410568368,0.4125,5,,,,,,,,,1,1,1,0.7,1.0
65,18,12,0.029269697836801636,0.4669811320754717,5,,,,,,,,,1,1,1,0.7,1.0
65,19,10,0.0202537925463073,0.4419642857142857,5,,,,,,,,,1,1,1,0.7,1.0
65,20,3,0.0021808142692860207,0.339041095890411,3,,,,,,,,,1,1,1,0.7,1.0
65,21,6,0.007542316400121865,0.39919354838709675,5,,,,,,,,,1,1,1,0.7,1.0
65,22,10,0.029376023808859605,0.43043478260869567,5,,,,,,,,,1,1,1,0.7,1.0
65,23,9,0.01864473712174515,0.4267241379310345,5,,,,,,,,,1,1,1,0.7,1.0
65,24,2,0.0,0.32038834951456313,2,,,,,,,,,1,1,1,0.7,1.0
65,25,5,0.0062320001243736595,0.38076923076923075,5,,,,,,,,,1,1,1,0.7,1.0
65,26,3,0.0011672780323125835,0.36,3,,,,,,,,,1,1,1,0.7,1.0
65,27,14,0.04032081334260075,0.4782608695652174,5,,,,,,,,,1,1,1,0.7,1.0
65,28,11,0.025196041378104415,0.4479638009049774,5,,,,,,,,,1,1,1,0.7,1.0
65,29,6,0.007148901888439518,0.391304347826087,5,,,,,,,,,1,1,1,0.7,1.0
65,30,6,0.007893523509131792,0.38671875,5,,,,,,,,,1,1,1,0.7,1.0
65,31,8,0.016685872476458252,0.4008097165991903,5,,,,,,,,,1,1,1,0.7,1.0
65,32,15,0.042175075381476565,0.47368421052631576,5,,,,,,,,,1,1,1,0.7,1.0
65,33,9,0.02012775183331944,0.4230769230769231,5,,,,,,,,,1,1,1,0.7,1.0
65,34,9,0.01841082522871394,0.4248927038626609,5,,,,,,,,,1,1,1,0.7,1.0
65,35,9,0.022128555021271912,0.42127659574468085,5,,,,,,,,,1,1,1,0.7,1.0
65,36,6,0.009052232439077976,0.4008097165991903,5,,,,,,,,,1,1,1,0.7,1.0
65,37,10,0.022884808637103175,0.4439461883408072,5,,,,,,,,,1,1,1,0.7,1.0
65,38,3,0.0011621659124968892,0.33559322033898303,3,,,,,,,,,1,1,1,0.7,1.0
65,39,7,0.009374462711473703,0.4125,5,,,,,,,,,1,1,1,0.7,1.0
65,40,7,0.010041046143858966,0.41422594142259417,5,,,,,,,,,1,1,1,0.7,1.0
65,41,8,0.01644273385424969,0.42127659574468085,5,,,,,,,,,1,1,1,0.7,1.0
65,42,7,0.008107386616062813,0.40408163265306124,5,,,,,,,,,1,1,1,0.7,1.0
65,43,8,0.014842540020111665,0.43805309734513276,5,,,,,,,,,1,1,1,0.7,1.0
65,44,9,0.019506962294465077,0.4194915254237288,5,,,,,,,,,1,1,1,0.7,1.0
65,45,8,0.015499166069116324,0.4090909090909091,5,,,,,,,,,1,1,1,0.7,1.0
65,46,7,0.009132084094994313,0.4107883817427386,5,,,,,,,,,1,1,1,0.7,1.0
65,47,8,0.01588333884215923,0.4008097165991903,5,,,,,,,,,1,1,1,0.7,1.0
65,48,8,0.013057353661506293,0.4194915254237288,5,,,,,,,,,1,1,1,0.7,1.0
65,49,10,0.022998126649215727,0.4342105263157895,5,,,,,,,,,1,1,1,0.7,1.0
65,50,10,0.0308143346441008,0.43805309734513276,5,,,,,,,,,1,1,1,0.7,1.0
65,51,14,0.03914697687093884,0.4714285714285714,5,,,,,,,,,1,1,1,0.7,1.0
65,52,5,0.008107289253582214,0.376425855513308,5,,,,,,,,,1,1,1,0.7,1.0
65,53,8,0.011537483487035103,0.4177215189873418,5,,,,,,,,,1,1,1,0.7,1.0
65,54,4,0.003793024144388423,0.3626373626373626,3,,,,,,,,,1,1,1,0.7,1.0
65,55,10,0.023237659776797134,0.4541284403669725,5,,,,,,,,,1,1,1,0.7,1.0
65,56,5,0.005797905192208366,0.37358490566037733,5,,,,,,,,,1,1,1,0.7,1.0
65,57,8,0.016349603863737225,0.4090909090909091,5,,,,,,,,,1,1,1,0.7,1.0
65,58,9,0.019899514796318962,0.4194915254237288,5,,,,,,,,,1,1,1,0.7,1.0
65,59,10,0.022085707361162835,0.4342105263157895,5,,,,,,,,,1,1,1,0.7,1.0
65,60,11,0.019807911567924382,0.43612334801762115,5,,,,,,,,,1,1,1,0.7,1.0
65,61,8,0.010424008924552612,0.4057377049180328,5,,,,,,,,,1,1,1,0.7,1.0
65,62,12,0.025946448104021823,0.45622119815668205,5,,,,,,,,,1,1,1,0.7,1.0
65,63,2,0.0005614126362425681,0.3344594594594595,2,,,,,,,,,1,1,1,0.7,1.0
65,64,9,0.01872332415682547,0.4267241379310345,5,,,,,,,,,1,1,1,0.7,1.0
65,65,12,0.031032488648889307,0.4520547945205479,5,,,,,,,,,1,1,1,0.7,1.0
65,66,6,0.0057761754226101384,0.38372093023255816,5,,,,,,,,,1,1,1,0.7,1.0
65,67,7,0.013160777951982968,0.42127659574468085,5,,,,,,,,,1,1,1,0.7,1.0
65,68,9,0.017227215239394276,0.4248927038626609,5,,,,,,,,,1,1,1,0.7,1.0
65,69,10,0.025227933667602773,0.4177215189873418,5,,,,,,,,,1,1,1,0.7,1.0
65,70,8,0.01387620475838911,0.4267241379310345,5,,,,,,,,,1,1,1,0.7,1.0
65,71,9,0.016185486162689472,0.41596638655462187,5,,,,,,,,,1,1,1,0.7,1.0
65,72,9,0.015273779864619004,0.43043478260869567,5,,,,,,,,,1,1,1,0.7,1.0
65,73,5,0.004078652941379849,0.375,5,,,,,,,,,1,1,1,0.7,1.0
65,74,9,0.018681489814624395,0.4125,5,,,,,,,,,1,1,1,0.7,1.0
65,75,9,0.0171208681049252,0.43231441048034935,5,,,,,,,,,1,1,1,0.7,1.0
65,76,9,0.014075601128570363,0.42127659574468085,5,,,,,,,,,1,1,1,0.7,1.0
65,77,10,0.01743825099569623,0.44,5,,,,,,,,,1,1,1,0.7,1.0
65,78,5,0.0038024049630668573,0.38976377952755903,5,,,,,,,,,1,1,1,0.7,1.0
65,79,6,0.003933385627379168,0.396,5,,,,,,,,,1,1,1,0.7,1.0
65,80,6,0.009540177285457217,0.38976377952755903,5,,,,,,,,,1,1,1,0.7,1.0
65,81,4,0.003878362412685233,0.3535714285714286,3,,,,,,,,,1,1,1,0.7,1.0
65,82,6,0.006102204291129582,0.3793103448275862,5,,,,,,,,,1,1,1,0.7,1.0
65,83,9,0.020811545403340872,0.4230769230769231,5,,,,,,,,,1,1,1,0.7,1.0
65,84,7,0.012843574800630352,0.38823529411764707,5,,,,,,,,,1,1,1,0.7,1.0
65,85,11,0.02311943072088779,0.43612334801762115,5,,,,,,,,,1,1,1,0.7,1.0
65,86,9,0.02249266760837428,0.4230769230769231,5,,,,,,,,,1,1,1,0.7,1.0
65,87,9,0.01288331850351868,0.4248927038626609,5,,,,,,,,,1,1,1,0.7,1.0
65,88,7,0.009293753449501873,0.4090909090909091,5,,,,,,,,,1,1,1,0.7,1.0
65,89,7,0.007638586484533018,0.4074074074074074,5,,,,,,,,,1,1,1,0.7,1.0
65,90,10,0.023171127747701463,0.43231441048034935,5,,,,,,,,,1,1,1,0.7,1.0
65,91,10,0.02595944987752483,0.4439461883408072,5,,,,,,,,,1,1,1,0.7,1.0
65,92,7,0.008537605041661208,0.4008097165991903,5,,,,,,,,,1,1,1,0.7,1.0
65,93,10,0.02616016778149733,0.4479638009049774,5,,,,,,,,,1,1,1,0.7,1.0
65,94,4,0.002824004922169769,0.36,4,,,,,,,,,1,1,1,0.7,1.0
65,95,6,0.0073059396014398675,0.4057377049180328,5,,,,,,,,,1,1,1,0.7,1.0
65,96,6,0.008292640749202327,0.391304347826087,5,,,,,,,,,1,1,1,0.7,1.0
65,97,7,0.012769970808459086,0.4090909090909091,5,,,,,,,,,1,1,1,0.7,1.0
65,98,9,0.016231205942319603,0.4267241379310345,5,,,,,,,,,1,1,1,0.7,1.0
65,99,10,0.02365500758389639,0.4177215189873418,5,,,,,,,,,1,1,1,0.7,1.0
66,0,12,0.027870177639501746,0.4439461883408072,5,,,,,,,,,1,1,1,0.7,1.0
66,1,6,0.008284928002406858,0.39759036144578314,5,,,,,,,,,1,1,1,0.7,1.0
66,2,6,0.007862988956379923,0.3944223107569721,5,,,,,,,,,1,1,1,0.7,1.0
66,3,7,0.009060616819988506,0.4125,5,,,,,,,,,1,1,1,0.7,1.0
66,4,7,0.011546566243780348,0.38372093023255816,5,,,,,,,,,1,1,1,0.7,1.0
66,5,6,0.007353821423085494,0.38823529411764707,5,,,,,,,,,1,1,1,0.7,1.0
66,6,8,0.016582929083409786,0.4024390243902439,5,,,,,,,,,1,1,1,0.7,1.0
66,7,7,0.01482499303979092,0.4090909090909091,5,,,,,,,,,1,1,1,0.7,1.0
66,8,5,0.004648371147546576,0.38671875,5,,,,,,,,,1,1,1,0.7,1.0
66,9,8,0.01083664390532592,0.4125,5,,,,,,,,,1,1,1,0.7,1.0
66,10,4,0.0030267081689468824,0.375,4,,,,,,,,,1,1,1,0.7,1.0
66,11,3,0.001798234955708471,0.3378839590443686,3,,,,,,,,,1,1,1,0.7,1.0
66,12,12,0.03246531234079403,0.4714285714285714,5,,,,,,,,,1,1,1,0.7,1.0
66,13,7,0.009413152607664656,0.3944223107569721,5,,,,,,,,,1,1,1,0.7,1.0
66,14,10,0.02034681887297241,0.43612334801762115,5,,,,,,,,,1,1,1,0.7,1.0
66,15,9,0.022967970997341273,0.4125,5,,,,,,,,,1,1,1,0.7,1.0
66,16,3,0.0008141163676104925,0.3473684210526316,3,,,,,,,,,1,1,1,0.7,1.0
66,17,9,0.013710214410568368,0.4125,5,,,,,,,,,1,1,1,0.7,1.0
66,18,12,0.029269697836801636,0.4669811320754717,5,,,,,,,,,1,1,1,0.7,1.0
66,19,10,0.0202537925463073,0.4419642857142857,5,,,,,,,,,1,1,1,0.7,1.0
66,20,3,0.0021808142692860207,0.339041095890411,3,,,,,,,,,1,1,1,0.7,1.0
66,21,6,0.007542316400121865,0.39919354838709675,5,,,,,,,,,1,1,1,0.7,1.0
66,22,10,0.029376023808859605,0.43043478260869567,5,,,,,,,,,1,1,1,0.7,1.0
66,23,9,0.01864473712174515,0.4267241379310345,5,,,,,,,,,1,1,1,0.7,1.0
66,24,2,0.0,0.32038834951456313,2,,,,,,,,,1,1,1,0.7,1.0
66,25,5,0.0062320001243736595,0.38076923076923075,5,,,,,,,,,1,1,1,0.7,1.0
66,26,3,0.0011672780323125835,0.36,3,,,,,,,,,1,1,1,0.7,1.0
66,27,14,0.04032081334260075,0.4782608695652174,5,,,,,,,,,1,1,1,0.7,1.0
66,28,11,0.025196041378104415,0.4479638009049774,5,,,,,,,,,1,1,1,0.7,1.0
66,29,6,0.007148901888439518,0.391304347826087,5,,,,,,,,,1,1,1,0.7,1.0
66,30,6,0.007893523509131792,0.38671875,5,,,,,,,,,1,1,1,0.7,1.0
66,31,8,0.016685872476458252,0.4008097165991903,5,,,,,,,,,1,1,1,0.7,1.0
66,32,15,0.042175075381476565,0.47368421052631576,5,,,,,,,,,1,1,1,0.7,1.0
66,33,9,0.02012775183331944,0.4230769230769231,5,,,,,,,,,1,1,1,0.7,1.0
66,34,9,0.01841082522871394,0.4248927038626609,5,,,,,,,,,1,1,1,0.7,1.0
66,35,9,0.022128555021271912,0.42127659574468085,5,,,,,,,,,1,1,1,0.7,1.0
66,36,6,0.009052232439077976,0.4008097165991903,5,,,,,,,,,1,1,1,0.7,1.0
66,37,10,0.022884808637103175,0.4439461883408072,5,,,,,,,,,1,1,1,0.7,1.0
66,38,3,0.0011621659124968892,0.33559322033898303,3,,,,,,,,,1,1,1,0.7,1.0
66,39,7,0.009374462711473703,0.4125,5,,,,,,,,,1,1,1,0.7,1.0
66,40,7,0.010041046143858966,0.41422594142259417,5,,,,,,,,,1,1,1,0.7,1.0
66,41,8,0.01644273385424969,0.42127659574468085,5,,,,,,,,,1,1,1,0.7,1.0
66,42,7,0.008107386616062813,0.40408163265306124,5,,,,,,,,,1,1,1,0.7,1.0
66,43,8,0.014842540020111665,0.43805309734513276,5,,,,,,,,,1,1,1,0.7,1.0
66,44,9,0.019506962294465077,0.4194915254237288,5,,,,,,,,,1,1,1,0.7,1.0
66,45,8,0.015499166069116324,0.4090909090909091,5,,,,,,,,,1,1,1,0.7,1.0
66,46,7,0.009132084094994313,0.4107883817427386,5,,,,,,,,,1,1,1,0.7,1.0
66,47,8,0.01588333884215923,0.4008097165991903,5,,,,,,,,,1,1,1,0.7,1.0
66,48,8,0.013057353661506293,0.4194915254237288,5,,,,,,,,,1,1,1,0.7,1.0
66,49,10,0.022998126649215727,0.4342105263157895,5,,,,,,,,,1,1,1,0.7,1.0
66,50,10,0.0308143346441008,0.43805309734513276,5,,,,,,,,,1,1,1,0.7,1.0
66,51,14,0.03914697687093884,0.4714285714285714,5,,,,,,,,,1,1,1,0.7,1.0
66,52,5,0.008107289253582214,0.376425855513308,5,,,,,,,,,1,1,1,0.7,1.0
66,53,8,0.011537483487035103,0.4177215189873418,5,,,,,,,,,1,1,1,0.7,1.0
66,54,4,0.003793024144388423,0.3626373626373626,3,,,,,,,,,1,1,1,0.7,1.0
66,55,10,0.023237659776797134,0.4541284403669725,5,,,,,,,,,1,1,1,0.7,1.0
66,56,5,0.005797905192208366,0.37358490566037733,5,,,,,,,,,1,1,1,0.7,1.0
66,57,8,0.016349603863737225,0.4090909090909091,5,,,,,,,,,1,1,1,0.7,1.0
66,58,9,0.019899514796318962,0.4194915254237288,5,,,,,,,,,1,1,1,0.7,1.0
66,59,10,0.022085707361162835,0.4342105263157895,5,,,,,,,,,1,1,1,0.7,1.0
66,60,11,0.019807911567924382,0.43612334801762115,5,,,,,,,,,1,1,1,0.7,1.0
66,61,8,0.010424008924552612,0.4057377049180328,5,,,,,,,,,1,1,1,0.7,1.0
66,62,12,0.025946448104021823,0.45622119815668205,5,,,,,,,,,1,1,1,0.7,1.0
66,63,2,0.0005614126362425681,0.3344594594594595,2,,,,,,,,,1,1,1,0.7,1.0
66,64,9,0.01872332415682547,0.4267241379310345,5,,,,,,,,,1,1,1,0.7,1.0
66,65,12,0.031032488648889307,0.4520547945205479,5,,,,,,,,,1,1,1,0.7,1.0
66,66,6,0.0057761754226101384,0.38372093023255816,5,,,,,,,,,1,1,1,0.7,1.0
66,67,7,0.013160777951982968,0.42127659574468085,5,,,,,,,,,1,1,1,0.7,1.0
66,68,9,0.017227215239394276,0.4248927038626609,5,,,,,,,,,1,1,1,0.7,1.0
66,69,10,0.025227933667602773,0.4177215189873418,5,,,,,,,,,1,1,1,0.7,1.0
66,70,8,0.01387620475838911,0.4267241379310345,5,,,,,,,,,1,1,1,0.7,1.0
66,71,9,0.016185486162689472,0.41596638655462187,5,,,,,,,,,1,1,1,0.7,1.0
66,72,9,0.015273779864619004,0.43043478260869567,5,,,,,,,,,1,1,1,0.7,1.0
66,73,5,0.004078652941379849,0.375,5,,,,,,,,,1,1,1,0.7,1.0
66,74,9,0.018681489814624395,0.4125,5,,,,,,,,,1,1,1,0.7,1.0
66,75,9,0.0171208681049252,0.43231441048034935,5,,,,,,,,,1,1,1,0.7,1.0
66,76,9,0.014075601128570363,0.42127659574468085,5,,,,,,,,,1,1,1,0.7,1.0
66,77,10,0.01743825099569623,0.44,5,,,,,,,,,1,1,1,0.7,1.0
66,78,5,0.0038024049630668573,0.38976377952755903,5,,,,,,,,,1,1,1,0.7,1.0
66,79,6,0.003933385627379168,0.396,5,,,,,,,,,1,1,1,0.7,1.0
66,80,6,0.009540177285457217,0.38976377952755903,5,,,,,,,,,1,1,1,0.7,1.0
66,81,4,0.003878362412685233,0.3535714285714286,3,,,,,,,,,1,1,1,0.7,1.0
66,82,6,0.006102204291129582,0.3793103448275862,5,,,,,,,,,1,1,1,0.7,1.0
66,83,9,0.020811545403340872,0.4230769230769231,5,,,,,,,,,1,1,1,0.7,1.0
66,84,7,0.012843574800630352,0.38823529411764707,5,,,,,,,,,1,1,1,0.7,1.0
66,85,11,0.02311943072088779,0.43612334801762115,5,,,,,,,,,1,1,1,0.7,1.0
66,86,9,0.02249266760837428,0.4230769230769231,5,,,,,,,,,1,1,1,0.7,1.0
66,87,9,0.01288331850351868,0.4248927038626609,5,,,,,,,,,1,1,1,0.7,1.0
66,88,7,0.009293753449501873,0.4090909090909091,5,,,,,,,,,1,1,1,0.7,1.0
66,89,7,0.007638586484533018,0.4074074074074074,5,,,,,,,,,1,1,1,0.7,1.0
66,90,10,0.023171127747701463,0.43231441048034935,5,,,,,,,,,1,1,1,0.7,1.0
66,91,10,0.02595944987752483,0.4439461883408072,5,,,,,,,,,1,1,1,0.7,1.0
66,92,7,0.008537605041661208,0.4008097165991903,5,,,,,,,,,1,1,1,0.7,1.0
66,93,10,0.02616016778149733,0.4479638009049774,5,,,,,,,,,1,1,1,0.7,1.0
66,94,4,0.002824004922169769,0.36,4,,,,,,,,,1,1,1,0.7,1.0
66,95,6,0.0073059396014398675,0.4057377049180328,5,,,,,,,,,1,1,1,0.7,1.0
66,96,6,0.008292640749202327,0.391304347826087,5,,,,,,,,,1,1,1,0.7,1.0
66,97,7,0.012769970808459086,0.4090909090909091,5,,,,,,,,,1,1,1,0.7,1.0
66,98,9,0.016231205942319603,0.4267241379310345,5,,,,,,,,,1,1,1,0.7,1.0
66,99,10,0.02365500758389639,0.4177215189873418,5,,,,,,,,,1,1,1,0.7,1.0
67,0,12,0.027870177639501746,0.4439461883408072,5,,,,,,,,,1,1,1,0.7,1.0
67,1,6,0.008284928002406858,0.39759036144578314,5,,,,,,,,,1,1,1,0.7,1.0
67,2,6,0.007862988956379923,0.3944223107569721,5,,,,,,,,,1,1,1,0.7,1.0
67,3,7,0.009060616819988506,0.4125,5,,,,,,,,,1,1,1,0.7,1.0
67,4,7,0.011546566243780348,0.38372093023255816,5,,,,,,,,,1,1,1,0.7,1.0
67,5,6,0.007353821423085494,0.38823529411764707,5,,,,,,,,,1,1,1,0.7,1.0
67,6,8,0.016582929083409786,0.4024390243902439,5,,,,,,,,,1,1,1,0.7,1.0
67,7,7,0.01482499303979092,0.4090909090909091,5,,,,,,,,,1,1,1,0.7,1.0
67,8,5,0.004648371147546576,0.38671875,5,,,,,,,,,1,1,1,0.7,1.0
67,9,8,0.01083664390532592,0.4125,5,,,,,,,,,1,1,1,0.7,1.0
67,10,4,0.0030267081689468824,0.375,4,,,,,,,,,1,1,1,0.7,1.0
67,11,3,0.001798234955708471,0.3378839590443686,3,,,,,,,,,1,1,1,0.7,1.0
67,12,12,0.03246531234079403,0.4714285714285714,5,,,,,,,,,1,1,1,0.7,1.0
67,13,7,0.009413152607664656,0.3944223107569721,5,,,,,,,,,1,1,1,0.7,1.0
67,14,10,0.02034681887297241,0.43612334801762115,5,,,,,,,,,1,1,1,0.7,1.0
67,15,9,0.022967970997341273,0.4125,5,,,,,,,,,1,1,1,0.7,1.0
67,16,3,0.0008141163676104925,0.3473684210526316,3,,,,,,,,,1,1,1,0.7,1.0
67,17,9,0.013710214410568368,0.4125,5,,,,,,,,,1,1,1,0.7,1.0
67,18,12,0.029269697836801636,0.4669811320754717,5,,,,,,,,,1,1,1,0.7,1.0
67,19,10,0.0202537925463073,0.4419642857142857,5,,,,,,,,,1,1,1,0.7,1.0
67,20,3,0.0021808142692860207,0.339041095890411,3,,,,,,,,,1,1,1,0.7,1.0
67,21,6,0.007542316400121865,0.39919354838709675,5,,,,,,,,,1,1,1,0.7,1.0
67,22,10,0.029376023808859605,0.43043478260869567,5,,,,,,,,,1,1,1,0.7,1.0
67,23,9,0.01864473712174515,0.4267241379310345,5,,,,,,,,,1,1,1,0.7,1.0
67,24,2,0.0,0.32038834951456313,2,,,,,,,,,1,1,1,0.7,1.0
67,25,5,0.0062320001243736595,0.38076923076923075,5,,,,,,,,,1,1,1,0.7,1.0
67,26,3,0.0011672780323125835,0.36,3,,,,,,,,,1,1,1,0.7,1.0
67,27,14,0.04032081334260075,0.4782608695652174,5,,,,,,,,,1,1,1,0.7,1.0
67,28,11,0.025196041378104415,0.4479638009049774,5,,,,,,,,,1,1,1,0.7,1.0
67,29,6,0.007148901888439518,0.391304347826087,5,,,,,,,,,1,1,1,0.7,1.0
67,30,6,0.007893523509131792,0.38671875,5,,,,,,,,,1,1,1,0.7,1.0
67,31,8,0.016685872476458252,0.4008097165991903,5,,,,,,,,,1,1,1,0.7,1.0
67,32,15,0.042175075381476565,0.47368421052631576,5,,,,,,,,,1,1,1,0.7,1.0
67,33,9,0.02012775183331944,0.4230769230769231,5,,,,,,,,,1,1,1,0.7,1.0
67,34,9,0.01841082522871394,0.4248927038626609,5,,,,,,,,,1,1,1,0.7,1.0
67,35,9,0.022128555021271912,0.42127659574468085,5,,,,,,,,,1,1,1,0.7,1.0
67,36,6,0.009052232439077976,0.4008097165991903,5,,,,,,,,,1,1,1,0.7,1.0
67,37,10,0.022884808637103175,0.4439461883408072,5,,,,,,,,,1,1,1,0.7,1.0
67,38,3,0.0011621659124968892,0.33559322033898303,3,,,,,,,,,1,1,1,0.7,1.0
67,39,7,0.009374462711473703,0.4125,5,,,,,,,,,1,1,1,0.7,1.0
67,40,7,0.010041046143858966,0.41422594142259417,5,,,,,,,,,1,1,1,0.7,1.0
67,41,8,0.01644273385424969,0.42127659574468085,5,,,,,,,,,1,1,1,0.7,1.0
67,42,7,0.008107386616062813,0.40408163265306124,5,,,,,,,,,1,1,1,0.7,1.0
67,43,8,0.014842540020111665,0.43805309734513276,5,,,,,,,,,1,1,1,0.7,1.0
67,44,9,0.019506962294465077,0.4194915254237288,5,,,,,,,,,1,1,1,0.7,1.0
67,45,8,0.015499166069116324,0.4090909090909091,5,,,,,,,,,1,1,1,0.7,1.0
67,46,7,0.009132084094994313,0.4107883817427386,5,,,,,,,,,1,1,1,0.7,1.0
67,47,8,0.01588333884215923,0.4008097165991903,5,,,,,,,,,1,1,1,0.7,1.0
67,48,8,0.013057353661506293,0.4194915254237288,5,,,,,,,,,1,1,1,0.7,1.0
67,49,10,0.022998126649215727,0.4342105263157895,5,,,,,,,,,1,1,1,0.7,1.0
67,50,10,0.0308143346441008,0.43805309734513276,5,,,,,,,,,1,1,1,0.7,1.0
67,51,14,0.03914697687093884,0.4714285714285714,5,,,,,,,,,1,1,1,0.7,1.0
67,52,5,0.008107289253582214,0.376425855513308,5,,,,,,,,,1,1,1,0.7,1.0
67,53,8,0.011537483487035103,0.4177215189873418,5,,,,,,,,,1,1,1,0.7,1.0
67,54,4,0.003793024144388423,0.3626373626373626,3,,,,,,,,,1,1,1,0.7,1.0
67,55,10,0.023237659776797134,0.4541284403669725,5,,,,,,,,,1,1,1,0.7,1.0
67,56,5,0.005797905192208366,0.37358490566037733,5,,,,,,,,,1,1,1,0.7,1.0
67,57,8,0.016349603863737225,0.4090909090909091,5,,,,,,,,,1,1,1,0.7,1.0
67,58,9,0.019899514796318962,0.4194915254237288,5,,,,,,,,,1,1,1,0.7,1.0
67,59,10,0.022085707361162835,0.4342105263157895,5,,,,,,,,,1,1,1,0.7,1.0
67,60,11,0.019807911567924382,0.43612334801762115,5,,,,,,,,,1,1,1,0.7,1.0
67,61,8,0.010424008924552612,0.4057377049180328,5,,,,,,,,,1,1,1,0.7,1.0
67,62,12,0.025946448104021823,0.45622119815668205,5,,,,,,,,,1,1,1,0.7,1.0
67,63,2,0.0005614126362425681,0.3344594594594595,2,,,,,,,,,1,1,1,0.7,1.0
67,64,9,0.01872332415682547,0.4267241379310345,5,,,,,,,,,1,1,1,0.7,1.0
67,65,12,0.031032488648889307,0.4520547945205479,5,,,,,,,,,1,1,1,0.7,1.0
67,66,6,0.0057761754226101384,0.38372093023255816,5,,,,,,,,,1,1,1,0.7,1.0
67,67,7,0.013160777951982968,0.42127659574468085,5,,,,,,,,,1,1,1,0.7,1.0
67,68,9,0.017227215239394276,0.4248927038626609,5,,,,,,,,,1,1,1,0.7,1.0
67,69,10,0.025227933667602773,0.4177215189873418,5,,,,,,,,,1,1,1,0.7,1.0
67,70,8,0.01387620475838911,0.4267241379310345,5,,,,,,,,,1,1,1,0.7,1.0
67,71,9,0.016185486162689472,0.41596638655462187,5,,,,,,,,,1,1,1,0.7,1.0
67,72,9,0.015273779864619004,0.43043478260869567,5,,,,,,,,,1,1,1,0.7,1.0
67,73,5,0.004078652941379849,0.375,5,,,,,,,,,1,1,1,0.7,1.0
67,74,9,0.018681489814624395,0.4125,5,,,,,,,,,1,1,1,0.7,1.0
67,75,9,0.0171208681049252,0.43231441048034935,5,,,,,,,,,1,1,1,0.7,1.0
67,76,9,0.014075601128570363,0.42127659574468085,5,,,,,,,,,1,1,1,0.7,1.0
67,77,10,0.01743825099569623,0.44,5,,,,,,,,,1,1,1,0.7,1.0
67,78,5,0.0038024049630668573,0.38976377952755903,5,,,,,,,,,1,1,1,0.7,1.0
67,79,6,0.003933385627379168,0.396,5,,,,,,,,,1,1,1,0.7,1.0
67,80,6,0.009540177285457217,0.38976377952755903,5,,,,,,,,,1,1,1,0.7,1.0
67,81,4,0.003878362412685233,0.3535714285714286,3,,,,,,,,,1,1,1,0.7,1.0
67,82,6,0.006102204291129582,0.3793103448275862,5,,,,,,,,,1,1,1,0.7,1.0
67,83,9,0.020811545403340872,0.4230769230769231,5,,,,,,,,,1,1,1,0.7,1.0
67,84,7,0.012843574800630352,0.38823529411764707,5,,,,,,,,,1,1,1,0.7,1.0
67,85,11,0.02311943072088779,0.43612334801762115,5,,,,,,,,,1,1,1,0.7,1.0
67,86,9,0.02249266760837428,0.4230769230769231,5,,,,,,,,,1,1,1,0.7,1.0
67,87,9,0.01288331850351868,0.4248927038626609,5,,,,,,,,,1,1,1,0.7,1.0
67,88,7,0.009293753449501873,0.4090909090909091,5,,,,,,,,,1,1,1,0.7,1.0
67,89,7,0.007638586484533018,0.4074074074074074,5,,,,,,,,,1,1,1,0.7,1.0
67,90,10,0.023171127747701463,0.43231441048034935,5,,,,,,,,,1,1,1,0.7,1.0
67,91,10,0.02595944987752483,0.4439461883408072,5,,,,,,,,,1,1,1,0.7,1.0
67,92,7,0.008537605041661208,0.4008097165991903,5,,,,,,,,,1,1,1,0.7,1.0
67,93,10,0.02616016778149733,0.4479638009049774,5,,,,,,,,,1,1,1,0.7,1.0
67,94,4,0.002824004922169769,0.36,4,,,,,,,,,1,1,1,0.7,1.0
67,95,6,0.0073059396014398675,0.4057377049180328,5,,,,,,,,,1,1,1,0.7,1.0
67,96,6,0.008292640749202327,0.391304347826087,5,,,,,,,,,1,1,1,0.7,1.0
67,97,7,0.012769970808459086,0.4090909090909091,5,,,,,,,,,1,1,1,0.7,1.0
67,98,9,0.016231205942319603,0.4267241379310345,5,,,,,,,,,1,1,1,0.7,1.0
67,99,10,0.02365500758389639,0.4177215189873418,5,,,,,,,,,1,1,1,0.7,1.0
68,0,12,0.027870177639501746,0.4439461883408072,5,,,,,,,,,1,1,1,0.7,1.0
68,1,6,0.008284928002406858,0.39759036144578314,5,,,,,,,,,1,1,1,0.7,1.0
68,2,6,0.007862988956379923,0.3944223107569721,5,,,,,,,,,1,1,1,0.7,1.0
68,3,7,0.009060616819988506,0.4125,5,,,,,,,,,1,1,1,0.7,1.0
68,4,7,0.011546566243780348,0.38372093023255816,5,,,,,,,,,1,1,1,0.7,1.0
68,5,6,0.007353821423085494,0.38823529411764707,5,,,,,,,,,1,1,1,0.7,1.0
68,6,8,0.016582929083409786,0.4024390243902439,5,,,,,,,,,1,1,1,0.7,1.0
68,7,7,0.01482499303979092,0.4090909090909091,5,,,,,,,,,1,1,1,0.7,1.0
68,8,5,0.004648371147546576,0.38671875,5,,,,,,,,,1,1,1,0.7,1.0
68,9,8,0.01083664390532592,0.4125,5,,,,,,,,,1,1,1,0.7,1.0
68,10,4,0.0030267081689468824,0.375,4,,,,,,,,,1,1,1,0.7,1.0
68,11,3,0.001798234955708471,0.3378839590443686,3,,,,,,,,,1,1,1,0.7,1.0
68,12,12,0.03246531234079403,0.4714285714285714,5,,,,,,,,,1,1,1,0.7,1.0
68,13,7,0.009413152607664656,0.3944223107569721,5,,,,,,,,,1,1,1,0.7,1.0
68,14,10,0.02034681887297241,0.43612334801762115,5,,,,,,,,,1,1,1,0.7,1.0
68,15,9,0.022967970997341273,0.4125,5,,,,,,,,,1,1,1,0.7,1.0
68,16,3,0.0008141163676104925,0.3473684210526316,3,,,,,,,,,1,1,1,0.7,1.0
68,17,9,0.013710214410568368,0.4125,5,,,,,,,,,1,1,1,0.7,1.0
68,18,12,0.029269697836801636,0.4669811320754717,5,,,,,,,,,1,1,1,0.7,1.0
68,19,10,0.0202537925463073,0.4419642857142857,5,,,,,,,,,1,1,1,0.7,1.0
68,20,3,0.0021808142692860207,0.339041095890411,3,,,,,,,,,1,1,1,0.7,1.0
68,21,6,0.007542316400121865,0.39919354838709675,5,,,,,,,,,1,1,1,0.7,1.0
68,22,10,0.029376023808859605,0.43043478260869567,5,,,,,,,,,1,1,1,0.7,1.0
68,23,9,0.01864473712174515,0.4267241379310345,5,,,,,,,,,1,1,1,0.7,1.0
68,24,2,0.0,0.32038834951456313,2,,,,,,,,,1,1,1,0.7,1.0
68,25,5,0.0062320001243736595,0.38076923076923075,5,,,,,,,,,1,1,1,0.7,1.0
68,26,3,0.0011672780323125835,0.36,3,,,,,,,,,1,1,1,0.7,1.0
68,27,14,0.04032081334260075,0.4782608695652174,5,,,,,,,,,1,1,1,0.7,1.0
68,28,11,0.025196041378104415,0.4479638009049774,5,,,,,,,,,1,1,1,0.7,1.0
68,29,6,0.007148901888439518,0.391304347826087,5,,,,,,,,,1,1,1,0.7,1.0
68,30,6,0.007893523509131792,0.38671875,5,,,,,,,,,1,1,1,0.7,1.0
68,31,8,0.016685872476458252,0.4008097165991903,5,,,,,,,,,1,1,1,0.7,1.0
68,32,15,0.042175075381476565,0.47368421052631576,5,,,,,,,,,1,1,1,0.7,1.0
68,33,9,0.02012775183331944,0.4230769230769231,5,,,,,,,,,1,1,1,0.7,1.0
68,34,9,0.01841082522871394,0.4248927038626609,5,,,,,,,,,1,1,1,0.7,1.0
68,35,9,0.022128555021271912,0.42127659574468085,5,,,,,,,,,1,1,1,0.7,1.0
68,36,6,0.009052232439077976,0.4008097165991903,5,,,,,,,,,1,1,1,0.7,1.0
68,37,10,0.022884808637103175,0.4439461883408072,5,,,,,,,,,1,1,1,0.7,1.0
68,38,3,0.0011621659124968892,0.33559322033898303,3,,,,,,,,,1,1,1,0.7,1.0
68,39,7,0.009374462711473703,0.4125,5,,,,,,,,,1,1,1,0.7,1.0
68,40,7,0.010041046143858966,0.41422594142259417,5,,,,,,,,,1,1,1,0.7,1.0
68,41,8,0.01644273385424969,0.42127659574468085,5,,,,,,,,,1,1,1,0.7,1.0
68,42,7,0.008107386616062813,0.40408163265306124,5,,,,,,,,,1,1,1,0.7,1.0
68,43,8,0.014842540020111665,0.43805309734513276,5,,,,,,,,,1,1,1,0.7,1.0
68,44,9,0.019506962294465077,0.4194915254237288,5,,,,,,,,,1,1,1,0.7,1.0
68,45,8,0.015499166069116324,0.4090909090909091,5,,,,,,,,,1,1,1,0.7,1.0
68,46,7,0.009132084094994313,0.4107883817427386,5,,,,,,,,,1,1,1,0.7,1.0
68,47,8,0.01588333884215923,0.4008097165991903,5,,,,,,,,,1,1,1,0.7,1.0
68,48,8,0.013057353661506293,0.4194915254237288,5,,,,,,,,,1,1,1,0.7,1.0
68,49,10,0.022998126649215727,0.4342105263157895,5,,,,,,,,,1,1,1,0.7,1.0
68,50,10,0.0308143346441008,0.43805309734513276,5,,,,,,,,,1,1,1,0.7,1.0
68,51,14,0.03914697687093884,0.4714285714285714,5,,,,,,,,,1,1,1,0.7,1.0
68,52,5,0.008107289253582214,0.376425855513308,5,,,,,,,,,1,1,1,0.7,1.0
68,53,8,0.011537483487035103,0.4177215189873418,5,,,,,,,,,1,1,1,0.7,1.0
68,54,4,0.003793024144388423,0.3626373626373626,3,,,,,,,,,1,1,1,0.7,1.0
68,55,10,0.023237659776797134,0.4541284403669725,5,,,,,,,,,1,1,1,0.7,1.0
68,56,5,0.005797905192208366,0.37358490566037733,5,,,,,,,,,1,1,1,0.7,1.0
68,57,8,0.016349603863737225,0.4090909090909091,5,,,,,,,,,1,1,1,0.7,1.0
68,58,9,0.019899514796318962,0.4194915254237288,5,,,,,,,,,1,1,1,0.7,1.0
68,59,10,0.022085707361162835,0.4342105263157895,5,,,,,,,,,1,1,1,0.7,1.0
68,60,11,0.019807911567924382,0.43612334801762115,5,,,,,,,,,1,1,1,0.7,1.0
68,61,8,0.010424008924552612,0.4057377049180328,5,,,,,,,,,1,1,1,0.7,1.0
68,62,12,0.025946448104021823,0.45622119815668205,5,,,,,,,,,1,1,1,0.7,1.0
68,63,2,0.0005614126362425681,0.3344594594594595,2,,,,,,,,,1,1,1,0.7,1.0
68,64,9,0.01872332415682547,0.4267241379310345,5,,,,,,,,,1,1,1,0.7,1.0
68,65,12,0.031032488648889307,0.4520547945205479,5,,,,,,,,,1,1,1,0.7,1.0
68,66,6,0.0057761754226101384,0.38372093023255816,5,,,,,,,,,1,1,1,0.7,1.0
68,67,7,0.013160777951982968,0.42127659574468085,5,,,,,,,,,1,1,1,0.7,1.0
68,68,9,0.017227215239394276,0.4248927038626609,5,,,,,,,,,1,1,1,0.7,1.0
68,69,10,0.025227933667602773,0.4177215189873418,5,,,,,,,,,1,1,1,0.7,1.0
68,70,8,0.01387620475838911,0.4267241379310345,5,,,,,,,,,1,1,1,0.7,1.0
68,71,9,0.016185486162689472,0.41596638655462187,5,,,,,,,,,1,1,1,0.7,1.0
68,72,9,0.015273779864619004,0.43043478260869567,5,,,,,,,,,1,1,1,0.7,1.0
68,73,5,0.004078652941379849,0.375,5,,,,,,,,,1,1,1,0.7,1.0
68,74,9,0.018681489814624395,0.4125,5,,,,,,,,,1,1,1,0.7,1.0
68,75,9,0.0171208681049252,0.43231441048034935,5,,,,,,,,,1,1,1,0.7,1.0
68,76,9,0.014075601128570363,0.42127659574468085,5,,,,,,,,,1,1,1,0.7,1.0
68,77,10,0.01743825099569623,0.44,5,,,,,,,,,1,1,1,0.7,1.0
68,78,5,0.0038024049630668573,0.38976377952755903,5,,,,,,,,,1,1,1,0.7,1.0
68,79,6,0.003933385627379168,0.396,5,,,,,,,,,1,1,1,0.7,1.0
68,80,6,0.009540177285457217,0.38976377952755903,5,,,,,,,,,1,1,1,0.7,1.0
68,81,4,0.003878362412685233,0.3535714285714286,3,,,,,,,,,1,1,1,0.7,1.0
68,82,6,0.006102204291129582,0.3793103448275862,5,,,,,,,,,1,1,1,0.7,1.0
68,83,9,0.020811545403340872,0.4230769230769231,5,,,,,,,,,1,1,1,0.7,1.0
68,84,7,0.012843574800630352,0.38823529411764707,5,,,,,,,,,1,1,1,0.7,1.0
68,85,11,0.02311943072088779,0.43612334801762115,5,,,,,,,,,1,1,1,0.7,1.0
68,86,9,0.02249266760837428,0.4230769230769231,5,,,,,,,,,1,1,1,0.7,1.0
68,87,9,0.01288331850351868,0.4248927038626609,5,,,,,,,,,1,1,1,0.7,1.0
68,88,7,0.009293753449501873,0.4090909090909091,5,,,,,,,,,1,1,1,0.7,1.0
68,89,7,0.007638586484533018,0.4074074074074074,5,,,,,,,,,1,1,1,0.7,1.0
68,90,10,0.023171127747701463,0.43231441048034935,5,,,,,,,,,1,1,1,0.7,1.0
68,91,10,0.02595944987752483,0.4439461883408072,5,,,,,,,,,1,1,1,0.7,1.0
68,92,7,0.008537605041661208,0.4008097165991903,5,,,,,,,,,1,1,1,0.7,1.0
68,93,10,0.02616016778149733,0.4479638009049774,5,,,,,,,,,1,1,1,0.7,1.0
68,94,4,0.002824004922169769,0.36,4,,,,,,,,,1,1,1,0.7,1.0
68,95,6,0.0073059396014398675,0.4057377049180328,5,,,,,,,,,1,1,1,0.7,1.0
68,96,6,0.008292640749202327,0.391304347826087,5,,,,,,,,,1,1,1,0.7,1.0
68,97,7,0.012769970808459086,0.4090909090909091,5,,,,,,,,,1,1,1,0.7,1.0
68,98,9,0.016231205942319603,0.4267241379310345,5,,,,,,,,,1,1,1,0.7,1.0
68,99,10,0.02365500758389639,0.4177215189873418,5,,,,,,,,,1,1,1,0.7,1.0
69,0,12,0.027870177639501746,0.4439461883408072,5,,,,,,,,,1,1,1,0.7,1.0
69,1,6,0.008284928002406858,0.39759036144578314,5,,,,,,,,,1,1,1,0.7,1.0
69,2,6,0.007862988956379923,0.3944223107569721,5,,,,,,,,,1,1,1,0.7,1.0
69,3,7,0.009060616819988506,0.4125,5,,,,,,,,,1,1,1,0.7,1.0
69,4,7,0.011546566243780348,0.38372093023255816,5,,,,,,,,,1,1,1,0.7,1.0
69,5,6,0.007353821423085494,0.38823529411764707,5,,,,,,,,,1,1,1,0.7,1.0
69,6,8,0.016582929083409786,0.4024390243902439,5,,,,,,,,,1,1,1,0.7,1.0
69,7,7,0.01482499303979092,0.4090909090909091,5,,,,,,,,,1,1,1,0.7,1.0
69,8,5,0.004648371147546576,0.38671875,5,,,,,,,,,1,1,1,0.7,1.0
69,9,8,0.01083664390532592,0.4125,5,,,,,,,,,1,1,1,0.7,1.0
69,10,4,0.0030267081689468824,0.375,4,,,,,,,,,1,1,1,0.7,1.0
69,11,3,0.001798234955708471,0.3378839590443686,3,,,,,,,,,1,1,1,0.7,1.0
69,12,12,0.03246531234079403,0.4714285714285714,5,,,,,,,,,1,1,1,0.7,1.0
69,13,7,0.009413152607664656,0.3944223107569721,5,,,,,,,,,1,1,1,0.7,1.0
69,14,10,0.02034681887297241,0.43612334801762115,5,,,,,,,,,1,1,1,0.7,1.0
69,15,9,0.022967970997341273,0.4125,5,,,,,,,,,1,1,1,0.7,1.0
69,16,3,0.0008141163676104925,0.3473684210526316,3,,,,,,,,,1,1,1,0.7,1.0
69,17,9,0.013710214410568368,0.4125,5,,,,,,,,,1,1,1,0.7,1.0
69,18,12,0.029269697836801636,0.4669811320754717,5,,,,,,,,,1,1,1,0.7,1.0
69,19,10,0.0202537925463073,0.4419642857142857,5,,,,,,,,,1,1,1,0.7,1.0
69,20,3,0.0021808142692860207,0.339041095890411,3,,,,,,,,,1,1,1,0.7,1.0
69,21,6,0.007542316400121865,0.39919354838709675,5,,,,,,,,,1,1,1,0.7,1.0
69,22,10,0.029376023808859605,0.43043478260869567,5,,,,,,,,,1,1,1,0.7,1.0
69,23,9,0.01864473712174515,0.4267241379310345,5,,,,,,,,,1,1,1,0.7,1.0
69,24,2,0.0,0.32038834951456313,2,,,,,,,,,1,1,1,0.7,1.0
69,25,5,0.0062320001243736595,0.38076923076923075,5,,,,,,,,,1,1,1,0.7,1.0
69,26,3,0.0011672780323125835,0.36,3,,,,,,,,,1,1,1,0.7,1.0
69,27,14,0.04032081334260075,0.4782608695652174,5,,,,,,,,,1,1,1,0.7,1.0
69,28,11,0.025196041378104415,0.4479638009049774,5,,,,,,,,,1,1,1,0.7,1.0
69,29,6,0.007148901888439518,0.391304347826087,5,,,,,,,,,1,1,1,0.7,1.0
69,30,6,0.007893523509131792,0.38671875,5,,,,,,,,,1,1,1,0.7,1.0
69,31,8,0.016685872476458252,0.4008097165991903,5,,,,,,,,,1,1,1,0.7,1.0
69,32,15,0.042175075381476565,0.47368421052631576,5,,,,,,,,,1,1,1,0.7,1.0
69,33,9,0.02012775183331944,0.4230769230769231,5,,,,,,,,,1,1,1,0.7,1.0
69,34,9,0.01841082522871394,0.4248927038626609,5,,,,,,,,,1,1,1,0.7,1.0
69,35,9,0.022128555021271912,0.42127659574468085,5,,,,,,,,,1,1,1,0.7,1.0
69,36,6,0.009052232439077976,0.4008097165991903,5,,,,,,,,,1,1,1,0.7,1.0
69,37,10,0.022884808637103175,0.4439461883408072,5,,,,,,,,,1,1,1,0.7,1.0
69,38,3,0.0011621659124968892,0.33559322033898303,3,,,,,,,,,1,1,1,0.7,1.0
69,39,7,0.009374462711473703,0.4125,5,,,,,,,,,1,1,1,0.7,1.0
69,40,7,0.010041046143858966,0.41422594142259417,5,,,,,,,,,1,1,1,0.7,1.0
69,41,8,0.01644273385424969,0.42127659574468085,5,,,,,,,,,1,1,1,0.7,1.0
69,42,7,0.008107386616062813,0.40408163265306124,5,,,,,,,,,1,1,1,0.7,1.0
69,43,8,0.014842540020111665,0.43805309734513276,5,,,,,,,,,1,1,1,0.7,1.0
69,44,9,0.019506962294465077,0.4194915254237288,5,,,,,,,,,1,1,1,0.7,1.0
69,45,8,0.015499166069116324,0.4090909090909091,5,,,,,,,,,1,1,1,0.7,1.0
69,46,7,0.009132084094994313,0.4107883817427386,5,,,,,,,,,1,1,1,0.7,1.0
69,47,8,0.01588333884215923,0.4008097165991903,5,,,,,,,,,1,1,1,0.7,1.0
69,48,8,0.013057353661506293,0.4194915254237288,5,,,,,,,,,1,1,1,0.7,1.0
69,49,10,0.022998126649215727,0.4342105263157895,5,,,,,,,,,1,1,1,0.7,1.0
69,50,10,0.0308143346441008,0.43805309734513276,5,,,,,,,,,1,1,1,0.7,1.0
69,51,14,0.03914697687093884,0.4714285714285714,5,,,,,,,,,1,1,1,0.7,1.0
69,52,5,0.008107289253582214,0.376425855513308,5,,,,,,,,,1,1,1,0.7,1.0
69,53,8,0.011537483487035103,0.4177215189873418,5,,,,,,,,,1,1,1,0.7,1.0
69,54,4,0.003793024144388423,0.3626373626373626,3,,,,,,,,,1,1,1,0.7,1.0
69,55,10,0.023237659776797134,0.4541284403669725,5,,,,,,,,,1,1,1,0.7,1.0
69,56,5,0.005797905192208366,0.37358490566037733,5,,,,,,,,,1,1,1,0.7,1.0
69,57,8,0.016349603863737225,0.4090909090909091,5,,,,,,,,,1,1,1,0.7,1.0
69,58,9,0.019899514796318962,0.4194915254237288,5,,,,,,,,,1,1,1,0.7,1.0
69,59,10,0.022085707361162835,0.4342105263157895,5,,,,,,,,,1,1,1,0.7,1.0
69,60,11,0.019807911567924382,0.43612334801762115,5,,,,,,,,,1,1,1,0.7,1.0
69,61,8,0.010424008924552612,0.4057377049180328,5,,,,,,,,,1,1,1,0.7,1.0
69,62,12,0.025946448104021823,0.45622119815668205,5,,,,,,,,,1,1,1,0.7,1.0
69,63,2,0.0005614126362425681,0.3344594594594595,2,,,,,,,,,1,1,1,0.7,1.0
69,64,9,0.01872332415682547,0.4267241379310345,5,,,,,,,,,1,1,1,0.7,1.0
69,65,12,0.031032488648889307,0.4520547945205479,5,,,,,,,,,1,1,1,0.7,1.0
69,66,6,0.0057761754226101384,0.38372093023255816,5,,,,,,,,,1,1,1,0.7,1.0
69,67,7,0.013160777951982968,0.42127659574468085,5,,,,,,,,,1,1,1,0.7,1.0
69,68,9,0.017227215239394276,0.4248927038626609,5,,,,,,,,,1,1,1,0.7,1.0
69,69,10,0.025227933667602773,0.4177215189873418,5,,,,,,,,,1,1,1,0.7,1.0
69,70,8,0.01387620475838911,0.4267241379310345,5,,,,,,,,,1,1,1,0.7,1.0
69,71,9,0.016185486162689472,0.41596638655462187,5,,,,,,,,,1,1,1,0.7,1.0
69,72,9,0.015273779864619004,0.43043478260869567,5,,,,,,,,,1,1,1,0.7,1.0
69,73,5,0.004078652941379849,0.375,5,,,,,,,,,1,1,1,0.7,1.0
69,74,9,0.018681489814624395,0.4125,5,,,,,,,,,1,1,1,0.7,1.0
69,75,9,0.0171208681049252,0.43231441048034935,5,,,,,,,,,1,1,1,0.7,1.0
69,76,9,0.014075601128570363,0.42127659574468085,5,,,,,,,,,1,1,1,0.7,1.0
69,77,10,0.01743825099569623,0.44,5,,,,,,,,,1,1,1,0.7,1.0
69,78,5,0.0038024049630668573,0.38976377952755903,5,,,,,,,,,1,1,1,0.7,1.0
69,79,6,0.003933385627379168,0.396,5,,,,,,,,,1,1,1,0.7,1.0
69,80,6,0.009540177285457217,0.38976377952755903,5,,,,,,,,,1,1,1,0.7,1.0
69,81,4,0.003878362412685233,0.3535714285714286,3,,,,,,,,,1,1,1,0.7,1.0
69,82,6,0.006102204291129582,0.3793103448275862,5,,,,,,,,,1,1,1,0.7,1.0
69,83,9,0.020811545403340872,0.4230769230769231,5,,,,,,,,,1,1,1,0.7,1.0
69,84,7,0.012843574800630352,0.38823529411764707,5,,,,,,,,,1,1,1,0.7,1.0
69,85,11,0.02311943072088779,0.43612334801762115,5,,,,,,,,,1,1,1,0.7,1.0
69,86,9,0.02249266760837428,0.4230769230769231,5,,,,,,,,,1,1,1,0.7,1.0
69,87,9,0.01288331850351868,0.4248927038626609,5,,,,,,,,,1,1,1,0.7,1.0
69,88,7,0.009293753449501873,0.4090909090909091,5,,,,,,,,,1,1,1,0.7,1.0
69,89,7,0.007638586484533018,0.4074074074074074,5,,,,,,,,,1,1,1,0.7,1.0
69,90,10,0.023171127747701463,0.43231441048034935,5,,,,,,,,,1,1,1,0.7,1.0
69,91,10,0.02595944987752483,0.4439461883408072,5,,,,,,,,,1,1,1,0.7,1.0
69,92,7,0.008537605041661208,0.4008097165991903,5,,,,,,,,,1,1,1,0.7,1.0
69,93,10,0.02616016778149733,0.4479638009049774,5,,,,,,,,,1,1,1,0.7,1.0
69,94,4,0.002824004922169769,0.36,4,,,,,,,,,1,1,1,0.7,1.0
69,95,6,0.0073059396014398675,0.4057377049180328,5,,,,,,,,,1,1,1,0.7,1.0
69,96,6,0.008292640749202327,0.391304347826087,5,,,,,,,,,1,1,1,0.7,1.0
69,97,7,0.012769970808459086,0.4090909090909091,5,,,,,,,,,1,1,1,0.7,1.0
69,98,9,0.016231205942319603,0.4267241379310345,5,,,,,,,,,1,1,1,0.7,1.0
69,99,10,0.02365500758389639,0.4177215189873418,5,,,,,,,,,1,1,1,0.7,1.0
70,0,12,0.027870177639501746,0.4439461883408072,5,,,,,,,,,1,1,1,0.7,1.0
70,1,6,0.008284928002406858,0.39759036144578314,5,,,,,,,,,1,1,1,0.7,1.0
70,2,6,0.007862988956379923,0.3944223107569721,5,,,,,,,,,1,1,1,0.7,1.0
70,3,7,0.009060616819988506,0.4125,5,,,,,,,,,1,1,1,0.7,1.0
70,4,7,0.011546566243780348,0.38372093023255816,5,,,,,,,,,1,1,1,0.7,1.0
70,5,6,0.007353821423085494,0.38823529411764707,5,,,,,,,,,1,1,1,0.7,1.0
70,6,8,0.016582929083409786,0.4024390243902439,5,,,,,,,,,1,1,1,0.7,1.0
70,7,7,0.01482499303979092,0.4090909090909091,5,,,,,,,,,1,1,1,0.7,1.0
70,8,5,0.004648371147546576,0.38671875,5,,,,,,,,,1,1,1,0.7,1.0
70,9,8,0.01083664390532592,0.4125,5,,,,,,,,,1,1,1,0.7,1.0
70,10,4,0.0030267081689468824,0.375,4,,,,,,,,,1,1,1,0.7,1.0
70,11,3,0.001798234955708471,0.3378839590443686,3,,,,,,,,,1,1,1,0.7,1.0
70,12,12,0.03246531234079403,0.4714285714285714,5,,,,,,,,,1,1,1,0.7,1.0
70,13,7,0.009413152607664656,0.3944223107569721,5,,,,,,,,,1,1,1,0.7,1.0
70,14,10,0.02034681887297241,0.43612334801762115,5,,,,,,,,,1,1,1,0.7,1.0
70,15,9,0.022967970997341273,0.4125,5,,,,,,,,,1,1,1,0.7,1.0
70,16,3,0.0008141163676104925,0.3473684210526316,3,,,,,,,,,1,1,1,0.7,1.0
70,17,9,0.013710214410568368,0.4125,5,,,,,,,,,1,1,1,0.7,1.0
70,18,12,0.029269697836801636,0.4669811320754717,5,,,,,,,,,1,1,1,0.7,1.0
70,19,10,0.0202537925463073,0.4419642857142857,5,,,,,,,,,1,1,1,0.7,1.0
70,20,3,0.0021808142692860207,0.339041095890411,3,,,,,,,,,1,1,1,0.7,1.0
70,21,6,0.007542316400121865,0.39919354838709675,5,,,,,,,,,1,1,1,0.7,1.0
70,22,10,0.029376023808859605,0.43043478260869567,5,,,,,,,,,1,1,1,0.7,1.0
70,23,9,0.01864473712174515,0.4267241379310345,5,,,,,,,,,1,1,1,0.7,1.0
70,24,2,0.0,0.32038834951456313,2,,,,,,,,,1,1,1,0.7,1.0
70,25,5,0.0062320001243736595,0.38076923076923075,5,,,,,,,,,1,1,1,0.7,1.0
70,26,3,0.0011672780323125835,0.36,3,,,,,,,,,1,1,1,0.7,1.0
70,27,14,0.04032081334260075,0.4782608695652174,5,,,,,,,,,1,1,1,0.7,1.0
70,28,11,0.025196041378104415,0.4479638009049774,5,,,,,,,,,1,1,1,0.7,1.0
70,29,6,0.007148901888439518,0.391304347826087,5,,,,,,,,,1,1,1,0.7,1.0
70,30,6,0.007893523509131792,0.38671875,5,,,,,,,,,1,1,1,0.7,1.0
70,31,8,0.016685872476458252,0.4008097165991903,5,,,,,,,,,1,1,1,0.7,1.0
70,32,15,0.042175075381476565,0.47368421052631576,5,,,,,,,,,1,1,1,0.7,1.0
70,33,9,0.02012775183331944,0.4230769230769231,5,,,,,,,,,1,1,1,0.7,1.0
70,34,9,0.01841082522871394,0.4248927038626609,5,,,,,,,,,1,1,1,0.7,1.0
70,35,9,0.022128555021271912,0.42127659574468085,5,,,,,,,,,1,1,1,0.7,1.0
70,36,6,0.009052232439077976,0.4008097165991903,5,,,,,,,,,1,1,1,0.7,1.0
70,37,10,0.022884808637103175,0.4439461883408072,5,,,,,,,,,1,1,1,0.7,1.0
70,38,3,0.0011621659124968892,0.33559322033898303,3,,,,,,,,,1,1,1,0.7,1.0
70,39,7,0.009374462711473703,0.4125,5,,,,,,,,,1,1,1,0.7,1.0
70,40,7,0.010041046143858966,0.41422594142259417,5,,,,,,,,,1,1,1,0.7,1.0
70,41,8,0.01644273385424969,0.42127659574468085,5,,,,,,,,,1,1,1,0.7,1.0
70,42,7,0.008107386616062813,0.40408163265306124,5,,,,,,,,,1,1,1,0.7,1.0
70,43,8,0.014842540020111665,0.43805309734513276,5,,,,,,,,,1,1,1,0.7,1.0
70,44,9,0.019506962294465077,0.4194915254237288,5,,,,,,,,,1,1,1,0.7,1.0
70,45,8,0.015499166069116324,0.4090909090909091,5,,,,,,,,,1,1,1,0.7,1.0
70,46,7,0.009132084094994313,0.4107883817427386,5,,,,,,,,,1,1,1,0.7,1.0
70,47,8,0.01588333884215923,0.4008097165991903,5,,,,,,,,,1,1,1,0.7,1.0
70,48,8,0.013057353661506293,0.4194915254237288,5,,,,,,,,,1,1,1,0.7,1.0
70,49,10,0.022998126649215727,0.4342105263157895,5,,,,,,,,,1,1,1,0.7,1.0
70,50,10,0.0308143346441008,0.43805309734513276,5,,,,,,,,,1,1,1,0.7,1.0
70,51,14,0.03914697687093884,0.4714285714285714,5,,,,,,,,,1,1,1,0.7,1.0
70,52,5,0.008107289253582214,0.376425855513308,5,,,,,,,,,1,1,1,0.7,1.0
70,53,8,0.011537483487035103,0.4177215189873418,5,,,,,,,,,1,1,1,0.7,1.0
70,54,4,0.003793024144388423,0.3626373626373626,3,,,,,,,,,1,1,1,0.7,1.0
70,55,10,0.023237659776797134,0.4541284403669725,5,,,,,,,,,1,1,1,0.7,1.0
70,56,5,0.005797905192208366,0.37358490566037733,5,,,,,,,,,1,1,1,0.7,1.0
70,57,8,0.016349603863737225,0.4090909090909091,5,,,,,,,,,1,1,1,0.7,1.0
70,58,9,0.019899514796318962,0.4194915254237288,5,,,,,,,,,1,1,1,0.7,1.0
70,59,10,0.022085707361162835,0.4342105263157895,5,,,,,,,,,1,1,1,0.7,1.0
70,60,11,0.019807911567924382,0.43612334801762115,5,,,,,,,,,1,1,1,0.7,1.0
70,61,8,0.010424008924552612,0.4057377049180328,5,,,,,,,,,1,1,1,0.7,1.0
70,62,12,0.025946448104021823,0.45622119815668205,5,,,,,,,,,1,1,1,0.7,1.0
70,63,2,0.0005614126362425681,0.3344594594594595,2,,,,,,,,,1,1,1,0.7,1.0
70,64,9,0.01872332415682547,0.4267241379310345,5,,,,,,,,,1,1,1,0.7,1.0
70,65,12,0.031032488648889307,0.4520547945205479,5,,,,,,,,,1,1,1,0.7,1.0
70,66,6,0.0057761754226101384,0.38372093023255816,5,,,,,,,,,1,1,1,0.7,1.0
70,67,7,0.013160777951982968,0.42127659574468085,5,,,,,,,,,1,1,1,0.7,1.0
70,68,9,0.017227215239394276,0.4248927038626609,5,,,,,,,,,1,1,1,0.7,1.0
70,69,10,0.025227933667602773,0.4177215189873418,5,,,,,,,,,1,1,1,0.7,1.0
70,70,8,0.01387620475838911,0.4267241379310345,5,,,,,,,,,1,1,1,0.7,1.0
70,71,9,0.016185486162689472,0.41596638655462187,5,,,,,,,,,1,1,1,0.7,1.0
70,72,9,0.015273779864619004,0.43043478260869567,5,,,,,,,,,1,1,1,0.7,1.0
70,73,5,0.004078652941379849,0.375,5,,,,,,,,,1,1,1,0.7,1.0
70,74,9,0.018681489814624395,0.4125,5,,,,,,,,,1,1,1,0.7,1.0
70,75,9,0.0171208681049252,0.43231441048034935,5,,,,,,,,,1,1,1,0.7,1.0
70,76,9,0.014075601128570363,0.42127659574468085,5,,,,,,,,,1,1,1,0.7,1.0
70,77,10,0.01743825099569623,0.44,5,,,,,,,,,1,1,1,0.7,1.0
70,78,5,0.0038024049630668573,0.38976377952755903,5,,,,,,,,,1,1,1,0.7,1.0
70,79,6,0.003933385627379168,0.396,5,,,,,,,,,1,1,1,0.7,1.0
70,80,6,0.009540177285457217,0.38976377952755903,5,,,,,,,,,1,1,1,0.7,1.0
70,81,4,0.003878362412685233,0.3535714285714286,3,,,,,,,,,1,1,1,0.7,1.0
70,82,6,0.006102204291129582,0.3793103448275862,5,,,,,,,,,1,1,1,0.7,1.0
70,83,9,0.020811545403340872,0.4230769230769231,5,,,,,,,,,1,1,1,0.7,1.0
70,84,7,0.012843574800630352,0.38823529411764707,5,,,,,,,,,1,1,1,0.7,1.0
70,85,11,0.02311943072088779,0.43612334801762115,5,,,,,,,,,1,1,1,0.7,1.0
70,86,9,0.02249266760837428,0.4230769230769231,5,,,,,,,,,1,1,1,0.7,1.0
70,87,9,0.01288331850351868,0.4248927038626609,5,,,,,,,,,1,1,1,0.7,1.0
70,88,7,0.009293753449501873,0.4090909090909091,5,,,,,,,,,1,1,1,0.7,1.0
70,89,7,0.007638586484533018,0.4074074074074074,5,,,,,,,,,1,1,1,0.7,1.0
70,90,10,0.023171127747701463,0.43231441048034935,5,,,,,,,,,1,1,1,0.7,1.0
70,91,10,0.02595944987752483,0.4439461883408072,5,,,,,,,,,1,1,1,0.7,1.0
70,92,7,0.008537605041661208,0.4008097165991903,5,,,,,,,,,1,1,1,0.7,1.0
70,93,10,0.02616016778149733,0.4479638009049774,5,,,,,,,,,1,1,1,0.7,1.0
70,94,4,0.002824004922169769,0.36,4,,,,,,,,,1,1,1,0.7,1.0
70,95,6,0.0073059396014398675,0.4057377049180328,5,,,,,,,,,1,1,1,0.7,1.0
70,96,6,0.008292640749202327,0.391304347826087,5,,,,,,,,,1,1,1,0.7,1.0
70,97,7,0.012769970808459086,0.4090909090909091,5,,,,,,,,,1,1,1,0.7,1.0
70,98,9,0.016231205942319603,0.4267241379310345,5,,,,,,,,,1,1,1,0.7,1.0
70,99,10,0.02365500758389639,0.4177215189873418,5,,,,,,,,,1,1,1,0.7,1.0
71,0,12,0.027870177639501746,0.4439461883408072,5,,,,,,,,,1,1,1,0.7,1.0
71,1,6,0.008284928002406858,0.39759036144578314,5,,,,,,,,,1,1,1,0.7,1.0
71,2,6,0.007862988956379923,0.3944223107569721,5,,,,,,,,,1,1,1,0.7,1.0
71,3,7,0.009060616819988506,0.4125,5,,,,,,,,,1,1,1,0.7,1.0
71,4,7,0.011546566243780348,0.38372093023255816,5,,,,,,,,,1,1,1,0.7,1.0
71,5,6,0.007353821423085494,0.38823529411764707,5,,,,,,,,,1,1,1,0.7,1.0
71,6,8,0.016582929083409786,0.4024390243902439,5,,,,,,,,,1,1,1,0.7,1.0
71,7,7,0.01482499303979092,0.4090909090909091,5,,,,,,,,,1,1,1,0.7,1.0
71,8,5,0.004648371147546576,0.38671875,5,,,,,,,,,1,1,1,0.7,1.0
71,9,8,0.01083664390532592,0.4125,5,,,,,,,,,1,1,1,0.7,1.0
71,10,4,0.0030267081689468824,0.375,4,,,,,,,,,1,1,1,0.7,1.0
71,11,3,0.001798234955708471,0.3378839590443686,3,,,,,,,,,1,1,1,0.7,1.0
71,12,12,0.03246531234079403,0.4714285714285714,5,,,,,,,,,1,1,1,0.7,1.0
71,13,7,0.009413152607664656,0.3944223107569721,5,,,,,,,,,1,1,1,0.7,1.0
71,14,10,0.02034681887297241,0.43612334801762115,5,,,,,,,,,1,1,1,0.7,1.0
71,15,9,0.022967970997341273,0.4125,5,,,,,,,,,1,1,1,0.7,1.0
71,16,3,0.0008141163676104925,0.3473684210526316,3,,,,,,,,,1,1,1,0.7,1.0
71,17,9,0.013710214410568368,0.4125,5,,,,,,,,,1,1,1,0.7,1.0
71,18,12,0.029269697836801636,0.4669811320754717,5,,,,,,,,,1,1,1,0.7,1.0
71,19,10,0.0202537925463073,0.4419642857142857,5,,,,,,,,,1,1,1,0.7,1.0
71,20,3,0.0021808142692860207,0.339041095890411,3,,,,,,,,,1,1,1,0.7,1.0
71,21,6,0.007542316400121865,0.39919354838709675,5,,,,,,,,,1,1,1,0.7,1.0
71,22,10,0.029376023808859605,0.43043478260869567,5,,,,,,,,,1,1,1,0.7,1.0
71,23,9,0.01864473712174515,0.4267241379310345,5,,,,,,,,,1,1,1,0.7,1.0
71,24,2,0.0,0.32038834951456313,2,,,,,,,,,1,1,1,0.7,1.0
71,25,5,0.0062320001243736595,0.38076923076923075,5,,,,,,,,,1,1,1,0.7,1.0
71,26,3,0.0011672780323125835,0.36,3,,,,,,,,,1,1,1,0.7,1.0
71,27,14,0.04032081334260075,0.4782608695652174,5,,,,,,,,,1,1,1,0.7,1.0
71,28,11,0.025196041378104415,0.4479638009049774,5,,,,,,,,,1,1,1,0.7,1.0
71,29,6,0.007148901888439518,0.391304347826087,5,,,,,,,,,1,1,1,0.7,1.0
71,30,6,0.007893523509131792,0.38671875,5,,,,,,,,,1,1,1,0.7,1.0
71,31,8,0.016685872476458252,0.4008097165991903,5,,,,,,,,,1,1,1,0.7,1.0
71,32,15,0.042175075381476565,0.47368421052631576,5,,,,,,,,,1,1,1,0.7,1.0
71,33,9,0.02012775183331944,0.4230769230769231,5,,,,,,,,,1,1,1,0.7,1.0
71,34,9,0.01841082522871394,0.4248927038626609,5,,,,,,,,,1,1,1,0.7,1.0
71,35,9,0.022128555021271912,0.42127659574468085,5,,,,,,,,,1,1,1,0.7,1.0
71,36,6,0.009052232439077976,0.4008097165991903,5,,,,,,,,,1,1,1,0.7,1.0
71,37,10,0.022884808637103175,0.4439461883408072,5,,,,,,,,,1,1,1,0.7,1.0
71,38,3,0.0011621659124968892,0.33559322033898303,3,,,,,,,,,1,1,1,0.7,1.0
71,39,7,0.009374462711473703,0.4125,5,,,,,,,,,1,1,1,0.7,1.0
71,40,7,0.010041046143858966,0.41422594142259417,5,,,,,,,,,1,1,1,0.7,1.0
71,41,8,0.01644273385424969,0.42127659574468085,5,,,,,,,,,1,1,1,0.7,1.0
71,42,7,0.008107386616062813,0.40408163265306124,5,,,,,,,,,1,1,1,0.7,1.0
71,43,8,0.014842540020111665,0.43805309734513276,5,,,,,,,,,1,1,1,0.7,1.0
71,44,9,0.019506962294465077,0.4194915254237288,5,,,,,,,,,1,1,1,0.7,1.0
71,45,8,0.015499166069116324,0.4090909090909091,5,,,,,,,,,1,1,1,0.7,1.0
71,46,7,0.009132084094994313,0.4107883817427386,5,,,,,,,,,1,1,1,0.7,1.0
71,47,8,0.01588333884215923,0.4008097165991903,5,,,,,,,,,1,1,1,0.7,1.0
71,48,8,0.013057353661506293,0.4194915254237288,5,,,,,,,,,1,1,1,0.7,1.0
71,49,10,0.022998126649215727,0.4342105263157895,5,,,,,,,,,1,1,1,0.7,1.0
71,50,10,0.0308143346441008,0.43805309734513276,5,,,,,,,,,1,1,1,0.7,1.0
71,51,14,0.03914697687093884,0.4714285714285714,5,,,,,,,,,1,1,1,0.7,1.0
71,52,5,0.008107289253582214,0.376425855513308,5,,,,,,,,,1,1,1,0.7,1.0
71,53,8,0.011537483487035103,0.4177215189873418,5,,,,,,,,,1,1,1,0.7,1.0
71,54,4,0.003793024144388423,0.3626373626373626,3,,,,,,,,,1,1,1,0.7,1.0
71,55,10,0.023237659776797134,0.4541284403669725,5,,,,,,,,,1,1,1,0.7,1.0
71,56,5,0.005797905192208366,0.37358490566037733,5,,,,,,,,,1,1,1,0.7,1.0
71,57,8,0.016349603863737225,0.4090909090909091,5,,,,,,,,,1,1,1,0.7,1.0
71,58,9,0.019899514796318962,0.4194915254237288,5,,,,,,,,,1,1,1,0.7,1.0
71,59,10,0.022085707361162835,0.4342105263157895,5,,,,,,,,,1,1,1,0.7,1.0
71,60,11,0.019807911567924382,0.43612334801762115,5,,,,,,,,,1,1,1,0.7,1.0
71,61,8,0.010424008924552612,0.4057377049180328,5,,,,,,,,,1,1,1,0.7,1.0
71,62,12,0.025946448104021823,0.45622119815668205,5,,,,,,,,,1,1,1,0.7,1.0
71,63,2,0.0005614126362425681,0.3344594594594595,2,,,,,,,,,1,1,1,0.7,1.0
71,64,9,0.01872332415682547,0.4267241379310345,5,,,,,,,,,1,1,1,0.7,1.0
71,65,12,0.031032488648889307,0.4520547945205479,5,,,,,,,,,1,1,1,0.7,1.0
71,66,6,0.0057761754226101384,0.38372093023255816,5,,,,,,,,,1,1,1,0.7,1.0
71,67,7,0.013160777951982968,0.42127659574468085,5,,,,,,,,,1,1,1,0.7,1.0
71,68,9,0.017227215239394276,0.4248927038626609,5,,,,,,,,,1,1,1,0.7,1.0
71,69,10,0.025227933667602773,0.4177215189873418,5,,,,,,,,,1,1,1,0.7,1.0
71,70,8,0.01387620475838911,0.4267241379310345,5,,,,,,,,,1,1,1,0.7,1.0
71,71,9,0.016185486162689472,0.41596638655462187,5,,,,,,,,,1,1,1,0.7,1.0
71,72,9,0.015273779864619004,0.43043478260869567,5,,,,,,,,,1,1,1,0.7,1.0
71,73,5,0.004078652941379849,0.375,5,,,,,,,,,1,1,1,0.7,1.0
71,74,9,0.018681489814624395,0.4125,5,,,,,,,,,1,1,1,0.7,1.0
71,75,9,0.0171208681049252,0.43231441048034935,5,,,,,,,,,1,1,1,0.7,1.0
71,76,9,0.014075601128570363,0.42127659574468085,5,,,,,,,,,1,1,1,0.7,1.0
71,77,10,0.01743825099569623,0.44,5,,,,,,,,,1,1,1,0.7,1.0
71,78,5,0.0038024049630668573,0.38976377952755903,5,,,,,,,,,1,1,1,0.7,1.0
71,79,6,0.003933385627379168,0.396,5,,,,,,,,,1,1,1,0.7,1.0
71,80,6,0.009540177285457217,0.38976377952755903,5,,,,,,,,,1,1,1,0.7,1.0
71,81,4,0.003878362412685233,0.3535714285714286,3,,,,,,,,,1,1,1,0.7,1.0
71,82,6,0.006102204291129582,0.3793103448275862,5,,,,,,,,,1,1,1,0.7,1.0
71,83,9,0.020811545403340872,0.4230769230769231,5,,,,,,,,,1,1,1,0.7,1.0
71,84,7,0.012843574800630352,0.38823529411764707,5,,,,,,,,,1,1,1,0.7,1.0
71,85,11,0.02311943072088779,0.43612334801762115,5,,,,,,,,,1,1,1,0.7,1.0
71,86,9,0.02249266760837428,0.4230769230769231,5,,,,,,,,,1,1,1,0.7,1.0
71,87,9,0.01288331850351868,0.4248927038626609,5,,,,,,,,,1,1,1,0.7,1.0
71,88,7,0.009293753449501873,0.4090909090909091,5,,,,,,,,,1,1,1,0.7,1.0
71,89,7,0.007638586484533018,0.4074074074074074,5,,,,,,,,,1,1,1,0.7,1.0
71,90,10,0.023171127747701463,0.43231441048034935,5,,,,,,,,,1,1,1,0.7,1.0
71,91,10,0.02595944987752483,0.4439461883408072,5,,,,,,,,,1,1,1,0.7,1.0
71,92,7,0.008537605041661208,0.4008097165991903,5,,,,,,,,,1,1,1,0.7,1.0
71,93,10,0.02616016778149733,0.4479638009049774,5,,,,,,,,,1,1,1,0.7,1.0
71,94,4,0.002824004922169769,0.36,4,,,,,,,,,1,1,1,0.7,1.0
71,95,6,0.0073059396014398675,0.4057377049180328,5,,,,,,,,,1,1,1,0.7,1.0
71,96,6,0.008292640749202327,0.391304347826087,5,,,,,,,,,1,1,1,0.7,1.0
71,97,7,0.012769970808459086,0.4090909090909091,5,,,,,,,,,1,1,1,0.7,1.0
71,98,9,0.016231205942319603,0.4267241379310345,5,,,,,,,,,1,1,1,0.7,1.0
71,99,10,0.02365500758389639,0.4177215189873418,5,,,,,,,,,1,1,1,0.7,1.0
72,0,12,0.027870177639501746,0.4439461883408072,5,,,,,,,,,1,1,1,0.7,1.0
72,1,6,0.008284928002406858,0.39759036144578314,5,,,,,,,,,1,1,1,0.7,1.0
72,2,6,0.007862988956379923,0.3944223107569721,5,,,,,,,,,1,1,1,0.7,1.0
72,3,7,0.009060616819988506,0.4125,5,,,,,,,,,1,1,1,0.7,1.0
72,4,7,0.011546566243780348,0.38372093023255816,5,,,,,,,,,1,1,1,0.7,1.0
72,5,6,0.007353821423085494,0.38823529411764707,5,,,,,,,,,1,1,1,0.7,1.0
72,6,8,0.016582929083409786,0.4024390243902439,5,,,,,,,,,1,1,1,0.7,1.0
72,7,7,0.01482499303979092,0.4090909090909091,5,,,,,,,,,1,1,1,0.7,1.0
72,8,5,0.004648371147546576,0.38671875,5,,,,,,,,,1,1,1,0.7,1.0
72,9,8,0.01083664390532592,0.4125,5,,,,,,,,,1,1,1,0.7,1.0
72,10,4,0.0030267081689468824,0.375,4,,,,,,,,,1,1,1,0.7,1.0
72,11,3,0.001798234955708471,0.3378839590443686,3,,,,,,,,,1,1,1,0.7,1.0
72,12,12,0.03246531234079403,0.4714285714285714,5,,,,,,,,,1,1,1,0.7,1.0
72,13,7,0.009413152607664656,0.3944223107569721,5,,,,,,,,,1,1,1,0.7,1.0
72,14,10,0.02034681887297241,0.43612334801762115,5,,,,,,,,,1,1,1,0.7,1.0
72,15,9,0.022967970997341273,0.4125,5,,,,,,,,,1,1,1,0.7,1.0
72,16,3,0.0008141163676104925,0.3473684210526316,3,,,,,,,,,1,1,1,0.7,1.0
72,17,9,0.013710214410568368,0.4125,5,,,,,,,,,1,1,1,0.7,1.0
72,18,12,0.029269697836801636,0.4669811320754717,5,,,,,,,,,1,1,1,0.7,1.0
72,19,10,0.0202537925463073,0.4419642857142857,5,,,,,,,,,1,1,1,0.7,1.0
72,20,3,0.0021808142692860207,0.339041095890411,3,,,,,,,,,1,1,1,0.7,1.0
72,21,6,0.007542316400121865,0.39919354838709675,5,,,,,,,,,1,1,1,0.7,1.0
72,22,10,0.029376023808859605,0.43043478260869567,5,,,,,,,,,1,1,1,0.7,1.0
72,23,9,0.01864473712174515,0.4267241379310345,5,,,,,,,,,1,1,1,0.7,1.0
72,24,2,0.0,0.32038834951456313,2,,,,,,,,,1,1,1,0.7,1.0
72,25,5,0.0062320001243736595,0.38076923076923075,5,,,,,,,,,1,1,1,0.7,1.0
72,26,3,0.0011672780323125835,0.36,3,,,,,,,,,1,1,1,0.7,1.0
72,27,14,0.04032081334260075,0.4782608695652174,5,,,,,,,,,1,1,1,0.7,1.0
72,28,11,0.025196041378104415,0.4479638009049774,5,,,,,,,,,1,1,1,0.7,1.0
72,29,6,0.007148901888439518,0.391304347826087,5,,,,,,,,,1,1,1,0.7,1.0
72,30,6,0.007893523509131792,0.38671875,5,,,,,,,,,1,1,1,0.7,1.0
72,31,8,0.016685872476458252,0.4008097165991903,5,,,,,,,,,1,1,1,0.7,1.0
72,32,15,0.042175075381476565,0.47368421052631576,5,,,,,,,,,1,1,1,0.7,1.0
72,33,9,0.02012775183331944,0.4230769230769231,5,,,,,,,,,1,1,1,0.7,1.0
72,34,9,0.01841082522871394,0.4248927038626609,5,,,,,,,,,1,1,1,0.7,1.0
72,35,9,0.022128555021271912,0.42127659574468085,5,,,,,,,,,1,1,1,0.7,1.0
72,36,6,0.009052232439077976,0.4008097165991903,5,,,,,,,,,1,1,1,0.7,1.0
72,37,10,0.022884808637103175,0.4439461883408072,5,,,,,,,,,1,1,1,0.7,1.0
72,38,3,0.0011621659124968892,0.33559322033898303,3,,,,,,,,,1,1,1,0.7,1.0
72,39,7,0.009374462711473703,0.4125,5,,,,,,,,,1,1,1,0.7,1.0
72,40,7,0.010041046143858966,0.41422594142259417,5,,,,,,,,,1,1,1,0.7,1.0
72,41,8,0.01644273385424969,0.42127659574468085,5,,,,,,,,,1,1,1,0.7,1.0
72,42,7,0.008107386616062813,0.40408163265306124,5,,,,,,,,,1,1,1,0.7,1.0
72,43,8,0.014842540020111665,0.43805309734513276,5,,,,,,,,,1,1,1,0.7,1.0
72,44,9,0.019506962294465077,0.4194915254237288,5,,,,,,,,,1,1,1,0.7,1.0
72,45,8,0.015499166069116324,0.4090909090909091,5,,,,,,,,,1,1,1,0.7,1.0
72,46,7,0.009132084094994313,0.4107883817427386,5,,,,,,,,,1,1,1,0.7,1.0
72,47,8,0.01588333884215923,0.4008097165991903,5,,,,,,,,,1,1,1,0.7,1.0
72,48,8,0.013057353661506293,0.4194915254237288,5,,,,,,,,,1,1,1,0.7,1.0
72,49,10,0.022998126649215727,0.4342105263157895,5,,,,,,,,,1,1,1,0.7,1.0
72,50,10,0.0308143346441008,0.43805309734513276,5,,,,,,,,,1,1,1,0.7,1.0
72,51,14,0.03914697687093884,0.4714285714285714,5,,,,,,,,,1,1,1,0.7,1.0
72,52,5,0.008107289253582214,0.376425855513308,5,,,,,,,,,1,1,1,0.7,1.0
72,53,8,0.011537483487035103,0.4177215189873418,5,,,,,,,,,1,1,1,0.7,1.0
72,54,4,0.003793024144388423,0.3626373626373626,3,,,,,,,,,1,1,1,0.7,1.0
72,55,10,0.023237659776797134,0.4541284403669725,5,,,,,,,,,1,1,1,0.7,1.0
72,56,5,0.005797905192208366,0.37358490566037733,5,,,,,,,,,1,1,1,0.7,1.0
72,57,8,0.016349603863737225,0.4090909090909091,5,,,,,,,,,1,1,1,0.7,1.0
72,58,9,0.019899514796318962,0.4194915254237288,5,,,,,,,,,1,1,1,0.7,1.0
72,59,10,0.022085707361162835,0.4342105263157895,5,,,,,,,,,1,1,1,0.7,1.0
72,60,11,0.019807911567924382,0.43612334801762115,5,,,,,,,,,1,1,1,0.7,1.0
72,61,8,0.010424008924552612,0.4057377049180328,5,,,,,,,,,1,1,1,0.7,1.0
72,62,12,0.025946448104021823,0.45622119815668205,5,,,,,,,,,1,1,1,0.7,1.0
72,63,2,0.0005614126362425681,0.3344594594594595,2,,,,,,,,,1,1,1,0.7,1.0
72,64,9,0.01872332415682547,0.4267241379310345,5,,,,,,,,,1,1,1,0.7,1.0
72,65,12,0.031032488648889307,0.4520547945205479,5,,,,,,,,,1,1,1,0.7,1.0
72,66,6,0.0057761754226101384,0.38372093023255816,5,,,,,,,,,1,1,1,0.7,1.0
72,67,7,0.013160777951982968,0.42127659574468085,5,,,,,,,,,1,1,1,0.7,1.0
72,68,9,0.017227215239394276,0.4248927038626609,5,,,,,,,,,1,1,1,0.7,1.0
72,69,10,0.025227933667602773,0.4177215189873418,5,,,,,,,,,1,1,1,0.7,1.0
72,70,8,0.01387620475838911,0.4267241379310345,5,,,,,,,,,1,1,1,0.7,1.0
72,71,9,0.016185486162689472,0.41596638655462187,5,,,,,,,,,1,1,1,0.7,1.0
72,72,9,0.015273779864619004,0.43043478260869567,5,,,,,,,,,1,1,1,0.7,1.0
72,73,5,0.004078652941379849,0.375,5,,,,,,,,,1,1,1,0.7,1.0
72,74,9,0.018681489814624395,0.4125,5,,,,,,,,,1,1,1,0.7,1.0
72,75,9,0.0171208681049252,0.43231441048034935,5,,,,,,,,,1,1,1,0.7,1.0
72,76,9,0.014075601128570363,0.42127659574468085,5,,,,,,,,,1,1,1,0.7,1.0
72,77,10,0.01743825099569623,0.44,5,,,,,,,,,1,1,1,0.7,1.0
72,78,5,0.0038024049630668573,0.38976377952755903,5,,,,,,,,,1,1,1,0.7,1.0
72,79,6,0.003933385627379168,0.396,5,,,,,,,,,1,1,1,0.7,1.0
72,80,6,0.009540177285457217,0.38976377952755903,5,,,,,,,,,1,1,1,0.7,1.0
72,81,4,0.003878362412685233,0.3535714285714286,3,,,,,,,,,1,1,1,0.7,1.0
72,82,6,0.006102204291129582,0.3793103448275862,5,,,,,,,,,1,1,1,0.7,1.0
72,83,9,0.020811545403340872,0.4230769230769231,5,,,,,,,,,1,1,1,0.7,1.0
72,84,7,0.012843574800630352,0.38823529411764707,5,,,,,,,,,1,1,1,0.7,1.0
72,85,11,0.02311943072088779,0.43612334801762115,5,,,,,,,,,1,1,1,0.7,1.0
72,86,9,0.02249266760837428,0.4230769230769231,5,,,,,,,,,1,1,1,0.7,1.0
72,87,9,0.01288331850351868,0.4248927038626609,5,,,,,,,,,1,1,1,0.7,1.0
72,88,7,0.009293753449501873,0.4090909090909091,5,,,,,,,,,1,1,1,0.7,1.0
72,89,7,0.007638586484533018,0.4074074074074074,5,,,,,,,,,1,1,1,0.7,1.0
72,90,10,0.023171127747701463,0.43231441048034935,5,,,,,,,,,1,1,1,0.7,1.0
72,91,10,0.02595944987752483,0.4439461883408072,5,,,,,,,,,1,1,1,0.7,1.0
72,92,7,0.008537605041661208,0.4008097165991903,5,,,,,,,,,1,1,1,0.7,1.0
72,93,10,0.02616016778149733,0.4479638009049774,5,,,,,,,,,1,1,1,0.7,1.0
72,94,4,0.002824004922169769,0.36,4,,,,,,,,,1,1,1,0.7,1.0
72,95,6,0.0073059396014398675,0.4057377049180328,5,,,,,,,,,1,1,1,0.7,1.0
72,96,6,0.008292640749202327,0.391304347826087,5,,,,,,,,,1,1,1,0.7,1.0
72,97,7,0.012769970808459086,0.4090909090909091,5,,,,,,,,,1,1,1,0.7,1.0
72,98,9,0.016231205942319603,0.4267241379310345,5,,,,,,,,,1,1,1,0.7,1.0
72,99,10,0.02365500758389639,0.4177215189873418,5,,,,,,,,,1,1,1,0.7,1.0
73,0,12,0.027870177639501746,0.4439461883408072,5,,,,,,,,,1,1,1,0.7,1.0
73,1,6,0.008284928002406858,0.39759036144578314,5,,,,,,,,,1,1,1,0.7,1.0
73,2,6,0.007862988956379923,0.3944223107569721,5,,,,,,,,,1,1,1,0.7,1.0
73,3,7,0.009060616819988506,0.4125,5,,,,,,,,,1,1,1,0.7,1.0
73,4,7,0.011546566243780348,0.38372093023255816,5,,,,,,,,,1,1,1,0.7,1.0
73,5,6,0.007353821423085494,0.38823529411764707,5,,,,,,,,,1,1,1,0.7,1.0
73,6,8,0.016582929083409786,0.4024390243902439,5,,,,,,,,,1,1,1,0.7,1.0
73,7,7,0.01482499303979092,0.4090909090909091,5,,,,,,,,,1,1,1,0.7,1.0
73,8,5,0.004648371147546576,0.38671875,5,,,,,,,,,1,1,1,0.7,1.0
73,9,8,0.01083664390532592,0.4125,5,,,,,,,,,1,1,1,0.7,1.0
73,10,4,0.0030267081689468824,0.375,4,,,,,,,,,1,1,1,0.7,1.0
73,11,3,0.001798234955708471,0.3378839590443686,3,,,,,,,,,1,1,1,0.7,1.0
73,12,12,0.03246531234079403,0.4714285714285714,5,,,,,,,,,1,1,1,0.7,1.0
73,13,7,0.009413152607664656,0.3944223107569721,5,,,,,,,,,1,1,1,0.7,1.0
73,14,10,0.02034681887297241,0.43612334801762115,5,,,,,,,,,1,1,1,0.7,1.0
73,15,9,0.022967970997341273,0.4125,5,,,,,,,,,1,1,1,0.7,1.0
73,16,3,0.0008141163676104925,0.3473684210526316,3,,,,,,,,,1,1,1,0.7,1.0
73,17,9,0.013710214410568368,0.4125,5,,,,,,,,,1,1,1,0.7,1.0
73,18,12,0.029269697836801636,0.4669811320754717,5,,,,,,,,,1,1,1,0.7,1.0
73,19,10,0.0202537925463073,0.4419642857142857,5,,,,,,,,,1,1,1,0.7,1.0
73,20,3,0.0021808142692860207,0.339041095890411,3,,,,,,,,,1,1,1,0.7,1.0
73,21,6,0.007542316400121865,0.39919354838709675,5,,,,,,,,,1,1,1,0.7,1.0
73,22,10,0.029376023808859605,0.43043478260869567,5,,,,,,,,,1,1,1,0.7,1.0
73,23,9,0.01864473712174515,0.4267241379310345,5,,,,,,,,,1,1,1,0.7,1.0
73,24,2,0.0,0.32038834951456313,2,,,,,,,,,1,1,1,0.7,1.0
73,25,5,0.0062320001243736595,0.38076923076923075,5,,,,,,,,,1,1,1,0.7,1.0
73,26,3,0.0011672780323125835,0.36,3,,,,,,,,,1,1,1,0.7,1.0
73,27,14,0.04032081334260075,0.4782608695652174,5,,,,,,,,,1,1,1,0.7,1.0
73,28,11,0.025196041378104415,0.4479638009049774,5,,,,,,,,,1,1,1,0.7,1.0
73,29,6,0.007148901888439518,0.391304347826087,5,,,,,,,,,1,1,1,0.7,1.0
73,30,6,0.007893523509131792,0.38671875,5,,,,,,,,,1,1,1,0.7,1.0
73,31,8,0.016685872476458252,0.4008097165991903,5,,,,,,,,,1,1,1,0.7,1.0
73,32,15,0.042175075381476565,0.47368421052631576,5,,,,,,,,,1,1,1,0.7,1.0
73,33,9,0.02012775183331944,0.4230769230769231,5,,,,,,,,,1,1,1,0.7,1.0
73,34,9,0.01841082522871394,0.4248927038626609,5,,,,,,,,,1,1,1,0.7,1.0
73,35,9,0.022128555021271912,0.42127659574468085,5,,,,,,,,,1,1,1,0.7,1.0
73,36,6,0.009052232439077976,0.4008097165991903,5,,,,,,,,,1,1,1,0.7,1.0
73,37,10,0.022884808637103175,0.4439461883408072,5,,,,,,,,,1,1,1,0.7,1.0
73,38,3,0.0011621659124968892,0.33559322033898303,3,,,,,,,,,1,1,1,0.7,1.0
73,39,7,0.009374462711473703,0.4125,5,,,,,,,,,1,1,1,0.7,1.0
73,40,7,0.010041046143858966,0.41422594142259417,5,,,,,,,,,1,1,1,0.7,1.0
73,41,8,0.01644273385424969,0.42127659574468085,5,,,,,,,,,1,1,1,0.7,1.0
73,42,7,0.008107386616062813,0.40408163265306124,5,,,,,,,,,1,1,1,0.7,1.0
73,43,8,0.014842540020111665,0.43805309734513276,5,,,,,,,,,1,1,1,0.7,1.0
73,44,9,0.019506962294465077,0.4194915254237288,5,,,,,,,,,1,1,1,0.7,1.0
73,45,8,0.015499166069116324,0.4090909090909091,5,,,,,,,,,1,1,1,0.7,1.0
73,46,7,0.009132084094994313,0.4107883817427386,5,,,,,,,,,1,1,1,0.7,1.0
73,47,8,0.01588333884215923,0.4008097165991903,5,,,,,,,,,1,1,1,0.7,1.0
73,48,8,0.013057353661506293,0.4194915254237288,5,,,,,,,,,1,1,1,0.7,1.0
73,49,10,0.022998126649215727,0.4342105263157895,5,,,,,,,,,1,1,1,0.7,1.0
73,50,10,0.0308143346441008,0.43805309734513276,5,,,,,,,,,1,1,1,0.7,1.0
73,51,14,0.03914697687093884,0.4714285714285714,5,,,,,,,,,1,1,1,0.7,1.0
73,52,5,0.008107289253582214,0.376425855513308,5,,,,,,,,,1,1,1,0.7,1.0
73,53,8,0.011537483487035103,0.4177215189873418,5,,,,,,,,,1,1,1,0.7,1.0
73,54,4,0.003793024144388423,0.3626373626373626,3,,,,,,,,,1,1,1,0.7,1.0
73,55,10,0.023237659776797134,0.4541284403669725,5,,,,,,,,,1,1,1,0.7,1.0
73,56,5,0.005797905192208366,0.37358490566037733,5,,,,,,,,,1,1,1,0.7,1.0
73,57,8,0.016349603863737225,0.4090909090909091,5,,,,,,,,,1,1,1,0.7,1.0
73,58,9,0.019899514796318962,0.4194915254237288,5,,,,,,,,,1,1,1,0.7,1.0
73,59,10,0.022085707361162835,0.4342105263157895,5,,,,,,,,,1,1,1,0.7,1.0
73,60,11,0.019807911567924382,0.43612334801762115,5,,,,,,,,,1,1,1,0.7,1.0
73,61,8,0.010424008924552612,0.4057377049180328,5,,,,,,,,,1,1,1,0.7,1.0
73,62,12,0.025946448104021823,0.45622119815668205,5,,,,,,,,,1,1,1,0.7,1.0
73,63,2,0.0005614126362425681,0.3344594594594595,2,,,,,,,,,1,1,1,0.7,1.0
73,64,9,0.01872332415682547,0.4267241379310345,5,,,,,,,,,1,1,1,0.7,1.0
73,65,12,0.031032488648889307,0.4520547945205479,5,,,,,,,,,1,1,1,0.7,1.0
73,66,6,0.0057761754226101384,0.38372093023255816,5,,,,,,,,,1,1,1,0.7,1.0
73,67,7,0.013160777951982968,0.42127659574468085,5,,,,,,,,,1,1,1,0.7,1.0
73,68,9,0.017227215239394276,0.4248927038626609,5,,,,,,,,,1,1,1,0.7,1.0
73,69,10,0.025227933667602773,0.4177215189873418,5,,,,,,,,,1,1,1,0.7,1.0
73,70,8,0.01387620475838911,0.4267241379310345,5,,,,,,,,,1,1,1,0.7,1.0
73,71,9,0.016185486162689472,0.41596638655462187,5,,,,,,,,,1,1,1,0.7,1.0
73,72,9,0.015273779864619004,0.43043478260869567,5,,,,,,,,,1,1,1,0.7,1.0
73,73,5,0.004078652941379849,0.375,5,,,,,,,,,1,1,1,0.7,1.0
73,74,9,0.018681489814624395,0.4125,5,,,,,,,,,1,1,1,0.7,1.0
73,75,9,0.0171208681049252,0.43231441048034935,5,,,,,,,,,1,1,1,0.7,1.0
73,76,9,0.014075601128570363,0.42127659574468085,5,,,,,,,,,1,1,1,0.7,1.0
73,77,10,0.01743825099569623,0.44,5,,,,,,,,,1,1,1,0.7,1.0
73,78,5,0.0038024049630668573,0.38976377952755903,5,,,,,,,,,1,1,1,0.7,1.0
73,79,6,0.003933385627379168,0.396,5,,,,,,,,,1,1,1,0.7,1.0
73,80,6,0.009540177285457217,0.38976377952755903,5,,,,,,,,,1,1,1,0.7,1.0
73,81,4,0.003878362412685233,0.3535714285714286,3,,,,,,,,,1,1,1,0.7,1.0
73,82,6,0.006102204291129582,0.3793103448275862,5,,,,,,,,,1,1,1,0.7,1.0
73,83,9,0.020811545403340872,0.4230769230769231,5,,,,,,,,,1,1,1,0.7,1.0
73,84,7,0.012843574800630352,0.38823529411764707,5,,,,,,,,,1,1,1,0.7,1.0
73,85,11,0.02311943072088779,0.43612334801762115,5,,,,,,,,,1,1,1,0.7,1.0
73,86,9,0.02249266760837428,0.4230769230769231,5,,,,,,,,,1,1,1,0.7,1.0
73,87,9,0.01288331850351868,0.4248927038626609,5,,,,,,,,,1,1,1,0.7,1.0
73,88,7,0.009293753449501873,0.4090909090909091,5,,,,,,,,,1,1,1,0.7,1.0
73,89,7,0.007638586484533018,0.4074074074074074,5,,,,,,,,,1,1,1,0.7,1.0
73,90,10,0.023171127747701463,0.43231441048034935,5,,,,,,,,,1,1,1,0.7,1.0
73,91,10,0.02595944987752483,0.4439461883408072,5,,,,,,,,,1,1,1,0.7,1.0
73,92,7,0.008537605041661208,0.4008097165991903,5,,,,,,,,,1,1,1,0.7,1.0
73,93,10,0.02616016778149733,0.4479638009049774,5,,,,,,,,,1,1,1,0.7,1.0
73,94,4,0.002824004922169769,0.36,4,,,,,,,,,1,1,1,0.7,1.0
73,95,6,0.0073059396014398675,0.4057377049180328,5,,,,,,,,,1,1,1,0.7,1.0
73,96,6,0.008292640749202327,0.391304347826087,5,,,,,,,,,1,1,1,0.7,1.0
73,97,7,0.012769970808459086,0.4090909090909091,5,,,,,,,,,1,1,1,0.7,1.0
73,98,9,0.016231205942319603,0.4267241379310345,5,,,,,,,,,1,1,1,0.7,1.0
73,99,10,0.02365500758389639,0.4177215189873418,5,,,,,,,,,1,1,1,0.7,1.0
74,0,12,0.027870177639501746,0.4439461883408072,5,,,,,,,,,1,1,1,0.7,1.0
74,1,6,0.008284928002406858,0.39759036144578314,5,,,,,,,,,1,1,1,0.7,1.0
74,2,6,0.007862988956379923,0.3944223107569721,5,,,,,,,,,1,1,1,0.7,1.0
74,3,7,0.009060616819988506,0.4125,5,,,,,,,,,1,1,1,0.7,1.0
74,4,7,0.011546566243780348,0.38372093023255816,5,,,,,,,,,1,1,1,0.7,1.0
74,5,6,0.007353821423085494,0.38823529411764707,5,,,,,,,,,1,1,1,0.7,1.0
74,6,8,0.016582929083409786,0.4024390243902439,5,,,,,,,,,1,1,1,0.7,1.0
74,7,7,0.01482499303979092,0.4090909090909091,5,,,,,,,,,1,1,1,0.7,1.0
74,8,5,0.004648371147546576,0.38671875,5,,,,,,,,,1,1,1,0.7,1.0
74,9,8,0.01083664390532592,0.4125,5,,,,,,,,,1,1,1,0.7,1.0
74,10,4,0.0030267081689468824,0.375,4,,,,,,,,,1,1,1,0.7,1.0
74,11,3,0.001798234955708471,0.3378839590443686,3,,,,,,,,,1,1,1,0.7,1.0
74,12,12,0.03246531234079403,0.4714285714285714,5,,,,,,,,,1,1,1,0.7,1.0
74,13,7,0.009413152607664656,0.3944223107569721,5,,,,,,,,,1,1,1,0.7,1.0
74,14,10,0.02034681887297241,0.43612334801762115,5,,,,,,,,,1,1,1,0.7,1.0
74,15,9,0.022967970997341273,0.4125,5,,,,,,,,,1,1,1,0.7,1.0
74,16,3,0.0008141163676104925,0.3473684210526316,3,,,,,,,,,1,1,1,0.7,1.0
74,17,9,0.013710214410568368,0.4125,5,,,,,,,,,1,1,1,0.7,1.0
74,18,12,0.029269697836801636,0.4669811320754717,5,,,,,,,,,1,1,1,0.7,1.0
74,19,10,0.0202537925463073,0.4419642857142857,5,,,,,,,,,1,1,1,0.7,1.0
74,20,3,0.0021808142692860207,0.339041095890411,3,,,,,,,,,1,1,1,0.7,1.0
74,21,6,0.007542316400121865,0.39919354838709675,5,,,,,,,,,1,1,1,0.7,1.0
74,22,10,0.029376023808859605,0.43043478260869567,5,,,,,,,,,1,1,1,0.7,1.0
74,23,9,0.01864473712174515,0.4267241379310345,5,,,,,,,,,1,1,1,0.7,1.0
74,24,2,0.0,0.32038834951456313,2,,,,,,,,,1,1,1,0.7,1.0
74,25,5,0.0062320001243736595,0.38076923076923075,5,,,,,,,,,1,1,1,0.7,1.0
74,26,3,0.0011672780323125835,0.36,3,,,,,,,,,1,1,1,0.7,1.0
74,27,14,0.04032081334260075,0.4782608695652174,5,,,,,,,,,1,1,1,0.7,1.0
74,28,11,0.025196041378104415,0.4479638009049774,5,,,,,,,,,1,1,1,0.7,1.0
74,29,6,0.007148901888439518,0.391304347826087,5,,,,,,,,,1,1,1,0.7,1.0
74,30,6,0.007893523509131792,0.38671875,5,,,,,,,,,1,1,1,0.7,1.0
74,31,8,0.016685872476458252,0.4008097165991903,5,,,,,,,,,1,1,1,0.7,1.0
74,32,15,0.042175075381476565,0.47368421052631576,5,,,,,,,,,1,1,1,0.7,1.0
74,33,9,0.02012775183331944,0.4230769230769231,5,,,,,,,,,1,1,1,0.7,1.0
74,34,9,0.01841082522871394,0.4248927038626609,5,,,,,,,,,1,1,1,0.7,1.0
74,35,9,0.022128555021271912,0.42127659574468085,5,,,,,,,,,1,1,1,0.7,1.0
74,36,6,0.009052232439077976,0.4008097165991903,5,,,,,,,,,1,1,1,0.7,1.0
74,37,10,0.022884808637103175,0.4439461883408072,5,,,,,,,,,1,1,1,0.7,1.0
74,38,3,0.0011621659124968892,0.33559322033898303,3,,,,,,,,,1,1,1,0.7,1.0
74,39,7,0.009374462711473703,0.4125,5,,,,,,,,,1,1,1,0.7,1.0
74,40,7,0.010041046143858966,0.41422594142259417,5,,,,,,,,,1,1,1,0.7,1.0
74,41,8,0.01644273385424969,0.42127659574468085,5,,,,,,,,,1,1,1,0.7,1.0
74,42,7,0.008107386616062813,0.40408163265306124,5,,,,,,,,,1,1,1,0.7,1.0
74,43,8,0.014842540020111665,0.43805309734513276,5,,,,,,,,,1,1,1,0.7,1.0
74,44,9,0.019506962294465077,0.4194915254237288,5,,,,,,,,,1,1,1,0.7,1.0
74,45,8,0.015499166069116324,0.4090909090909091,5,,,,,,,,,1,1,1,0.7,1.0
74,46,7,0.009132084094994313,0.4107883817427386,5,,,,,,,,,1,1,1,0.7,1.0
74,47,8,0.01588333884215923,0.4008097165991903,5,,,,,,,,,1,1,1,0.7,1.0
74,48,8,0.013057353661506293,0.4194915254237288,5,,,,,,,,,1,1,1,0.7,1.0
74,49,10,0.022998126649215727,0.4342105263157895,5,,,,,,,,,1,1,1,0.7,1.0
74,50,10,0.0308143346441008,0.43805309734513276,5,,,,,,,,,1,1,1,0.7,1.0
74,51,14,0.03914697687093884,0.4714285714285714,5,,,,,,,,,1,1,1,0.7,1.0
74,52,5,0.008107289253582214,0.376425855513308,5,,,,,,,,,1,1,1,0.7,1.0
74,53,8,0.011537483487035103,0.4177215189873418,5,,,,,,,,,1,1,1,0.7,1.0
74,54,4,0.003793024144388423,0.3626373626373626,3,,,,,,,,,1,1,1,0.7,1.0
74,55,10,0.023237659776797134,0.4541284403669725,5,,,,,,,,,1,1,1,0.7,1.0
74,56,5,0.005797905192208366,0.37358490566037733,5,,,,,,,,,1,1,1,0.7,1.0
74,57,8,0.016349603863737225,0.4090909090909091,5,,,,,,,,,1,1,1,0.7,1.0
74,58,9,0.019899514796318962,0.4194915254237288,5,,,,,,,,,1,1,1,0.7,1.0
74,59,10,0.022085707361162835,0.4342105263157895,5,,,,,,,,,1,1,1,0.7,1.0
74,60,11,0.019807911567924382,0.43612334801762115,5,,,,,,,,,1,1,1,0.7,1.0
74,61,8,0.010424008924552612,0.4057377049180328,5,,,,,,,,,1,1,1,0.7,1.0
74,62,12,0.025946448104021823,0.45622119815668205,5,,,,,,,,,1,1,1,0.7,1.0
74,63,2,0.0005614126362425681,0.3344594594594595,2,,,,,,,,,1,1,1,0.7,1.0
74,64,9,0.01872332415682547,0.4267241379310345,5,,,,,,,,,1,1,1,0.7,1.0
74,65,12,0.031032488648889307,0.4520547945205479,5,,,,,,,,,1,1,1,0.7,1.0
74,66,6,0.0057761754226101384,0.38372093023255816,5,,,,,,,,,1,1,1,0.7,1.0
74,67,7,0.013160777951982968,0.42127659574468085,5,,,,,,,,,1,1,1,0.7,1.0
74,68,9,0.017227215239394276,0.4248927038626609,5,,,,,,,,,1,1,1,0.7,1.0
74,69,10,0.025227933667602773,0.4177215189873418,5,,,,,,,,,1,1,1,0.7,1.0
74,70,8,0.01387620475838911,0.4267241379310345,5,,,,,,,,,1,1,1,0.7,1.0
74,71,9,0.016185486162689472,0.41596638655462187,5,,,,,,,,,1,1,1,0.7,1.0
74,72,9,0.015273779864619004,0.43043478260869567,5,,,,,,,,,1,1,1,0.7,1.0
74,73,5,0.004078652941379849,0.375,5,,,,,,,,,1,1,1,0.7,1.0
74,74,9,0.018681489814624395,0.4125,5,,,,,,,,,1,1,1,0.7,1.0
74,75,9,0.0171208681049252,0.43231441048034935,5,,,,,,,,,1,1,1,0.7,1.0
74,76,9,0.014075601128570363,0.42127659574468085,5,,,,,,,,,1,1,1,0.7,1.0
74,77,10,0.01743825099569623,0.44,5,,,,,,,,,1,1,1,0.7,1.0
74,78,5,0.0038024049630668573,0.38976377952755903,5,,,,,,,,,1,1,1,0.7,1.0
74,79,6,0.003933385627379168,0.396,5,,,,,,,,,1,1,1,0.7,1.0
74,80,6,0.009540177285457217,0.38976377952755903,5,,,,,,,,,1,1,1,0.7,1.0
74,81,4,0.003878362412685233,0.3535714285714286,3,,,,,,,,,1,1,1,0.7,1.0
74,82,6,0.006102204291129582,0.3793103448275862,5,,,,,,,,,1,1,1,0.7,1.0
74,83,9,0.020811545403340872,0.4230769230769231,5,,,,,,,,,1,1,1,0.7,1.0
74,84,7,0.012843574800630352,0.38823529411764707,5,,,,,,,,,1,1,1,0.7,1.0
74,85,11,0.02311943072088779,0.43612334801762115,5,,,,,,,,,1,1,1,0.7,1.0
74,86,9,0.02249266760837428,0.4230769230769231,5,,,,,,,,,1,1,1,0.7,1.0
74,87,9,0.01288331850351868,0.4248927038626609,5,,,,,,,,,1,1,1,0.7,1.0
74,88,7,0.009293753449501873,0.4090909090909091,5,,,,,,,,,1,1,1,0.7,1.0
74,89,7,0.007638586484533018,0.4074074074074074,5,,,,,,,,,1,1,1,0.7,1.0
74,90,10,0.023171127747701463,0.43231441048034935,5,,,,,,,,,1,1,1,0.7,1.0
74,91,10,0.02595944987752483,0.4439461883408072,5,,,,,,,,,1,1,1,0.7,1.0
74,92,7,0.008537605041661208,0.4008097165991903,5,,,,,,,,,1,1,1,0.7,1.0
74,93,10,0.02616016778149733,0.4479638009049774,5,,,,,,,,,1,1,1,0.7,1.0
74,94,4,0.002824004922169769,0.36,4,,,,,,,,,1,1,1,0.7,1.0
74,95,6,0.0073059396014398675,0.4057377049180328,5,,,,,,,,,1,1,1,0.7,1.0
74,96,6,0.008292640749202327,0.391304347826087,5,,,,,,,,,1,1,1,0.7,1.0
74,97,7,0.012769970808459086,0.4090909090909091,5,,,,,,,,,1,1,1,0.7,1.0
74,98,9,0.016231205942319603,0.4267241379310345,5,,,,,,,,,1,1,1,0.7,1.0
74,99,10,0.02365500758389639,0.4177215189873418,5,,,,,,,,,1,1,1,0.7,1.0
75,0,12,0.027870177639501746,0.4439461883408072,5,,,,,,,,,1,1,1,0.7,1.0
75,1,6,0.008284928002406858,0.39759036144578314,5,,,,,,,,,1,1,1,0.7,1.0
75,2,6,0.007862988956379923,0.3944223107569721,5,,,,,,,,,1,1,1,0.7,1.0
75,3,7,0.009060616819988506,0.4125,5,,,,,,,,,1,1,1,0.7,1.0
75,4,7,0.011546566243780348,0.38372093023255816,5,,,,,,,,,1,1,1,0.7,1.0
75,5,6,0.007353821423085494,0.38823529411764707,5,,,,,,,,,1,1,1,0.7,1.0
75,6,8,0.016582929083409786,0.4024390243902439,5,,,,,,,,,1,1,1,0.7,1.0
75,7,7,0.01482499303979092,0.4090909090909091,5,,,,,,,,,1,1,1,0.7,1.0
75,8,5,0.004648371147546576,0.38671875,5,,,,,,,,,1,1,1,0.7,1.0
75,9,8,0.01083664390532592,0.4125,5,,,,,,,,,1,1,1,0.7,1.0
75,10,4,0.0030267081689468824,0.375,4,,,,,,,,,1,1,1,0.7,1.0
75,11,3,0.001798234955708471,0.3378839590443686,3,,,,,,,,,1,1,1,0.7,1.0
75,12,12,0.03246531234079403,0.4714285714285714,5,,,,,,,,,1,1,1,0.7,1.0
75,13,7,0.009413152607664656,0.3944223107569721,5,,,,,,,,,1,1,1,0.7,1.0
75,14,10,0.02034681887297241,0.43612334801762115,5,,,,,,,,,1,1,1,0.7,1.0
75,15,9,0.022967970997341273,0.4125,5,,,,,,,,,1,1,1,0.7,1.0
75,16,3,0.0008141163676104925,0.3473684210526316,3,,,,,,,,,1,1,1,0.7,1.0
75,17,9,0.013710214410568368,0.4125,5,,,,,,,,,1,1,1,0.7,1.0
75,18,12,0.029269697836801636,0.4669811320754717,5,,,,,,,,,1,1,1,0.7,1.0
75,19,10,0.0202537925463073,0.4419642857142857,5,,,,,,,,,1,1,1,0.7,1.0
75,20,3,0.0021808142692860207,0.339041095890411,3,,,,,,,,,1,1,1,0.7,1.0
75,21,6,0.007542316400121865,0.39919354838709675,5,,,,,,,,,1,1,1,0.7,1.0
75,22,10,0.029376023808859605,0.43043478260869567,5,,,,,,,,,1,1,1,0.7,1.0
75,23,9,0.01864473712174515,0.4267241379310345,5,,,,,,,,,1,1,1,0.7,1.0
75,24,2,0.0,0.32038834951456313,2,,,,,,,,,1,1,1,0.7,1.0
75,25,5,0.0062320001243736595,0.38076923076923075,5,,,,,,,,,1,1,1,0.7,1.0
75,26,3,0.0011672780323125835,0.36,3,,,,,,,,,1,1,1,0.7,1.0
75,27,14,0.04032081334260075,0.4782608695652174,5,,,,,,,,,1,1,1,0.7,1.0
75,28,11,0.025196041378104415,0.4479638009049774,5,,,,,,,,,1,1,1,0.7,1.0
75,29,6,0.007148901888439518,0.391304347826087,5,,,,,,,,,1,1,1,0.7,1.0
75,30,6,0.007893523509131792,0.38671875,5,,,,,,,,,1,1,1,0.7,1.0
75,31,8,0.016685872476458252,0.4008097165991903,5,,,,,,,,,1,1,1,0.7,1.0
75,32,15,0.042175075381476565,0.47368421052631576,5,,,,,,,,,1,1,1,0.7,1.0
75,33,9,0.02012775183331944,0.4230769230769231,5,,,,,,,,,1,1,1,0.7,1.0
75,34,9,0.01841082522871394,0.4248927038626609,5,,,,,,,,,1,1,1,0.7,1.0
75,35,9,0.022128555021271912,0.42127659574468085,5,,,,,,,,,1,1,1,0.7,1.0
75,36,6,0.009052232439077976,0.4008097165991903,5,,,,,,,,,1,1,1,0.7,1.0
75,37,10,0.022884808637103175,0.4439461883408072,5,,,,,,,,,1,1,1,0.7,1.0
75,38,3,0.0011621659124968892,0.33559322033898303,3,,,,,,,,,1,1,1,0.7,1.0
75,39,7,0.009374462711473703,0.4125,5,,,,,,,,,1,1,1,0.7,1.0
75,40,7,0.010041046143858966,0.41422594142259417,5,,,,,,,,,1,1,1,0.7,1.0
75,41,8,0.01644273385424969,0.42127659574468085,5,,,,,,,,,1,1,1,0.7,1.0
75,42,7,0.008107386616062813,0.40408163265306124,5,,,,,,,,,1,1,1,0.7,1.0
75,43,8,0.014842540020111665,0.43805309734513276,5,,,,,,,,,1,1,1,0.7,1.0
75,44,9,0.019506962294465077,0.4194915254237288,5,,,,,,,,,1,1,1,0.7,1.0
75,45,8,0.015499166069116324,0.4090909090909091,5,,,,,,,,,1,1,1,0.7,1.0
75,46,7,0.009132084094994313,0.4107883817427386,5,,,,,,,,,1,1,1,0.7,1.0
75,47,8,0.01588333884215923,0.4008097165991903,5,,,,,,,,,1,1,1,0.7,1.0
75,48,8,0.013057353661506293,0.4194915254237288,5,,,,,,,,,1,1,1,0.7,1.0
75,49,10,0.022998126649215727,0.4342105263157895,5,,,,,,,,,1,1,1,0.7,1.0
75,50,10,0.0308143346441008,0.43805309734513276,5,,,,,,,,,1,1,1,0.7,1.0
75,51,14,0.03914697687093884,0.4714285714285714,5,,,,,,,,,1,1,1,0.7,1.0
75,52,5,0.008107289253582214,0.376425855513308,5,,,,,,,,,1,1,1,0.7,1.0
75,53,8,0.011537483487035103,0.4177215189873418,5,,,,,,,,,1,1,1,0.7,1.0
75,54,4,0.003793024144388423,0.3626373626373626,3,,,,,,,,,1,1,1,0.7,1.0
75,55,10,0.023237659776797134,0.4541284403669725,5,,,,,,,,,1,1,1,0.7,1.0
75,56,5,0.005797905192208366,0.37358490566037733,5,,,,,,,,,1,1,1,0.7,1.0
75,57,8,0.016349603863737225,0.4090909090909091,5,,,,,,,,,1,1,1,0.7,1.0
75,58,9,0.019899514796318962,0.4194915254237288,5,,,,,,,,,1,1,1,0.7,1.0
75,59,10,0.022085707361162835,0.4342105263157895,5,,,,,,,,,1,1,1,0.7,1.0
75,60,11,0.019807911567924382,0.43612334801762115,5,,,,,,,,,1,1,1,0.7,1.0
75,61,8,0.010424008924552612,0.4057377049180328,5,,,,,,,,,1,1,1,0.7,1.0
75,62,12,0.025946448104021823,0.45622119815668205,5,,,,,,,,,1,1,1,0.7,1.0
75,63,2,0.0005614126362425681,0.3344594594594595,2,,,,,,,,,1,1,1,0.7,1.0
75,64,9,0.01872332415682547,0.4267241379310345,5,,,,,,,,,1,1,1,0.7,1.0
75,65,12,0.031032488648889307,0.4520547945205479,5,,,,,,,,,1,1,1,0.7,1.0
75,66,6,0.0057761754226101384,0.38372093023255816,5,,,,,,,,,1,1,1,0.7,1.0
75,67,7,0.013160777951982968,0.42127659574468085,5,,,,,,,,,1,1,1,0.7,1.0
75,68,9,0.017227215239394276,0.4248927038626609,5,,,,,,,,,1,1,1,0.7,1.0
75,69,10,0.025227933667602773,0.4177215189873418,5,,,,,,,,,1,1,1,0.7,1.0
75,70,8,0.01387620475838911,0.4267241379310345,5,,,,,,,,,1,1,1,0.7,1.0
75,71,9,0.016185486162689472,0.41596638655462187,5,,,,,,,,,1,1,1,0.7,1.0
75,72,9,0.015273779864619004,0.43043478260869567,5,,,,,,,,,1,1,1,0.7,1.0
75,73,5,0.004078652941379849,0.375,5,,,,,,,,,1,1,1,0.7,1.0
75,74,9,0.018681489814624395,0.4125,5,,,,,,,,,1,1,1,0.7,1.0
75,75,9,0.0171208681049252,0.43231441048034935,5,,,,,,,,,1,1,1,0.7,1.0
75,76,9,0.014075601128570363,0.42127659574468085,5,,,,,,,,,1,1,1,0.7,1.0
75,77,10,0.01743825099569623,0.44,5,,,,,,,,,1,1,1,0.7,1.0
75,78,5,0.0038024049630668573,0.38976377952755903,5,,,,,,,,,1,1,1,0.7,1.0
75,79,6,0.003933385627379168,0.396,5,,,,,,,,,1,1,1,0.7,1.0
75,80,6,0.009540177285457217,0.38976377952755903,5,,,,,,,,,1,1,1,0.7,1.0
75,81,4,0.003878362412685233,0.3535714285714286,3,,,,,,,,,1,1,1,0.7,1.0
75,82,6,0.006102204291129582,0.3793103448275862,5,,,,,,,,,1,1,1,0.7,1.0
75,83,9,0.020811545403340872,0.4230769230769231,5,,,,,,,,,1,1,1,0.7,1.0
75,84,7,0.012843574800630352,0.38823529411764707,5,,,,,,,,,1,1,1,0.7,1.0
75,85,11,0.02311943072088779,0.43612334801762115,5,,,,,,,,,1,1,1,0.7,1.0
75,86,9,0.02249266760837428,0.4230769230769231,5,,,,,,,,,1,1,1,0.7,1.0
75,87,9,0.01288331850351868,0.4248927038626609,5,,,,,,,,,1,1,1,0.7,1.0
75,88,7,0.009293753449501873,0.4090909090909091,5,,,,,,,,,1,1,1,0.7,1.0
75,89,7,0.007638586484533018,0.4074074074074074,5,,,,,,,,,1,1,1,0.7,1.0
75,90,10,0.023171127747701463,0.43231441048034935,5,,,,,,,,,1,1,1,0.7,1.0
75,91,10,0.02595944987752483,0.4439461883408072,5,,,,,,,,,1,1,1,0.7,1.0
75,92,7,0.008537605041661208,0.4008097165991903,5,,,,,,,,,1,1,1,0.7,1.0
75,93,10,0.02616016778149733,0.4479638009049774,5,,,,,,,,,1,1,1,0.7,1.0
75,94,4,0.002824004922169769,0.36,4,,,,,,,,,1,1,1,0.7,1.0
75,95,6,0.0073059396014398675,0.4057377049180328,5,,,,,,,,,1,1,1,0.7,1.0
75,96,6,0.008292640749202327,0.391304347826087,5,,,,,,,,,1,1,1,0.7,1.0
75,97,7,0.012769970808459086,0.4090909090909091,5,,,,,,,,,1,1,1,0.7,1.0
75,98,9,0.016231205942319603,0.4267241379310345,5,,,,,,,,,1,1,1,0.7,1.0
75,99,10,0.02365500758389639,0.4177215189873418,5,,,,,,,,,1,1,1,0.7,1.0
76,0,12,0.027870177639501746,0.4439461883408072,5,,,,,,,,,1,1,1,0.7,1.0
76,1,6,0.008284928002406858,0.39759036144578314,5,,,,,,,,,1,1,1,0.7,1.0
76,2,6,0.007862988956379923,0.3944223107569721,5,,,,,,,,,1,1,1,0.7,1.0
76,3,7,0.009060616819988506,0.4125,5,,,,,,,,,1,1,1,0.7,1.0
76,4,7,0.011546566243780348,0.38372093023255816,5,,,,,,,,,1,1,1,0.7,1.0
76,5,6,0.007353821423085494,0.38823529411764707,5,,,,,,,,,1,1,1,0.7,1.0
76,6,8,0.016582929083409786,0.4024390243902439,5,,,,,,,,,1,1,1,0.7,1.0
76,7,7,0.01482499303979092,0.4090909090909091,5,,,,,,,,,1,1,1,0.7,1.0
76,8,5,0.004648371147546576,0.38671875,5,,,,,,,,,1,1,1,0.7,1.0
76,9,8,0.01083664390532592,0.4125,5,,,,,,,,,1,1,1,0.7,1.0
76,10,4,0.0030267081689468824,0.375,4,,,,,,,,,1,1,1,0.7,1.0
76,11,3,0.001798234955708471,0.3378839590443686,3,,,,,,,,,1,1,1,0.7,1.0
76,12,12,0.03246531234079403,0.4714285714285714,5,,,,,,,,,1,1,1,0.7,1.0
76,13,7,0.009413152607664656,0.3944223107569721,5,,,,,,,,,1,1,1,0.7,1.0
76,14,10,0.02034681887297241,0.43612334801762115,5,,,,,,,,,1,1,1,0.7,1.0
76,15,9,0.022967970997341273,0.4125,5,,,,,,,,,1,1,1,0.7,1.0
76,16,3,0.0008141163676104925,0.3473684210526316,3,,,,,,,,,1,1,1,0.7,1.0
76,17,9,0.013710214410568368,0.4125,5,,,,,,,,,1,1,1,0.7,1.0
76,18,12,0.029269697836801636,0.4669811320754717,5,,,,,,,,,1,1,1,0.7,1.0
76,19,10,0.0202537925463073,0.4419642857142857,5,,,,,,,,,1,1,1,0.7,1.0
76,20,3,0.0021808142692860207,0.339041095890411,3,,,,,,,,,1,1,1,0.7,1.0
76,21,6,0.007542316400121865,0.39919354838709675,5,,,,,,,,,1,1,1,0.7,1.0
76,22,10,0.029376023808859605,0.43043478260869567,5,,,,,,,,,1,1,1,0.7,1.0
76,23,9,0.01864473712174515,0.4267241379310345,5,,,,,,,,,1,1,1,0.7,1.0
76,24,2,0.0,0.32038834951456313,2,,,,,,,,,1,1,1,0.7,1.0
76,25,5,0.0062320001243736595,0.38076923076923075,5,,,,,,,,,1,1,1,0.7,1.0
76,26,3,0.0011672780323125835,0.36,3,,,,,,,,,1,1,1,0.7,1.0
76,27,14,0.04032081334260075,0.4782608695652174,5,,,,,,,,,1,1,1,0.7,1.0
76,28,11,0.025196041378104415,0.4479638009049774,5,,,,,,,,,1,1,1,0.7,1.0
76,29,6,0.007148901888439518,0.391304347826087,5,,,,,,,,,1,1,1,0.7,1.0
76,30,6,0.007893523509131792,0.38671875,5,,,,,,,,,1,1,1,0.7,1.0
76,31,8,0.016685872476458252,0.4008097165991903,5,,,,,,,,,1,1,1,0.7,1.0
76,32,15,0.042175075381476565,0.47368421052631576,5,,,,,,,,,1,1,1,0.7,1.0
76,33,9,0.02012775183331944,0.4230769230769231,5,,,,,,,,,1,1,1,0.7,1.0
76,34,9,0.01841082522871394,0.4248927038626609,5,,,,,,,,,1,1,1,0.7,1.0
76,35,9,0.022128555021271912,0.42127659574468085,5,,,,,,,,,1,1,1,0.7,1.0
76,36,6,0.009052232439077976,0.4008097165991903,5,,,,,,,,,1,1,1,0.7,1.0
76,37,10,0.022884808637103175,0.4439461883408072,5,,,,,,,,,1,1,1,0.7,1.0
76,38,3,0.0011621659124968892,0.33559322033898303,3,,,,,,,,,1,1,1,0.7,1.0
76,39,7,0.009374462711473703,0.4125,5,,,,,,,,,1,1,1,0.7,1.0
76,40,7,0.010041046143858966,0.41422594142259417,5,,,,,,,,,1,1,1,0.7,1.0
76,41,8,0.01644273385424969,0.42127659574468085,5,,,,,,,,,1,1,1,0.7,1.0
76,42,7,0.008107386616062813,0.40408163265306124,5,,,,,,,,,1,1,1,0.7,1.0
76,43,8,0.014842540020111665,0.43805309734513276,5,,,,,,,,,1,1,1,0.7,1.0
76,44,9,0.019506962294465077,0.4194915254237288,5,,,,,,,,,1,1,1,0.7,1.0
76,45,8,0.015499166069116324,0.4090909090909091,5,,,,,,,,,1,1,1,0.7,1.0
76,46,7,0.009132084094994313,0.4107883817427386,5,,,,,,,,,1,1,1,0.7,1.0
76,47,8,0.01588333884215923,0.4008097165991903,5,,,,,,,,,1,1,1,0.7,1.0
76,48,8,0.013057353661506293,0.4194915254237288,5,,,,,,,,,1,1,1,0.7,1.0
76,49,10,0.022998126649215727,0.4342105263157895,5,,,,,,,,,1,1,1,0.7,1.0
76,50,10,0.0308143346441008,0.43805309734513276,5,,,,,,,,,1,1,1,0.7,1.0
76,51,14,0.03914697687093884,0.4714285714285714,5,,,,,,,,,1,1,1,0.7,1.0
76,52,5,0.008107289253582214,0.376425855513308,5,,,,,,,,,1,1,1,0.7,1.0
76,53,8,0.011537483487035103,0.4177215189873418,5,,,,,,,,,1,1,1,0.7,1.0
76,54,4,0.003793024144388423,0.3626373626373626,3,,,,,,,,,1,1,1,0.7,1.0
76,55,10,0.023237659776797134,0.4541284403669725,5,,,,,,,,,1,1,1,0.7,1.0
76,56,5,0.005797905192208366,0.37358490566037733,5,,,,,,,,,1,1,1,0.7,1.0
76,57,8,0.016349603863737225,0.4090909090909091,5,,,,,,,,,1,1,1,0.7,1.0
76,58,9,0.019899514796318962,0.4194915254237288,5,,,,,,,,,1,1,1,0.7,1.0
76,59,10,0.022085707361162835,0.4342105263157895,5,,,,,,,,,1,1,1,0.7,1.0
76,60,11,0.019807911567924382,0.43612334801762115,5,,,,,,,,,1,1,1,0.7,1.0
76,61,8,0.010424008924552612,0.4057377049180328,5,,,,,,,,,1,1,1,0.7,1.0
76,62,12,0.025946448104021823,0.45622119815668205,5,,,,,,,,,1,1,1,0.7,1.0
76,63,2,0.0005614126362425681,0.3344594594594595,2,,,,,,,,,1,1,1,0.7,1.0
76,64,9,0.01872332415682547,0.4267241379310345,5,,,,,,,,,1,1,1,0.7,1.0
76,65,12,0.031032488648889307,0.4520547945205479,5,,,,,,,,,1,1,1,0.7,1.0
76,66,6,0.0057761754226101384,0.38372093023255816,5,,,,,,,,,1,1,1,0.7,1.0
76,67,7,0.013160777951982968,0.42127659574468085,5,,,,,,,,,1,1,1,0.7,1.0
76,68,9,0.017227215239394276,0.4248927038626609,5,,,,,,,,,1,1,1,0.7,1.0
76,69,10,0.025227933667602773,0.4177215189873418,5,,,,,,,,,1,1,1,0.7,1.0
76,70,8,0.01387620475838911,0.4267241379310345,5,,,,,,,,,1,1,1,0.7,1.0
76,71,9,0.016185486162689472,0.41596638655462187,5,,,,,,,,,1,1,1,0.7,1.0
76,72,9,0.015273779864619004,0.43043478260869567,5,,,,,,,,,1,1,1,0.7,1.0
76,73,5,0.004078652941379849,0.375,5,,,,,,,,,1,1,1,0.7,1.0
76,74,9,0.018681489814624395,0.4125,5,,,,,,,,,1,1,1,0.7,1.0
76,75,9,0.0171208681049252,0.43231441048034935,5,,,,,,,,,1,1,1,0.7,1.0
76,76,9,0.014075601128570363,0.42127659574468085,5,,,,,,,,,1,1,1,0.7,1.0
76,77,10,0.01743825099569623,0.44,5,,,,,,,,,1,1,1,0.7,1.0
76,78,5,0.0038024049630668573,0.38976377952755903,5,,,,,,,,,1,1,1,0.7,1.0
76,79,6,0.003933385627379168,0.396,5,,,,,,,,,1,1,1,0.7,1.0
76,80,6,0.009540177285457217,0.38976377952755903,5,,,,,,,,,1,1,1,0.7,1.0
76,81,4,0.003878362412685233,0.3535714285714286,3,,,,,,,,,1,1,1,0.7,1.0
76,82,6,0.006102204291129582,0.3793103448275862,5,,,,,,,,,1,1,1,0.7,1.0
76,83,9,0.020811545403340872,0.4230769230769231,5,,,,,,,,,1,1,1,0.7,1.0
76,84,7,0.012843574800630352,0.38823529411764707,5,,,,,,,,,1,1,1,0.7,1.0
76,85,11,0.02311943072088779,0.43612334801762115,5,,,,,,,,,1,1,1,0.7,1.0
76,86,9,0.02249266760837428,0.4230769230769231,5,,,,,,,,,1,1,1,0.7,1.0
76,87,9,0.01288331850351868,0.4248927038626609,5,,,,,,,,,1,1,1,0.7,1.0
76,88,7,0.009293753449501873,0.4090909090909091,5,,,,,,,,,1,1,1,0.7,1.0
76,89,7,0.007638586484533018,0.4074074074074074,5,,,,,,,,,1,1,1,0.7,1.0
76,90,10,0.023171127747701463,0.43231441048034935,5,,,,,,,,,1,1,1,0.7,1.0
76,91,10,0.02595944987752483,0.4439461883408072,5,,,,,,,,,1,1,1,0.7,1.0
76,92,7,0.008537605041661208,0.4008097165991903,5,,,,,,,,,1,1,1,0.7,1.0
76,93,10,0.02616016778149733,0.4479638009049774,5,,,,,,,,,1,1,1,0.7,1.0
76,94,4,0.002824004922169769,0.36,4,,,,,,,,,1,1,1,0.7,1.0
76,95,6,0.0073059396014398675,0.4057377049180328,5,,,,,,,,,1,1,1,0.7,1.0
76,96,6,0.008292640749202327,0.391304347826087,5,,,,,,,,,1,1,1,0.7,1.0
76,97,7,0.012769970808459086,0.4090909090909091,5,,,,,,,,,1,1,1,0.7,1.0
76,98,9,0.016231205942319603,0.4267241379310345,5,,,,,,,,,1,1,1,0.7,1.0
76,99,10,0.02365500758389639,0.4177215189873418,5,,,,,,,,,1,1,1,0.7,1.0
77,0,12,0.027870177639501746,0.4439461883408072,5,,,,,,,,,1,1,1,0.7,1.0
77,1,6,0.008284928002406858,0.39759036144578314,5,,,,,,,,,1,1,1,0.7,1.0
77,2,6,0.007862988956379923,0.3944223107569721,5,,,,,,,,,1,1,1,0.7,1.0
77,3,7,0.009060616819988506,0.4125,5,,,,,,,,,1,1,1,0.7,1.0
77,4,7,0.011546566243780348,0.38372093023255816,5,,,,,,,,,1,1,1,0.7,1.0
77,5,6,0.007353821423085494,0.38823529411764707,5,,,,,,,,,1,1,1,0.7,1.0
77,6,8,0.016582929083409786,0.4024390243902439,5,,,,,,,,,1,1,1,0.7,1.0
77,7,7,0.01482499303979092,0.4090909090909091,5,,,,,,,,,1,1,1,0.7,1.0
77,8,5,0.004648371147546576,0.38671875,5,,,,,,,,,1,1,1,0.7,1.0
77,9,8,0.01083664390532592,0.4125,5,,,,,,,,,1,1,1,0.7,1.0
77,10,4,0.0030267081689468824,0.375,4,,,,,,,,,1,1,1,0.7,1.0
77,11,3,0.001798234955708471,0.3378839590443686,3,,,,,,,,,1,1,1,0.7,1.0
77,12,12,0.03246531234079403,0.4714285714285714,5,,,,,,,,,1,1,1,0.7,1.0
77,13,7,0.009413152607664656,0.3944223107569721,5,,,,,,,,,1,1,1,0.7,1.0
77,14,10,0.02034681887297241,0.43612334801762115,5,,,,,,,,,1,1,1,0.7,1.0
77,15,9,0.022967970997341273,0.4125,5,,,,,,,,,1,1,1,0.7,1.0
77,16,3,0.0008141163676104925,0.3473684210526316,3,,,,,,,,,1,1,1,0.7,1.0
77,17,9,0.013710214410568368,0.4125,5,,,,,,,,,1,1,1,0.7,1.0
77,18,12,0.029269697836801636,0.4669811320754717,5,,,,,,,,,1,1,1,0.7,1.0
77,19,10,0.0202537925463073,0.4419642857142857,5,,,,,,,,,1,1,1,0.7,1.0
77,20,3,0.0021808142692860207,0.339041095890411,3,,,,,,,,,1,1,1,0.7,1.0
77,21,6,0.007542316400121865,0.39919354838709675,5,,,,,,,,,1,1,1,0.7,1.0
77,22,10,0.029376023808859605,0.43043478260869567,5,,,,,,,,,1,1,1,0.7,1.0
77,23,9,0.01864473712174515,0.4267241379310345,5,,,,,,,,,1,1,1,0.7,1.0
77,24,2,0.0,0.32038834951456313,2,,,,,,,,,1,1,1,0.7,1.0
77,25,5,0.0062320001243736595,0.38076923076923075,5,,,,,,,,,1,1,1,0.7,1.0
77,26,3,0.0011672780323125835,0.36,3,,,,,,,,,1,1,1,0.7,1.0
77,27,14,0.04032081334260075,0.4782608695652174,5,,,,,,,,,1,1,1,0.7,1.0
77,28,11,0.025196041378104415,0.4479638009049774,5,,,,,,,,,1,1,1,0.7,1.0
77,29,6,0.007148901888439518,0.391304347826087,5,,,,,,,,,1,1,1,0.7,1.0
77,30,6,0.007893523509131792,0.38671875,5,,,,,,,,,1,1,1,0.7,1.0
77,31,8,0.016685872476458252,0.4008097165991903,5,,,,,,,,,1,1,1,0.7,1.0
77,32,15,0.042175075381476565,0.47368421052631576,5,,,,,,,,,1,1,1,0.7,1.0
77,33,9,0.02012775183331944,0.4230769230769231,5,,,,,,,,,1,1,1,0.7,1.0
77,34,9,0.01841082522871394,0.4248927038626609,5,,,,,,,,,1,1,1,0.7,1.0
77,35,9,0.022128555021271912,0.42127659574468085,5,,,,,,,,,1,1,1,0.7,1.0
77,36,6,0.009052232439077976,0.4008097165991903,5,,,,,,,,,1,1,1,0.7,1.0
77,37,10,0.022884808637103175,0.4439461883408072,5,,,,,,,,,1,1,1,0.7,1.0
77,38,3,0.0011621659124968892,0.33559322033898303,3,,,,,,,,,1,1,1,0.7,1.0
77,39,7,0.009374462711473703,0.4125,5,,,,,,,,,1,1,1,0.7,1.0
77,40,7,0.010041046143858966,0.41422594142259417,5,,,,,,,,,1,1,1,0.7,1.0
77,41,8,0.01644273385424969,0.42127659574468085,5,,,,,,,,,1,1,1,0.7,1.0
77,42,7,0.008107386616062813,0.40408163265306124,5,,,,,,,,,1,1,1,0.7,1.0
77,43,8,0.014842540020111665,0.43805309734513276,5,,,,,,,,,1,1,1,0.7,1.0
77,44,9,0.019506962294465077,0.4194915254237288,5,,,,,,,,,1,1,1,0.7,1.0
77,45,8,0.015499166069116324,0.4090909090909091,5,,,,,,,,,1,1,1,0.7,1.0
77,46,7,0.009132084094994313,0.4107883817427386,5,,,,,,,,,1,1,1,0.7,1.0
77,47,8,0.01588333884215923,0.4008097165991903,5,,,,,,,,,1,1,1,0.7,1.0
77,48,8,0.013057353661506293,0.4194915254237288,5,,,,,,,,,1,1,1,0.7,1.0
77,49,10,0.022998126649215727,0.4342105263157895,5,,,,,,,,,1,1,1,0.7,1.0
77,50,10,0.0308143346441008,0.43805309734513276,5,,,,,,,,,1,1,1,0.7,1.0
77,51,14,0.03914697687093884,0.4714285714285714,5,,,,,,,,,1,1,1,0.7,1.0
77,52,5,0.008107289253582214,0.376425855513308,5,,,,,,,,,1,1,1,0.7,1.0
77,53,8,0.011537483487035103,0.4177215189873418,5,,,,,,,,,1,1,1,0.7,1.0
77,54,4,0.003793024144388423,0.3626373626373626,3,,,,,,,,,1,1,1,0.7,1.0
77,55,10,0.023237659776797134,0.4541284403669725,5,,,,,,,,,1,1,1,0.7,1.0
77,56,5,0.005797905192208366,0.37358490566037733,5,,,,,,,,,1,1,1,0.7,1.0
77,57,8,0.016349603863737225,0.4090909090909091,5,,,,,,,,,1,1,1,0.7,1.0
77,58,9,0.019899514796318962,0.4194915254237288,5,,,,,,,,,1,1,1,0.7,1.0
77,59,10,0.022085707361162835,0.4342105263157895,5,,,,,,,,,1,1,1,0.7,1.0
77,60,11,0.019807911567924382,0.43612334801762115,5,,,,,,,,,1,1,1,0.7,1.0
77,61,8,0.010424008924552612,0.4057377049180328,5,,,,,,,,,1,1,1,0.7,1.0
77,62,12,0.025946448104021823,0.45622119815668205,5,,,,,,,,,1,1,1,0.7,1.0
77,63,2,0.0005614126362425681,0.3344594594594595,2,,,,,,,,,1,1,1,0.7,1.0
77,64,9,0.01872332415682547,0.4267241379310345,5,,,,,,,,,1,1,1,0.7,1.0
77,65,12,0.031032488648889307,0.4520547945205479,5,,,,,,,,,1,1,1,0.7,1.0
77,66,6,0.0057761754226101384,0.38372093023255816,5,,,,,,,,,1,1,1,0.7,1.0
77,67,7,0.013160777951982968,0.42127659574468085,5,,,,,,,,,1,1,1,0.7,1.0
77,68,9,0.017227215239394276,0.4248927038626609,5,,,,,,,,,1,1,1,0.7,1.0
77,69,10,0.025227933667602773,0.4177215189873418,5,,,,,,,,,1,1,1,0.7,1.0
77,70,8,0.01387620475838911,0.4267241379310345,5,,,,,,,,,1,1,1,0.7,1.0
77,71,9,0.016185486162689472,0.41596638655462187,5,,,,,,,,,1,1,1,0.7,1.0
77,72,9,0.015273779864619004,0.43043478260869567,5,,,,,,,,,1,1,1,0.7,1.0
77,73,5,0.004078652941379849,0.375,5,,,,,,,,,1,1,1,0.7,1.0
77,74,9,0.018681489814624395,0.4125,5,,,,,,,,,1,1,1,0.7,1.0
77,75,9,0.0171208681049252,0.43231441048034935,5,,,,,,,,,1,1,1,0.7,1.0
77,76,9,0.014075601128570363,0.42127659574468085,5,,,,,,,,,1,1,1,0.7,1.0
77,77,10,0.01743825099569623,0.44,5,,,,,,,,,1,1,1,0.7,1.0
77,78,5,0.0038024049630668573,0.38976377952755903,5,,,,,,,,,1,1,1,0.7,1.0
77,79,6,0.003933385627379168,0.396,5,,,,,,,,,1,1,1,0.7,1.0
77,80,6,0.009540177285457217,0.38976377952755903,5,,,,,,,,,1,1,1,0.7,1.0
77,81,4,0.003878362412685233,0.3535714285714286,3,,,,,,,,,1,1,1,0.7,1.0
77,82,6,0.006102204291129582,0.3793103448275862,5,,,,,,,,,1,1,1,0.7,1.0
77,83,9,0.020811545403340872,0.4230769230769231,5,,,,,,,,,1,1,1,0.7,1.0
77,84,7,0.012843574800630352,0.38823529411764707,5,,,,,,,,,1,1,1,0.7,1.0
77,85,11,0.02311943072088779,0.43612334801762115,5,,,,,,,,,1,1,1,0.7,1.0
77,86,9,0.02249266760837428,0.4230769230769231,5,,,,,,,,,1,1,1,0.7,1.0
77,87,9,0.01288331850351868,0.4248927038626609,5,,,,,,,,,1,1,1,0.7,1.0
77,88,7,0.009293753449501873,0.4090909090909091,5,,,,,,,,,1,1,1,0.7,1.0
77,89,7,0.007638586484533018,0.4074074074074074,5,,,,,,,,,1,1,1,0.7,1.0
77,90,10,0.023171127747701463,0.43231441048034935,5,,,,,,,,,1,1,1,0.7,1.0
77,91,10,0.02595944987752483,0.4439461883408072,5,,,,,,,,,1,1,1,0.7,1.0
77,92,7,0.008537605041661208,0.4008097165991903,5,,,,,,,,,1,1,1,0.7,1.0
77,93,10,0.02616016778149733,0.4479638009049774,5,,,,,,,,,1,1,1,0.7,1.0
77,94,4,0.002824004922169769,0.36,4,,,,,,,,,1,1,1,0.7,1.0
77,95,6,0.0073059396014398675,0.4057377049180328,5,,,,,,,,,1,1,1,0.7,1.0
77,96,6,0.008292640749202327,0.391304347826087,5,,,,,,,,,1,1,1,0.7,1.0
77,97,7,0.012769970808459086,0.4090909090909091,5,,,,,,,,,1,1,1,0.7,1.0
77,98,9,0.016231205942319603,0.4267241379310345,5,,,,,,,,,1,1,1,0.7,1.0
77,99,10,0.02365500758389639,0.4177215189873418,5,,,,,,,,,1,1,1,0.7,1.0
78,0,12,0.027870177639501746,0.4439461883408072,5,,,,,,,,,1,1,1,0.7,1.0
78,1,6,0.008284928002406858,0.39759036144578314,5,,,,,,,,,1,1,1,0.7,1.0
78,2,6,0.007862988956379923,0.3944223107569721,5,,,,,,,,,1,1,1,0.7,1.0
78,3,7,0.009060616819988506,0.4125,5,,,,,,,,,1,1,1,0.7,1.0
78,4,7,0.011546566243780348,0.38372093023255816,5,,,,,,,,,1,1,1,0.7,1.0
78,5,6,0.007353821423085494,0.38823529411764707,5,,,,,,,,,1,1,1,0.7,1.0
78,6,8,0.016582929083409786,0.4024390243902439,5,,,,,,,,,1,1,1,0.7,1.0
78,7,7,0.01482499303979092,0.4090909090909091,5,,,,,,,,,1,1,1,0.7,1.0
78,8,5,0.004648371147546576,0.38671875,5,,,,,,,,,1,1,1,0.7,1.0
78,9,8,0.01083664390532592,0.4125,5,,,,,,,,,1,1,1,0.7,1.0
78,10,4,0.0030267081689468824,0.375,4,,,,,,,,,1,1,1,0.7,1.0
78,11,3,0.001798234955708471,0.3378839590443686,3,,,,,,,,,1,1,1,0.7,1.0
78,12,12,0.03246531234079403,0.4714285714285714,5,,,,,,,,,1,1,1,0.7,1.0
78,13,7,0.009413152607664656,0.3944223107569721,5,,,,,,,,,1,1,1,0.7,1.0
78,14,10,0.02034681887297241,0.43612334801762115,5,,,,,,,,,1,1,1,0.7,1.0
78,15,9,0.022967970997341273,0.4125,5,,,,,,,,,1,1,1,0.7,1.0
78,16,3,0.0008141163676104925,0.3473684210526316,3,,,,,,,,,1,1,1,0.7,1.0
78,17,9,0.013710214410568368,0.4125,5,,,,,,,,,1,1,1,0.7,1.0
78,18,12,0.029269697836801636,0.4669811320754717,5,,,,,,,,,1,1,1,0.7,1.0
78,19,10,0.0202537925463073,0.4419642857142857,5,,,,,,,,,1,1,1,0.7,1.0
78,20,3,0.0021808142692860207,0.339041095890411,3,,,,,,,,,1,1,1,0.7,1.0
78,21,6,0.007542316400121865,0.39919354838709675,5,,,,,,,,,1,1,1,0.7,1.0
78,22,10,0.029376023808859605,0.43043478260869567,5,,,,,,,,,1,1,1,0.7,1.0
78,23,9,0.01864473712174515,0.4267241379310345,5,,,,,,,,,1,1,1,0.7,1.0
78,24,2,0.0,0.32038834951456313,2,,,,,,,,,1,1,1,0.7,1.0
78,25,5,0.0062320001243736595,0.38076923076923075,5,,,,,,,,,1,1,1,0.7,1.0
78,26,3,0.0011672780323125835,0.36,3,,,,,,,,,1,1,1,0.7,1.0
78,27,14,0.04032081334260075,0.4782608695652174,5,,,,,,,,,1,1,1,0.7,1.0
78,28,11,0.025196041378104415,0.4479638009049774,5,,,,,,,,,1,1,1,0.7,1.0
78,29,6,0.007148901888439518,0.391304347826087,5,,,,,,,,,1,1,1,0.7,1.0
78,30,6,0.007893523509131792,0.38671875,5,,,,,,,,,1,1,1,0.7,1.0
78,31,8,0.016685872476458252,0.4008097165991903,5,,,,,,,,,1,1,1,0.7,1.0
78,32,15,0.042175075381476565,0.47368421052631576,5,,,,,,,,,1,1,1,0.7,1.0
78,33,9,0.02012775183331944,0.4230769230769231,5,,,,,,,,,1,1,1,0.7,1.0
78,34,9,0.01841082522871394,0.4248927038626609,5,,,,,,,,,1,1,1,0.7,1.0
78,35,9,0.022128555021271912,0.42127659574468085,5,,,,,,,,,1,1,1,0.7,1.0
78,36,6,0.009052232439077976,0.4008097165991903,5,,,,,,,,,1,1,1,0.7,1.0
78,37,10,0.022884808637103175,0.4439461883408072,5,,,,,,,,,1,1,1,0.7,1.0
78,38,3,0.0011621659124968892,0.33559322033898303,3,,,,,,,,,1,1,1,0.7,1.0
78,39,7,0.009374462711473703,0.4125,5,,,,,,,,,1,1,1,0.7,1.0
78,40,7,0.010041046143858966,0.41422594142259417,5,,,,,,,,,1,1,1,0.7,1.0
78,41,8,0.01644273385424969,0.42127659574468085,5,,,,,,,,,1,1,1,0.7,1.0
78,42,7,0.008107386616062813,0.40408163265306124,5,,,,,,,,,1,1,1,0.7,1.0
78,43,8,0.014842540020111665,0.43805309734513276,5,,,,,,,,,1,1,1,0.7,1.0
78,44,9,0.019506962294465077,0.4194915254237288,5,,,,,,,,,1,1,1,0.7,1.0
78,45,8,0.015499166069116324,0.4090909090909091,5,,,,,,,,,1,1,1,0.7,1.0
78,46,7,0.009132084094994313,0.4107883817427386,5,,,,,,,,,1,1,1,0.7,1.0
78,47,8,0.01588333884215923,0.4008097165991903,5,,,,,,,,,1,1,1,0.7,1.0
78,48,8,0.013057353661506293,0.4194915254237288,5,,,,,,,,,1,1,1,0.7,1.0
78,49,10,0.022998126649215727,0.4342105263157895,5,,,,,,,,,1,1,1,0.7,1.0
78,50,10,0.0308143346441008,0.43805309734513276,5,,,,,,,,,1,1,1,0.7,1.0
78,51,14,0.03914697687093884,0.4714285714285714,5,,,,,,,,,1,1,1,0.7,1.0
78,52,5,0.008107289253582214,0.376425855513308,5,,,,,,,,,1,1,1,0.7,1.0
78,53,8,0.011537483487035103,0.4177215189873418,5,,,,,,,,,1,1,1,0.7,1.0
78,54,4,0.003793024144388423,0.3626373626373626,3,,,,,,,,,1,1,1,0.7,1.0
78,55,10,0.023237659776797134,0.4541284403669725,5,,,,,,,,,1,1,1,0.7,1.0
78,56,5,0.005797905192208366,0.37358490566037733,5,,,,,,,,,1,1,1,0.7,1.0
78,57,8,0.016349603863737225,0.4090909090909091,5,,,,,,,,,1,1,1,0.7,1.0
78,58,9,0.019899514796318962,0.4194915254237288,5,,,,,,,,,1,1,1,0.7,1.0
78,59,10,0.022085707361162835,0.4342105263157895,5,,,,,,,,,1,1,1,0.7,1.0
78,60,11,0.019807911567924382,0.43612334801762115,5,,,,,,,,,1,1,1,0.7,1.0
78,61,8,0.010424008924552612,0.4057377049180328,5,,,,,,,,,1,1,1,0.7,1.0
78,62,12,0.025946448104021823,0.45622119815668205,5,,,,,,,,,1,1,1,0.7,1.0
78,63,2,0.0005614126362425681,0.3344594594594595,2,,,,,,,,,1,1,1,0.7,1.0
78,64,9,0.01872332415682547,0.4267241379310345,5,,,,,,,,,1,1,1,0.7,1.0
78,65,12,0.031032488648889307,0.4520547945205479,5,,,,,,,,,1,1,1,0.7,1.0
78,66,6,0.0057761754226101384,0.38372093023255816,5,,,,,,,,,1,1,1,0.7,1.0
78,67,7,0.013160777951982968,0.42127659574468085,5,,,,,,,,,1,1,1,0.7,1.0
78,68,9,0.017227215239394276,0.4248927038626609,5,,,,,,,,,1,1,1,0.7,1.0
78,69,10,0.025227933667602773,0.4177215189873418,5,,,,,,,,,1,1,1,0.7,1.0
78,70,8,0.01387620475838911,0.4267241379310345,5,,,,,,,,,1,1,1,0.7,1.0
78,71,9,0.016185486162689472,0.41596638655462187,5,,,,,,,,,1,1,1,0.7,1.0
78,72,9,0.015273779864619004,0.43043478260869567,5,,,,,,,,,1,1,1,0.7,1.0
78,73,5,0.004078652941379849,0.375,5,,,,,,,,,1,1,1,0.7,1.0
78,74,9,0.018681489814624395,0.4125,5,,,,,,,,,1,1,1,0.7,1.0
78,75,9,0.0171208681049252,0.43231441048034935,5,,,,,,,,,1,1,1,0.7,1.0
78,76,9,0.014075601128570363,0.42127659574468085,5,,,,,,,,,1,1,1,0.7,1.0
78,77,10,0.01743825099569623,0.44,5,,,,,,,,,1,1,1,0.7,1.0
78,78,5,0.0038024049630668573,0.38976377952755903,5,,,,,,,,,1,1,1,0.7,1.0
78,79,6,0.003933385627379168,0.396,5,,,,,,,,,1,1,1,0.7,1.0
78,80,6,0.009540177285457217,0.38976377952755903,5,,,,,,,,,1,1,1,0.7,1.0
78,81,4,0.003878362412685233,0.3535714285714286,3,,,,,,,,,1,1,1,0.7,1.0
78,82,6,0.006102204291129582,0.3793103448275862,5,,,,,,,,,1,1,1,0.7,1.0
78,83,9,0.020811545403340872,0.4230769230769231,5,,,,,,,,,1,1,1,0.7,1.0
78,84,7,0.012843574800630352,0.38823529411764707,5,,,,,,,,,1,1,1,0.7,1.0
78,85,11,0.02311943072088779,0.43612334801762115,5,,,,,,,,,1,1,1,0.7,1.0
78,86,9,0.02249266760837428,0.4230769230769231,5,,,,,,,,,1,1,1,0.7,1.0
78,87,9,0.01288331850351868,0.4248927038626609,5,,,,,,,,,1,1,1,0.7,1.0
78,88,7,0.009293753449501873,0.4090909090909091,5,,,,,,,,,1,1,1,0.7,1.0
78,89,7,0.007638586484533018,0.4074074074074074,5,,,,,,,,,1,1,1,0.7,1.0
78,90,10,0.023171127747701463,0.43231441048034935,5,,,,,,,,,1,1,1,0.7,1.0
78,91,10,0.02595944987752483,0.4439461883408072,5,,,,,,,,,1,1,1,0.7,1.0
78,92,7,0.008537605041661208,0.4008097165991903,5,,,,,,,,,1,1,1,0.7,1.0
78,93,10,0.02616016778149733,0.4479638009049774,5,,,,,,,,,1,1,1,0.7,1.0
78,94,4,0.002824004922169769,0.36,4,,,,,,,,,1,1,1,0.7,1.0
78,95,6,0.0073059396014398675,0.4057377049180328,5,,,,,,,,,1,1,1,0.7,1.0
78,96,6,0.008292640749202327,0.391304347826087,5,,,,,,,,,1,1,1,0.7,1.0
78,97,7,0.012769970808459086,0.4090909090909091,5,,,,,,,,,1,1,1,0.7,1.0
78,98,9,0.016231205942319603,0.4267241379310345,5,,,,,,,,,1,1,1,0.7,1.0
78,99,10,0.02365500758389639,0.4177215189873418,5,,,,,,,,,1,1,1,0.7,1.0
79,0,12,0.027870177639501746,0.4439461883408072,5,,,,,,,,,1,1,1,0.7,1.0
79,1,6,0.008284928002406858,0.39759036144578314,5,,,,,,,,,1,1,1,0.7,1.0
79,2,6,0.007862988956379923,0.3944223107569721,5,,,,,,,,,1,1,1,0.7,1.0
79,3,7,0.009060616819988506,0.4125,5,,,,,,,,,1,1,1,0.7,1.0
79,4,7,0.011546566243780348,0.38372093023255816,5,,,,,,,,,1,1,1,0.7,1.0
79,5,6,0.007353821423085494,0.38823529411764707,5,,,,,,,,,1,1,1,0.7,1.0
79,6,8,0.016582929083409786,0.4024390243902439,5,,,,,,,,,1,1,1,0.7,1.0
79,7,7,0.01482499303979092,0.4090909090909091,5,,,,,,,,,1,1,1,0.7,1.0
79,8,5,0.004648371147546576,0.38671875,5,,,,,,,,,1,1,1,0.7,1.0
79,9,8,0.01083664390532592,0.4125,5,,,,,,,,,1,1,1,0.7,1.0
79,10,4,0.0030267081689468824,0.375,4,,,,,,,,,1,1,1,0.7,1.0
79,11,3,0.001798234955708471,0.3378839590443686,3,,,,,,,,,1,1,1,0.7,1.0
79,12,12,0.03246531234079403,0.4714285714285714,5,,,,,,,,,1,1,1,0.7,1.0
79,13,7,0.009413152607664656,0.3944223107569721,5,,,,,,,,,1,1,1,0.7,1.0
79,14,10,0.02034681887297241,0.43612334801762115,5,,,,,,,,,1,1,1,0.7,1.0
79,15,9,0.022967970997341273,0.4125,5,,,,,,,,,1,1,1,0.7,1.0
79,16,3,0.0008141163676104925,0.3473684210526316,3,,,,,,,,,1,1,1,0.7,1.0
79,17,9,0.013710214410568368,0.4125,5,,,,,,,,,1,1,1,0.7,1.0
79,18,12,0.029269697836801636,0.4669811320754717,5,,,,,,,,,1,1,1,0.7,1.0
79,19,10,0.0202537925463073,0.4419642857142857,5,,,,,,,,,1,1,1,0.7,1.0
79,20,3,0.0021808142692860207,0.339041095890411,3,,,,,,,,,1,1,1,0.7,1.0
79,21,6,0.007542316400121865,0.39919354838709675,5,,,,,,,,,1,1,1,0.7,1.0
79,22,10,0.029376023808859605,0.43043478260869567,5,,,,,,,,,1,1,1,0.7,1.0
79,23,9,0.01864473712174515,0.4267241379310345,5,,,,,,,,,1,1,1,0.7,1.0
79,24,2,0.0,0.32038834951456313,2,,,,,,,,,1,1,1,0.7,1.0
79,25,5,0.0062320001243736595,0.38076923076923075,5,,,,,,,,,1,1,1,0.7,1.0
79,26,3,0.0011672780323125835,0.36,3,,,,,,,,,1,1,1,0.7,1.0
79,27,14,0.04032081334260075,0.4782608695652174,5,,,,,,,,,1,1,1,0.7,1.0
79,28,11,0.025196041378104415,0.4479638009049774,5,,,,,,,,,1,1,1,0.7,1.0
79,29,6,0.007148901888439518,0.391304347826087,5,,,,,,,,,1,1,1,0.7,1.0
79,30,6,0.007893523509131792,0.38671875,5,,,,,,,,,1,1,1,0.7,1.0
79,31,8,0.016685872476458252,0.4008097165991903,5,,,,,,,,,1,1,1,0.7,1.0
79,32,15,0.042175075381476565,0.47368421052631576,5,,,,,,,,,1,1,1,0.7,1.0
79,33,9,0.02012775183331944,0.4230769230769231,5,,,,,,,,,1,1,1,0.7,1.0
79,34,9,0.01841082522871394,0.4248927038626609,5,,,,,,,,,1,1,1,0.7,1.0
79,35,9,0.022128555021271912,0.42127659574468085,5,,,,,,,,,1,1,1,0.7,1.0
79,36,6,0.009052232439077976,0.4008097165991903,5,,,,,,,,,1,1,1,0.7,1.0
79,37,10,0.022884808637103175,0.4439461883408072,5,,,,,,,,,1,1,1,0.7,1.0
79,38,3,0.0011621659124968892,0.33559322033898303,3,,,,,,,,,1,1,1,0.7,1.0
79,39,7,0.009374462711473703,0.4125,5,,,,,,,,,1,1,1,0.7,1.0
79,40,7,0.010041046143858966,0.41422594142259417,5,,,,,,,,,1,1,1,0.7,1.0
79,41,8,0.01644273385424969,0.42127659574468085,5,,,,,,,,,1,1,1,0.7,1.0
79,42,7,0.008107386616062813,0.40408163265306124,5,,,,,,,,,1,1,1,0.7,1.0
79,43,8,0.014842540020111665,0.43805309734513276,5,,,,,,,,,1,1,1,0.7,1.0
79,44,9,0.019506962294465077,0.4194915254237288,5,,,,,,,,,1,1,1,0.7,1.0
79,45,8,0.015499166069116324,0.4090909090909091,5,,,,,,,,,1,1,1,0.7,1.0
79,46,7,0.009132084094994313,0.4107883817427386,5,,,,,,,,,1,1,1,0.7,1.0
79,47,8,0.01588333884215923,0.4008097165991903,5,,,,,,,,,1,1,1,0.7,1.0
79,48,8,0.013057353661506293,0.4194915254237288,5,,,,,,,,,1,1,1,0.7,1.0
79,49,10,0.022998126649215727,0.4342105263157895,5,,,,,,,,,1,1,1,0.7,1.0
79,50,10,0.0308143346441008,0.43805309734513276,5,,,,,,,,,1,1,1,0.7,1.0
79,51,14,0.03914697687093884,0.4714285714285714,5,,,,,,,,,1,1,1,0.7,1.0
79,52,5,0.008107289253582214,0.376425855513308,5,,,,,,,,,1,1,1,0.7,1.0
79,53,8,0.011537483487035103,0.4177215189873418,5,,,,,,,,,1,1,1,0.7,1.0
79,54,4,0.003793024144388423,0.3626373626373626,3,,,,,,,,,1,1,1,0.7,1.0
79,55,10,0.023237659776797134,0.4541284403669725,5,,,,,,,,,1,1,1,0.7,1.0
79,56,5,0.005797905192208366,0.37358490566037733,5,,,,,,,,,1,1,1,0.7,1.0
79,57,8,0.016349603863737225,0.4090909090909091,5,,,,,,,,,1,1,1,0.7,1.0
79,58,9,0.019899514796318962,0.4194915254237288,5,,,,,,,,,1,1,1,0.7,1.0
79,59,10,0.022085707361162835,0.4342105263157895,5,,,,,,,,,1,1,1,0.7,1.0
79,60,11,0.019807911567924382,0.43612334801762115,5,,,,,,,,,1,1,1,0.7,1.0
79,61,8,0.010424008924552612,0.4057377049180328,5,,,,,,,,,1,1,1,0.7,1.0
79,62,12,0.025946448104021823,0.45622119815668205,5,,,,,,,,,1,1,1,0.7,1.0
79,63,2,0.0005614126362425681,0.3344594594594595,2,,,,,,,,,1,1,1,0.7,1.0
79,64,9,0.01872332415682547,0.4267241379310345,5,,,,,,,,,1,1,1,0.7,1.0
79,65,12,0.031032488648889307,0.4520547945205479,5,,,,,,,,,1,1,1,0.7,1.0
79,66,6,0.0057761754226101384,0.38372093023255816,5,,,,,,,,,1,1,1,0.7,1.0
79,67,7,0.013160777951982968,0.42127659574468085,5,,,,,,,,,1,1,1,0.7,1.0
79,68,9,0.017227215239394276,0.4248927038626609,5,,,,,,,,,1,1,1,0.7,1.0
79,69,10,0.025227933667602773,0.4177215189873418,5,,,,,,,,,1,1,1,0.7,1.0
79,70,8,0.01387620475838911,0.4267241379310345,5,,,,,,,,,1,1,1,0.7,1.0
79,71,9,0.016185486162689472,0.41596638655462187,5,,,,,,,,,1,1,1,0.7,1.0
79,72,9,0.015273779864619004,0.43043478260869567,5,,,,,,,,,1,1,1,0.7,1.0
79,73,5,0.004078652941379849,0.375,5,,,,,,,,,1,1,1,0.7,1.0
79,74,9,0.018681489814624395,0.4125,5,,,,,,,,,1,1,1,0.7,1.0
79,75,9,0.0171208681049252,0.43231441048034935,5,,,,,,,,,1,1,1,0.7,1.0
79,76,9,0.014075601128570363,0.42127659574468085,5,,,,,,,,,1,1,1,0.7,1.0
79,77,10,0.01743825099569623,0.44,5,,,,,,,,,1,1,1,0.7,1.0
79,78,5,0.0038024049630668573,0.38976377952755903,5,,,,,,,,,1,1,1,0.7,1.0
79,79,6,0.003933385627379168,0.396,5,,,,,,,,,1,1,1,0.7,1.0
79,80,6,0.009540177285457217,0.38976377952755903,5,,,,,,,,,1,1,1,0.7,1.0
79,81,4,0.003878362412685233,0.3535714285714286,3,,,,,,,,,1,1,1,0.7,1.0
79,82,6,0.006102204291129582,0.3793103448275862,5,,,,,,,,,1,1,1,0.7,1.0
79,83,9,0.020811545403340872,0.4230769230769231,5,,,,,,,,,1,1,1,0.7,1.0
79,84,7,0.012843574800630352,0.38823529411764707,5,,,,,,,,,1,1,1,0.7,1.0
79,85,11,0.02311943072088779,0.43612334801762115,5,,,,,,,,,1,1,1,0.7,1.0
79,86,9,0.02249266760837428,0.4230769230769231,5,,,,,,,,,1,1,1,0.7,1.0
79,87,9,0.01288331850351868,0.4248927038626609,5,,,,,,,,,1,1,1,0.7,1.0
79,88,7,0.009293753449501873,0.4090909090909091,5,,,,,,,,,1,1,1,0.7,1.0
79,89,7,0.007638586484533018,0.4074074074074074,5,,,,,,,,,1,1,1,0.7,1.0
79,90,10,0.023171127747701463,0.43231441048034935,5,,,,,,,,,1,1,1,0.7,1.0
79,91,10,0.02595944987752483,0.4439461883408072,5,,,,,,,,,1,1,1,0.7,1.0
79,92,7,0.008537605041661208,0.4008097165991903,5,,,,,,,,,1,1,1,0.7,1.0
79,93,10,0.02616016778149733,0.4479638009049774,5,,,,,,,,,1,1,1,0.7,1.0
79,94,4,0.002824004922169769,0.36,4,,,,,,,,,1,1,1,0.7,1.0
79,95,6,0.0073059396014398675,0.4057377049180328,5,,,,,,,,,1,1,1,0.7,1.0
79,96,6,0.008292640749202327,0.391304347826087,5,,,,,,,,,1,1,1,0.7,1.0
79,97,7,0.012769970808459086,0.4090909090909091,5,,,,,,,,,1,1,1,0.7,1.0
79,98,9,0.016231205942319603,0.4267241379310345,5,,,,,,,,,1,1,1,0.7,1.0
79,99,10,0.02365500758389639,0.4177215189873418,5,,,,,,,,,1,1,1,0.7,1.0
80,0,12,0.027870177639501746,0.4439461883408072,5,,,,,,,,,1,1,1,0.7,1.0
80,1,6,0.008284928002406858,0.39759036144578314,5,,,,,,,,,1,1,1,0.7,1.0
80,2,6,0.007862988956379923,0.3944223107569721,5,,,,,,,,,1,1,1,0.7,1.0
80,3,7,0.009060616819988506,0.4125,5,,,,,,,,,1,1,1,0.7,1.0
80,4,7,0.011546566243780348,0.38372093023255816,5,,,,,,,,,1,1,1,0.7,1.0
80,5,6,0.007353821423085494,0.38823529411764707,5,,,,,,,,,1,1,1,0.7,1.0
80,6,8,0.016582929083409786,0.4024390243902439,5,,,,,,,,,1,1,1,0.7,1.0
80,7,7,0.01482499303979092,0.4090909090909091,5,,,,,,,,,1,1,1,0.7,1.0
80,8,5,0.004648371147546576,0.38671875,5,,,,,,,,,1,1,1,0.7,1.0
80,9,8,0.01083664390532592,0.4125,5,,,,,,,,,1,1,1,0.7,1.0
80,10,4,0.0030267081689468824,0.375,4,,,,,,,,,1,1,1,0.7,1.0
80,11,3,0.001798234955708471,0.3378839590443686,3,,,,,,,,,1,1,1,0.7,1.0
80,12,12,0.03246531234079403,0.4714285714285714,5,,,,,,,,,1,1,1,0.7,1.0
80,13,7,0.009413152607664656,0.3944223107569721,5,,,,,,,,,1,1,1,0.7,1.0
80,14,10,0.02034681887297241,0.43612334801762115,5,,,,,,,,,1,1,1,0.7,1.0
80,15,9,0.022967970997341273,0.4125,5,,,,,,,,,1,1,1,0.7,1.0
80,16,3,0.0008141163676104925,0.3473684210526316,3,,,,,,,,,1,1,1,0.7,1.0
80,17,9,0.013710214410568368,0.4125,5,,,,,,,,,1,1,1,0.7,1.0
80,18,12,0.029269697836801636,0.4669811320754717,5,,,,,,,,,1,1,1,0.7,1.0
80,19,10,0.0202537925463073,0.4419642857142857,5,,,,,,,,,1,1,1,0.7,1.0
80,20,3,0.0021808142692860207,0.339041095890411,3,,,,,,,,,1,1,1,0.7,1.0
80,21,6,0.007542316400121865,0.39919354838709675,5,,,,,,,,,1,1,1,0.7,1.0
80,22,10,0.029376023808859605,0.43043478260869567,5,,,,,,,,,1,1,1,0.7,1.0
80,23,9,0.01864473712174515,0.4267241379310345,5,,,,,,,,,1,1,1,0.7,1.0
80,24,2,0.0,0.32038834951456313,2,,,,,,,,,1,1,1,0.7,1.0
80,25,5,0.0062320001243736595,0.38076923076923075,5,,,,,,,,,1,1,1,0.7,1.0
80,26,3,0.0011672780323125835,0.36,3,,,,,,,,,1,1,1,0.7,1.0
80,27,14,0.04032081334260075,0.4782608695652174,5,,,,,,,,,1,1,1,0.7,1.0
80,28,11,0.025196041378104415,0.4479638009049774,5,,,,,,,,,1,1,1,0.7,1.0
80,29,6,0.007148901888439518,0.391304347826087,5,,,,,,,,,1,1,1,0.7,1.0
80,30,6,0.007893523509131792,0.38671875,5,,,,,,,,,1,1,1,0.7,1.0
80,31,8,0.016685872476458252,0.4008097165991903,5,,,,,,,,,1,1,1,0.7,1.0
80,32,15,0.042175075381476565,0.47368421052631576,5,,,,,,,,,1,1,1,0.7,1.0
80,33,9,0.02012775183331944,0.4230769230769231,5,,,,,,,,,1,1,1,0.7,1.0
80,34,9,0.01841082522871394,0.4248927038626609,5,,,,,,,,,1,1,1,0.7,1.0
80,35,9,0.022128555021271912,0.42127659574468085,5,,,,,,,,,1,1,1,0.7,1.0
80,36,6,0.009052232439077976,0.4008097165991903,5,,,,,,,,,1,1,1,0.7,1.0
80,37,10,0.022884808637103175,0.4439461883408072,5,,,,,,,,,1,1,1,0.7,1.0
80,38,3,0.0011621659124968892,0.33559322033898303,3,,,,,,,,,1,1,1,0.7,1.0
80,39,7,0.009374462711473703,0.4125,5,,,,,,,,,1,1,1,0.7,1.0
80,40,7,0.010041046143858966,0.41422594142259417,5,,,,,,,,,1,1,1,0.7,1.0
80,41,8,0.01644273385424969,0.42127659574468085,5,,,,,,,,,1,1,1,0.7,1.0
80,42,7,0.008107386616062813,0.40408163265306124,5,,,,,,,,,1,1,1,0.7,1.0
80,43,8,0.014842540020111665,0.43805309734513276,5,,,,,,,,,1,1,1,0.7,1.0
80,44,9,0.019506962294465077,0.4194915254237288,5,,,,,,,,,1,1,1,0.7,1.0
80,45,8,0.015499166069116324,0.4090909090909091,5,,,,,,,,,1,1,1,0.7,1.0
80,46,7,0.009132084094994313,0.4107883817427386,5,,,,,,,,,1,1,1,0.7,1.0
80,47,8,0.01588333884215923,0.4008097165991903,5,,,,,,,,,1,1,1,0.7,1.0
80,48,8,0.013057353661506293,0.4194915254237288,5,,,,,,,,,1,1,1,0.7,1.0
80,49,10,0.022998126649215727,0.4342105263157895,5,,,,,,,,,1,1,1,0.7,1.0
80,50,10,0.0308143346441008,0.43805309734513276,5,,,,,,,,,1,1,1,0.7,1.0
80,51,14,0.03914697687093884,0.4714285714285714,5,,,,,,,,,1,1,1,0.7,1.0
80,52,5,0.008107289253582214,0.376425855513308,5,,,,,,,,,1,1,1,0.7,1.0
80,53,8,0.011537483487035103,0.4177215189873418,5,,,,,,,,,1,1,1,0.7,1.0
80,54,4,0.003793024144388423,0.3626373626373626,3,,,,,,,,,1,1,1,0.7,1.0
80,55,10,0.023237659776797134,0.4541284403669725,5,,,,,,,,,1,1,1,0.7,1.0
80,56,5,0.005797905192208366,0.37358490566037733,5,,,,,,,,,1,1,1,0.7,1.0
80,57,8,0.016349603863737225,0.4090909090909091,5,,,,,,,,,1,1,1,0.7,1.0
80,58,9,0.019899514796318962,0.4194915254237288,5,,,,,,,,,1,1,1,0.7,1.0
80,59,10,0.022085707361162835,0.4342105263157895,5,,,,,,,,,1,1,1,0.7,1.0
80,60,11,0.019807911567924382,0.43612334801762115,5,,,,,,,,,1,1,1,0.7,1.0
80,61,8,0.010424008924552612,0.4057377049180328,5,,,,,,,,,1,1,1,0.7,1.0
80,62,12,0.025946448104021823,0.45622119815668205,5,,,,,,,,,1,1,1,0.7,1.0
80,63,2,0.0005614126362425681,0.3344594594594595,2,,,,,,,,,1,1,1,0.7,1.0
80,64,9,0.01872332415682547,0.4267241379310345,5,,,,,,,,,1,1,1,0.7,1.0
80,65,12,0.031032488648889307,0.4520547945205479,5,,,,,,,,,1,1,1,0.7,1.0
80,66,6,0.0057761754226101384,0.38372093023255816,5,,,,,,,,,1,1,1,0.7,1.0
80,67,7,0.013160777951982968,0.42127659574468085,5,,,,,,,,,1,1,1,0.7,1.0
80,68,9,0.017227215239394276,0.4248927038626609,5,,,,,,,,,1,1,1,0.7,1.0
80,69,10,0.025227933667602773,0.4177215189873418,5,,,,,,,,,1,1,1,0.7,1.0
80,70,8,0.01387620475838911,0.4267241379310345,5,,,,,,,,,1,1,1,0.7,1.0
80,71,9,0.016185486162689472,0.41596638655462187,5,,,,,,,,,1,1,1,0.7,1.0
80,72,9,0.015273779864619004,0.43043478260869567,5,,,,,,,,,1,1,1,0.7,1.0
80,73,5,0.004078652941379849,0.375,5,,,,,,,,,1,1,1,0.7,1.0
80,74,9,0.018681489814624395,0.4125,5,,,,,,,,,1,1,1,0.7,1.0
80,75,9,0.0171208681049252,0.43231441048034935,5,,,,,,,,,1,1,1,0.7,1.0
80,76,9,0.014075601128570363,0.42127659574468085,5,,,,,,,,,1,1,1,0.7,1.0
80,77,10,0.01743825099569623,0.44,5,,,,,,,,,1,1,1,0.7,1.0
80,78,5,0.0038024049630668573,0.38976377952755903,5,,,,,,,,,1,1,1,0.7,1.0
80,79,6,0.003933385627379168,0.396,5,,,,,,,,,1,1,1,0.7,1.0
80,80,6,0.009540177285457217,0.38976377952755903,5,,,,,,,,,1,1,1,0.7,1.0
80,81,4,0.003878362412685233,0.3535714285714286,3,,,,,,,,,1,1,1,0.7,1.0
80,82,6,0.006102204291129582,0.3793103448275862,5,,,,,,,,,1,1,1,0.7,1.0
80,83,9,0.020811545403340872,0.4230769230769231,5,,,,,,,,,1,1,1,0.7,1.0
80,84,7,0.012843574800630352,0.38823529411764707,5,,,,,,,,,1,1,1,0.7,1.0
80,85,11,0.02311943072088779,0.43612334801762115,5,,,,,,,,,1,1,1,0.7,1.0
80,86,9,0.02249266760837428,0.4230769230769231,5,,,,,,,,,1,1,1,0.7,1.0
80,87,9,0.01288331850351868,0.4248927038626609,5,,,,,,,,,1,1,1,0.7,1.0
80,88,7,0.009293753449501873,0.4090909090909091,5,,,,,,,,,1,1,1,0.7,1.0
80,89,7,0.007638586484533018,0.4074074074074074,5,,,,,,,,,1,1,1,0.7,1.0
80,90,10,0.023171127747701463,0.43231441048034935,5,,,,,,,,,1,1,1,0.7,1.0
80,91,10,0.02595944987752483,0.4439461883408072,5,,,,,,,,,1,1,1,0.7,1.0
80,92,7,0.008537605041661208,0.4008097165991903,5,,,,,,,,,1,1,1,0.7,1.0
80,93,10,0.02616016778149733,0.4479638009049774,5,,,,,,,,,1,1,1,0.7,1.0
80,94,4,0.002824004922169769,0.36,4,,,,,,,,,1,1,1,0.7,1.0
80,95,6,0.0073059396014398675,0.4057377049180328,5,,,,,,,,,1,1,1,0.7,1.0
80,96,6,0.008292640749202327,0.391304347826087,5,,,,,,,,,1,1,1,0.7,1.0
80,97,7,0.012769970808459086,0.4090909090909091,5,,,,,,,,,1,1,1,0.7,1.0
80,98,9,0.016231205942319603,0.4267241379310345,5,,,,,,,,,1,1,1,0.7,1.0
80,99,10,0.02365500758389639,0.4177215189873418,5,,,,,,,,,1,1,1,0.7,1.0
81,0,12,0.027870177639501746,0.4439461883408072,5,,,,,,,,,1,1,1,0.7,1.0
81,1,6,0.008284928002406858,0.39759036144578314,5,,,,,,,,,1,1,1,0.7,1.0
81,2,6,0.007862988956379923,0.3944223107569721,5,,,,,,,,,1,1,1,0.7,1.0
81,3,7,0.009060616819988506,0.4125,5,,,,,,,,,1,1,1,0.7,1.0
81,4,7,0.011546566243780348,0.38372093023255816,5,,,,,,,,,1,1,1,0.7,1.0
81,5,6,0.007353821423085494,0.38823529411764707,5,,,,,,,,,1,1,1,0.7,1.0
81,6,8,0.016582929083409786,0.4024390243902439,5,,,,,,,,,1,1,1,0.7,1.0
81,7,7,0.01482499303979092,0.4090909090909091,5,,,,,,,,,1,1,1,0.7,1.0
81,8,5,0.004648371147546576,0.38671875,5,,,,,,,,,1,1,1,0.7,1.0
81,9,8,0.01083664390532592,0.4125,5,,,,,,,,,1,1,1,0.7,1.0
81,10,4,0.0030267081689468824,0.375,4,,,,,,,,,1,1,1,0.7,1.0
81,11,3,0.001798234955708471,0.3378839590443686,3,,,,,,,,,1,1,1,0.7,1.0
81,12,12,0.03246531234079403,0.4714285714285714,5,,,,,,,,,1,1,1,0.7,1.0
81,13,7,0.009413152607664656,0.3944223107569721,5,,,,,,,,,1,1,1,0.7,1.0
81,14,10,0.02034681887297241,0.43612334801762115,5,,,,,,,,,1,1,1,0.7,1.0
81,15,9,0.022967970997341273,0.4125,5,,,,,,,,,1,1,1,0.7,1.0
81,16,3,0.0008141163676104925,0.3473684210526316,3,,,,,,,,,1,1,1,0.7,1.0
81,17,9,0.013710214410568368,0.4125,5,,,,,,,,,1,1,1,0.7,1.0
81,18,12,0.029269697836801636,0.4669811320754717,5,,,,,,,,,1,1,1,0.7,1.0
81,19,10,0.0202537925463073,0.4419642857142857,5,,,,,,,,,1,1,1,0.7,1.0
81,20,3,0.0021808142692860207,0.339041095890411,3,,,,,,,,,1,1,1,0.7,1.0
81,21,6,0.007542316400121865,0.39919354838709675,5,,,,,,,,,1,1,1,0.7,1.0
81,22,10,0.029376023808859605,0.43043478260869567,5,,,,,,,,,1,1,1,0.7,1.0
81,23,9,0.01864473712174515,0.4267241379310345,5,,,,,,,,,1,1,1,0.7,1.0
81,24,2,0.0,0.32038834951456313,2,,,,,,,,,1,1,1,0.7,1.0
81,25,5,0.0062320001243736595,0.38076923076923075,5,,,,,,,,,1,1,1,0.7,1.0
81,26,3,0.0011672780323125835,0.36,3,,,,,,,,,1,1,1,0.7,1.0
81,27,14,0.04032081334260075,0.4782608695652174,5,,,,,,,,,1,1,1,0.7,1.0
81,28,11,0.025196041378104415,0.4479638009049774,5,,,,,,,,,1,1,1,0.7,1.0
81,29,6,0.007148901888439518,0.391304347826087,5,,,,,,,,,1,1,1,0.7,1.0
81,30,6,0.007893523509131792,0.38671875,5,,,,,,,,,1,1,1,0.7,1.0
81,31,8,0.016685872476458252,0.4008097165991903,5,,,,,,,,,1,1,1,0.7,1.0
81,32,15,0.042175075381476565,0.47368421052631576,5,,,,,,,,,1,1,1,0.7,1.0
81,33,9,0.02012775183331944,0.4230769230769231,5,,,,,,,,,1,1,1,0.7,1.0
81,34,9,0.01841082522871394,0.4248927038626609,5,,,,,,,,,1,1,1,0.7,1.0
81,35,9,0.022128555021271912,0.42127659574468085,5,,,,,,,,,1,1,1,0.7,1.0
81,36,6,0.009052232439077976,0.4008097165991903,5,,,,,,,,,1,1,1,0.7,1.0
81,37,10,0.022884808637103175,0.4439461883408072,5,,,,,,,,,1,1,1,0.7,1.0
81,38,3,0.0011621659124968892,0.33559322033898303,3,,,,,,,,,1,1,1,0.7,1.0
81,39,7,0.009374462711473703,0.4125,5,,,,,,,,,1,1,1,0.7,1.0
81,40,7,0.010041046143858966,0.41422594142259417,5,,,,,,,,,1,1,1,0.7,1.0
81,41,8,0.01644273385424969,0.42127659574468085,5,,,,,,,,,1,1,1,0.7,1.0
81,42,7,0.008107386616062813,0.40408163265306124,5,,,,,,,,,1,1,1,0.7,1.0
81,43,8,0.014842540020111665,0.43805309734513276,5,,,,,,,,,1,1,1,0.7,1.0
81,44,9,0.019506962294465077,0.4194915254237288,5,,,,,,,,,1,1,1,0.7,1.0
81,45,8,0.015499166069116324,0.4090909090909091,5,,,,,,,,,1,1,1,0.7,1.0
81,46,7,0.009132084094994313,0.4107883817427386,5,,,,,,,,,1,1,1,0.7,1.0
81,47,8,0.01588333884215923,0.4008097165991903,5,,,,,,,,,1,1,1,0.7,1.0
81,48,8,0.013057353661506293,0.4194915254237288,5,,,,,,,,,1,1,1,0.7,1.0
81,49,10,0.022998126649215727,0.4342105263157895,5,,,,,,,,,1,1,1,0.7,1.0
81,50,10,0.0308143346441008,0.43805309734513276,5,,,,,,,,,1,1,1,0.7,1.0
81,51,14,0.03914697687093884,0.4714285714285714,5,,,,,,,,,1,1,1,0.7,1.0
81,52,5,0.008107289253582214,0.376425855513308,5,,,,,,,,,1,1,1,0.7,1.0
81,53,8,0.011537483487035103,0.4177215189873418,5,,,,,,,,,1,1,1,0.7,1.0
81,54,4,0.003793024144388423,0.3626373626373626,3,,,,,,,,,1,1,1,0.7,1.0
81,55,10,0.023237659776797134,0.4541284403669725,5,,,,,,,,,1,1,1,0.7,1.0
81,56,5,0.005797905192208366,0.37358490566037733,5,,,,,,,,,1,1,1,0.7,1.0
81,57,8,0.016349603863737225,0.4090909090909091,5,,,,,,,,,1,1,1,0.7,1.0
81,58,9,0.019899514796318962,0.4194915254237288,5,,,,,,,,,1,1,1,0.7,1.0
81,59,10,0.022085707361162835,0.4342105263157895,5,,,,,,,,,1,1,1,0.7,1.0
81,60,11,0.019807911567924382,0.43612334801762115,5,,,,,,,,,1,1,1,0.7,1.0
81,61,8,0.010424008924552612,0.4057377049180328,5,,,,,,,,,1,1,1,0.7,1.0
81,62,12,0.025946448104021823,0.45622119815668205,5,,,,,,,,,1,1,1,0.7,1.0
81,63,2,0.0005614126362425681,0.3344594594594595,2,,,,,,,,,1,1,1,0.7,1.0
81,64,9,0.01872332415682547,0.4267241379310345,5,,,,,,,,,1,1,1,0.7,1.0
81,65,12,0.031032488648889307,0.4520547945205479,5,,,,,,,,,1,1,1,0.7,1.0
81,66,6,0.0057761754226101384,0.38372093023255816,5,,,,,,,,,1,1,1,0.7,1.0
81,67,7,0.013160777951982968,0.42127659574468085,5,,,,,,,,,1,1,1,0.7,1.0
81,68,9,0.017227215239394276,0.4248927038626609,5,,,,,,,,,1,1,1,0.7,1.0
81,69,10,0.025227933667602773,0.4177215189873418,5,,,,,,,,,1,1,1,0.7,1.0
81,70,8,0.01387620475838911,0.4267241379310345,5,,,,,,,,,1,1,1,0.7,1.0
81,71,9,0.016185486162689472,0.41596638655462187,5,,,,,,,,,1,1,1,0.7,1.0
81,72,9,0.015273779864619004,0.43043478260869567,5,,,,,,,,,1,1,1,0.7,1.0
81,73,5,0.004078652941379849,0.375,5,,,,,,,,,1,1,1,0.7,1.0
81,74,9,0.018681489814624395,0.4125,5,,,,,,,,,1,1,1,0.7,1.0
81,75,9,0.0171208681049252,0.43231441048034935,5,,,,,,,,,1,1,1,0.7,1.0
81,76,9,0.014075601128570363,0.42127659574468085,5,,,,,,,,,1,1,1,0.7,1.0
81,77,10,0.01743825099569623,0.44,5,,,,,,,,,1,1,1,0.7,1.0
81,78,5,0.0038024049630668573,0.38976377952755903,5,,,,,,,,,1,1,1,0.7,1.0
81,79,6,0.003933385627379168,0.396,5,,,,,,,,,1,1,1,0.7,1.0
81,80,6,0.009540177285457217,0.38976377952755903,5,,,,,,,,,1,1,1,0.7,1.0
81,81,4,0.003878362412685233,0.3535714285714286,3,,,,,,,,,1,1,1,0.7,1.0
81,82,6,0.006102204291129582,0.3793103448275862,5,,,,,,,,,1,1,1,0.7,1.0
81,83,9,0.020811545403340872,0.4230769230769231,5,,,,,,,,,1,1,1,0.7,1.0
81,84,7,0.012843574800630352,0.38823529411764707,5,,,,,,,,,1,1,1,0.7,1.0
81,85,11,0.02311943072088779,0.43612334801762115,5,,,,,,,,,1,1,1,0.7,1.0
81,86,9,0.02249266760837428,0.4230769230769231,5,,,,,,,,,1,1,1,0.7,1.0
81,87,9,0.01288331850351868,0.4248927038626609,5,,,,,,,,,1,1,1,0.7,1.0
81,88,7,0.009293753449501873,0.4090909090909091,5,,,,,,,,,1,1,1,0.7,1.0
81,89,7,0.007638586484533018,0.4074074074074074,5,,,,,,,,,1,1,1,0.7,1.0
81,90,10,0.023171127747701463,0.43231441048034935,5,,,,,,,,,1,1,1,0.7,1.0
81,91,10,0.02595944987752483,0.4439461883408072,5,,,,,,,,,1,1,1,0.7,1.0
81,92,7,0.008537605041661208,0.4008097165991903,5,,,,,,,,,1,1,1,0.7,1.0
81,93,10,0.02616016778149733,0.4479638009049774,5,,,,,,,,,1,1,1,0.7,1.0
81,94,4,0.002824004922169769,0.36,4,,,,,,,,,1,1,1,0.7,1.0
81,95,6,0.0073059396014398675,0.4057377049180328,5,,,,,,,,,1,1,1,0.7,1.0
81,96,6,0.008292640749202327,0.391304347826087,5,,,,,,,,,1,1,1,0.7,1.0
81,97,7,0.012769970808459086,0.4090909090909091,5,,,,,,,,,1,1,1,0.7,1.0
81,98,9,0.016231205942319603,0.4267241379310345,5,,,,,,,,,1,1,1,0.7,1.0
81,99,10,0.02365500758389639,0.4177215189873418,5,,,,,,,,,1,1,1,0.7,1.0
82,0,12,0.027870177639501746,0.4439461883408072,5,,,,,,,,,1,1,1,0.7,1.0
82,1,6,0.008284928002406858,0.39759036144578314,5,,,,,,,,,1,1,1,0.7,1.0
82,2,6,0.007862988956379923,0.3944223107569721,5,,,,,,,,,1,1,1,0.7,1.0
82,3,7,0.009060616819988506,0.4125,5,,,,,,,,,1,1,1,0.7,1.0
82,4,7,0.011546566243780348,0.38372093023255816,5,,,,,,,,,1,1,1,0.7,1.0
82,5,6,0.007353821423085494,0.38823529411764707,5,,,,,,,,,1,1,1,0.7,1.0
82,6,8,0.016582929083409786,0.4024390243902439,5,,,,,,,,,1,1,1,0.7,1.0
82,7,7,0.01482499303979092,0.4090909090909091,5,,,,,,,,,1,1,1,0.7,1.0
82,8,5,0.004648371147546576,0.38671875,5,,,,,,,,,1,1,1,0.7,1.0
82,9,8,0.01083664390532592,0.4125,5,,,,,,,,,1,1,1,0.7,1.0
82,10,4,0.0030267081689468824,0.375,4,,,,,,,,,1,1,1,0.7,1.0
82,11,3,0.001798234955708471,0.3378839590443686,3,,,,,,,,,1,1,1,0.7,1.0
82,12,12,0.03246531234079403,0.4714285714285714,5,,,,,,,,,1,1,1,0.7,1.0
82,13,7,0.009413152607664656,0.3944223107569721,5,,,,,,,,,1,1,1,0.7,1.0
82,14,10,0.02034681887297241,0.43612334801762115,5,,,,,,,,,1,1,1,0.7,1.0
82,15,9,0.022967970997341273,0.4125,5,,,,,,,,,1,1,1,0.7,1.0
82,16,3,0.0008141163676104925,0.3473684210526316,3,,,,,,,,,1,1,1,0.7,1.0
82,17,9,0.013710214410568368,0.4125,5,,,,,,,,,1,1,1,0.7,1.0
82,18,12,0.029269697836801636,0.4669811320754717,5,,,,,,,,,1,1,1,0.7,1.0
82,19,10,0.0202537925463073,0.4419642857142857,5,,,,,,,,,1,1,1,0.7,1.0
82,20,3,0.0021808142692860207,0.339041095890411,3,,,,,,,,,1,1,1,0.7,1.0
82,21,6,0.007542316400121865,0.39919354838709675,5,,,,,,,,,1,1,1,0.7,1.0
82,22,10,0.029376023808859605,0.43043478260869567,5,,,,,,,,,1,1,1,0.7,1.0
82,23,9,0.01864473712174515,0.4267241379310345,5,,,,,,,,,1,1,1,0.7,1.0
82,24,2,0.0,0.32038834951456313,2,,,,,,,,,1,1,1,0.7,1.0
82,25,5,0.0062320001243736595,0.38076923076923075,5,,,,,,,,,1,1,1,0.7,1.0
82,26,3,0.0011672780323125835,0.36,3,,,,,,,,,1,1,1,0.7,1.0
82,27,14,0.04032081334260075,0.4782608695652174,5,,,,,,,,,1,1,1,0.7,1.0
82,28,11,0.025196041378104415,0.4479638009049774,5,,,,,,,,,1,1,1,0.7,1.0
82,29,6,0.007148901888439518,0.391304347826087,5,,,,,,,,,1,1,1,0.7,1.0
82,30,6,0.007893523509131792,0.38671875,5,,,,,,,,,1,1,1,0.7,1.0
82,31,8,0.016685872476458252,0.4008097165991903,5,,,,,,,,,1,1,1,0.7,1.0
82,32,15,0.042175075381476565,0.47368421052631576,5,,,,,,,,,1,1,1,0.7,1.0
82,33,9,0.02012775183331944,0.4230769230769231,5,,,,,,,,,1,1,1,0.7,1.0
82,34,9,0.01841082522871394,0.4248927038626609,5,,,,,,,,,1,1,1,0.7,1.0
82,35,9,0.022128555021271912,0.42127659574468085,5,,,,,,,,,1,1,1,0.7,1.0
82,36,6,0.009052232439077976,0.4008097165991903,5,,,,,,,,,1,1,1,0.7,1.0
82,37,10,0.022884808637103175,0.4439461883408072,5,,,,,,,,,1,1,1,0.7,1.0
82,38,3,0.0011621659124968892,0.33559322033898303,3,,,,,,,,,1,1,1,0.7,1.0
82,39,7,0.009374462711473703,0.4125,5,,,,,,,,,1,1,1,0.7,1.0
82,40,7,0.010041046143858966,0.41422594142259417,5,,,,,,,,,1,1,1,0.7,1.0
82,41,8,0.01644273385424969,0.42127659574468085,5,,,,,,,,,1,1,1,0.7,1.0
82,42,7,0.008107386616062813,0.40408163265306124,5,,,,,,,,,1,1,1,0.7,1.0
82,43,8,0.014842540020111665,0.43805309734513276,5,,,,,,,,,1,1,1,0.7,1.0
82,44,9,0.019506962294465077,0.4194915254237288,5,,,,,,,,,1,1,1,0.7,1.0
82,45,8,0.015499166069116324,0.4090909090909091,5,,,,,,,,,1,1,1,0.7,1.0
82,46,7,0.009132084094994313,0.4107883817427386,5,,,,,,,,,1,1,1,0.7,1.0
82,47,8,0.01588333884215923,0.4008097165991903,5,,,,,,,,,1,1,1,0.7,1.0
82,48,8,0.013057353661506293,0.4194915254237288,5,,,,,,,,,1,1,1,0.7,1.0
82,49,10,0.022998126649215727,0.4342105263157895,5,,,,,,,,,1,1,1,0.7,1.0
82,50,10,0.0308143346441008,0.43805309734513276,5,,,,,,,,,1,1,1,0.7,1.0
82,51,14,0.03914697687093884,0.4714285714285714,5,,,,,,,,,1,1,1,0.7,1.0
82,52,5,0.008107289253582214,0.376425855513308,5,,,,,,,,,1,1,1,0.7,1.0
82,53,8,0.011537483487035103,0.4177215189873418,5,,,,,,,,,1,1,1,0.7,1.0
82,54,4,0.003793024144388423,0.3626373626373626,3,,,,,,,,,1,1,1,0.7,1.0
82,55,10,0.023237659776797134,0.4541284403669725,5,,,,,,,,,1,1,1,0.7,1.0
82,56,5,0.005797905192208366,0.37358490566037733,5,,,,,,,,,1,1,1,0.7,1.0
82,57,8,0.016349603863737225,0.4090909090909091,5,,,,,,,,,1,1,1,0.7,1.0
82,58,9,0.019899514796318962,0.4194915254237288,5,,,,,,,,,1,1,1,0.7,1.0
82,59,10,0.022085707361162835,0.4342105263157895,5,,,,,,,,,1,1,1,0.7,1.0
82,60,11,0.019807911567924382,0.43612334801762115,5,,,,,,,,,1,1,1,0.7,1.0
82,61,8,0.010424008924552612,0.4057377049180328,5,,,,,,,,,1,1,1,0.7,1.0
82,62,12,0.025946448104021823,0.45622119815668205,5,,,,,,,,,1,1,1,0.7,1.0
82,63,2,0.0005614126362425681,0.3344594594594595,2,,,,,,,,,1,1,1,0.7,1.0
82,64,9,0.01872332415682547,0.4267241379310345,5,,,,,,,,,1,1,1,0.7,1.0
82,65,12,0.031032488648889307,0.4520547945205479,5,,,,,,,,,1,1,1,0.7,1.0
82,66,6,0.0057761754226101384,0.38372093023255816,5,,,,,,,,,1,1,1,0.7,1.0
82,67,7,0.013160777951982968,0.42127659574468085,5,,,,,,,,,1,1,1,0.7,1.0
82,68,9,0.017227215239394276,0.4248927038626609,5,,,,,,,,,1,1,1,0.7,1.0
82,69,10,0.025227933667602773,0.4177215189873418,5,,,,,,,,,1,1,1,0.7,1.0
82,70,8,0.01387620475838911,0.4267241379310345,5,,,,,,,,,1,1,1,0.7,1.0
82,71,9,0.016185486162689472,0.41596638655462187,5,,,,,,,,,1,1,1,0.7,1.0
82,72,9,0.015273779864619004,0.43043478260869567,5,,,,,,,,,1,1,1,0.7,1.0
82,73,5,0.004078652941379849,0.375,5,,,,,,,,,1,1,1,0.7,1.0
82,74,9,0.018681489814624395,0.4125,5,,,,,,,,,1,1,1,0.7,1.0
82,75,9,0.0171208681049252,0.43231441048034935,5,,,,,,,,,1,1,1,0.7,1.0
82,76,9,0.014075601128570363,0.42127659574468085,5,,,,,,,,,1,1,1,0.7,1.0
82,77,10,0.01743825099569623,0.44,5,,,,,,,,,1,1,1,0.7,1.0
82,78,5,0.0038024049630668573,0.38976377952755903,5,,,,,,,,,1,1,1,0.7,1.0
82,79,6,0.003933385627379168,0.396,5,,,,,,,,,1,1,1,0.7,1.0
82,80,6,0.009540177285457217,0.38976377952755903,5,,,,,,,,,1,1,1,0.7,1.0
82,81,4,0.003878362412685233,0.3535714285714286,3,,,,,,,,,1,1,1,0.7,1.0
82,82,6,0.006102204291129582,0.3793103448275862,5,,,,,,,,,1,1,1,0.7,1.0
82,83,9,0.020811545403340872,0.4230769230769231,5,,,,,,,,,1,1,1,0.7,1.0
82,84,7,0.012843574800630352,0.38823529411764707,5,,,,,,,,,1,1,1,0.7,1.0
82,85,11,0.02311943072088779,0.43612334801762115,5,,,,,,,,,1,1,1,0.7,1.0
82,86,9,0.02249266760837428,0.4230769230769231,5,,,,,,,,,1,1,1,0.7,1.0
82,87,9,0.01288331850351868,0.4248927038626609,5,,,,,,,,,1,1,1,0.7,1.0
82,88,7,0.009293753449501873,0.4090909090909091,5,,,,,,,,,1,1,1,0.7,1.0
82,89,7,0.007638586484533018,0.4074074074074074,5,,,,,,,,,1,1,1,0.7,1.0
82,90,10,0.023171127747701463,0.43231441048034935,5,,,,,,,,,1,1,1,0.7,1.0
82,91,10,0.02595944987752483,0.4439461883408072,5,,,,,,,,,1,1,1,0.7,1.0
82,92,7,0.008537605041661208,0.4008097165991903,5,,,,,,,,,1,1,1,0.7,1.0
82,93,10,0.02616016778149733,0.4479638009049774,5,,,,,,,,,1,1,1,0.7,1.0
82,94,4,0.002824004922169769,0.36,4,,,,,,,,,1,1,1,0.7,1.0
82,95,6,0.0073059396014398675,0.4057377049180328,5,,,,,,,,,1,1,1,0.7,1.0
82,96,6,0.008292640749202327,0.391304347826087,5,,,,,,,,,1,1,1,0.7,1.0
82,97,7,0.012769970808459086,0.4090909090909091,5,,,,,,,,,1,1,1,0.7,1.0
82,98,9,0.016231205942319603,0.4267241379310345,5,,,,,,,,,1,1,1,0.7,1.0
82,99,10,0.02365500758389639,0.4177215189873418,5,,,,,,,,,1,1,1,0.7,1.0
83,0,12,0.027870177639501746,0.4439461883408072,5,,,,,,,,,1,1,1,0.7,1.0
83,1,6,0.008284928002406858,0.39759036144578314,5,,,,,,,,,1,1,1,0.7,1.0
83,2,6,0.007862988956379923,0.3944223107569721,5,,,,,,,,,1,1,1,0.7,1.0
83,3,7,0.009060616819988506,0.4125,5,,,,,,,,,1,1,1,0.7,1.0
83,4,7,0.011546566243780348,0.38372093023255816,5,,,,,,,,,1,1,1,0.7,1.0
83,5,6,0.007353821423085494,0.38823529411764707,5,,,,,,,,,1,1,1,0.7,1.0
83,6,8,0.016582929083409786,0.4024390243902439,5,,,,,,,,,1,1,1,0.7,1.0
83,7,7,0.01482499303979092,0.4090909090909091,5,,,,,,,,,1,1,1,0.7,1.0
83,8,5,0.004648371147546576,0.38671875,5,,,,,,,,,1,1,1,0.7,1.0
83,9,8,0.01083664390532592,0.4125,5,,,,,,,,,1,1,1,0.7,1.0
83,10,4,0.0030267081689468824,0.375,4,,,,,,,,,1,1,1,0.7,1.0
83,11,3,0.001798234955708471,0.3378839590443686,3,,,,,,,,,1,1,1,0.7,1.0
83,12,12,0.03246531234079403,0.4714285714285714,5,,,,,,,,,1,1,1,0.7,1.0
83,13,7,0.009413152607664656,0.3944223107569721,5,,,,,,,,,1,1,1,0.7,1.0
83,14,10,0.02034681887297241,0.43612334801762115,5,,,,,,,,,1,1,1,0.7,1.0
83,15,9,0.022967970997341273,0.4125,5,,,,,,,,,1,1,1,0.7,1.0
83,16,3,0.0008141163676104925,0.3473684210526316,3,,,,,,,,,1,1,1,0.7,1.0
83,17,9,0.013710214410568368,0.4125,5,,,,,,,,,1,1,1,0.7,1.0
83,18,12,0.029269697836801636,0.4669811320754717,5,,,,,,,,,1,1,1,0.7,1.0
83,19,10,0.0202537925463073,0.4419642857142857,5,,,,,,,,,1,1,1,0.7,1.0
83,20,3,0.0021808142692860207,0.339041095890411,3,,,,,,,,,1,1,1,0.7,1.0
83,21,6,0.007542316400121865,0.39919354838709675,5,,,,,,,,,1,1,1,0.7,1.0
83,22,10,0.029376023808859605,0.43043478260869567,5,,,,,,,,,1,1,1,0.7,1.0
83,23,9,0.01864473712174515,0.4267241379310345,5,,,,,,,,,1,1,1,0.7,1.0
83,24,2,0.0,0.32038834951456313,2,,,,,,,,,1,1,1,0.7,1.0
83,25,5,0.0062320001243736595,0.38076923076923075,5,,,,,,,,,1,1,1,0.7,1.0
83,26,3,0.0011672780323125835,0.36,3,,,,,,,,,1,1,1,0.7,1.0
83,27,14,0.04032081334260075,0.4782608695652174,5,,,,,,,,,1,1,1,0.7,1.0
83,28,11,0.025196041378104415,0.4479638009049774,5,,,,,,,,,1,1,1,0.7,1.0
83,29,6,0.007148901888439518,0.391304347826087,5,,,,,,,,,1,1,1,0.7,1.0
83,30,6,0.007893523509131792,0.38671875,5,,,,,,,,,1,1,1,0.7,1.0
83,31,8,0.016685872476458252,0.4008097165991903,5,,,,,,,,,1,1,1,0.7,1.0
83,32,15,0.042175075381476565,0.47368421052631576,5,,,,,,,,,1,1,1,0.7,1.0
83,33,9,0.02012775183331944,0.4230769230769231,5,,,,,,,,,1,1,1,0.7,1.0
83,34,9,0.01841082522871394,0.4248927038626609,5,,,,,,,,,1,1,1,0.7,1.0
83,35,9,0.022128555021271912,0.42127659574468085,5,,,,,,,,,1,1,1,0.7,1.0
83,36,6,0.009052232439077976,0.4008097165991903,5,,,,,,,,,1,1,1,0.7,1.0
83,37,10,0.022884808637103175,0.4439461883408072,5,,,,,,,,,1,1,1,0.7,1.0
83,38,3,0.0011621659124968892,0.33559322033898303,3,,,,,,,,,1,1,1,0.7,1.0
83,39,7,0.009374462711473703,0.4125,5,,,,,,,,,1,1,1,0.7,1.0
83,40,7,0.010041046143858966,0.41422594142259417,5,,,,,,,,,1,1,1,0.7,1.0
83,41,8,0.01644273385424969,0.42127659574468085,5,,,,,,,,,1,1,1,0.7,1.0
83,42,7,0.008107386616062813,0.40408163265306124,5,,,,,,,,,1,1,1,0.7,1.0
83,43,8,0.014842540020111665,0.43805309734513276,5,,,,,,,,,1,1,1,0.7,1.0
83,44,9,0.019506962294465077,0.4194915254237288,5,,,,,,,,,1,1,1,0.7,1.0
83,45,8,0.015499166069116324,0.4090909090909091,5,,,,,,,,,1,1,1,0.7,1.0
83,46,7,0.009132084094994313,0.4107883817427386,5,,,,,,,,,1,1,1,0.7,1.0
83,47,8,0.01588333884215923,0.4008097165991903,5,,,,,,,,,1,1,1,0.7,1.0
83,48,8,0.013057353661506293,0.4194915254237288,5,,,,,,,,,1,1,1,0.7,1.0
83,49,10,0.022998126649215727,0.4342105263157895,5,,,,,,,,,1,1,1,0.7,1.0
83,50,10,0.0308143346441008,0.43805309734513276,5,,,,,,,,,1,1,1,0.7,1.0
83,51,14,0.03914697687093884,0.4714285714285714,5,,,,,,,,,1,1,1,0.7,1.0
83,52,5,0.008107289253582214,0.376425855513308,5,,,,,,,,,1,1,1,0.7,1.0
83,53,8,0.011537483487035103,0.4177215189873418,5,,,,,,,,,1,1,1,0.7,1.0
83,54,4,0.003793024144388423,0.3626373626373626,3,,,,,,,,,1,1,1,0.7,1.0
83,55,10,0.023237659776797134,0.4541284403669725,5,,,,,,,,,1,1,1,0.7,1.0
83,56,5,0.005797905192208366,0.37358490566037733,5,,,,,,,,,1,1,1,0.7,1.0
83,57,8,0.016349603863737225,0.4090909090909091,5,,,,,,,,,1,1,1,0.7,1.0
83,58,9,0.019899514796318962,0.4194915254237288,5,,,,,,,,,1,1,1,0.7,1.0
83,59,10,0.022085707361162835,0.4342105263157895,5,,,,,,,,,1,1,1,0.7,1.0
83,60,11,0.019807911567924382,0.43612334801762115,5,,,,,,,,,1,1,1,0.7,1.0
83,61,8,0.010424008924552612,0.4057377049180328,5,,,,,,,,,1,1,1,0.7,1.0
83,62,12,0.025946448104021823,0.45622119815668205,5,,,,,,,,,1,1,1,0.7,1.0
83,63,2,0.0005614126362425681,0.3344594594594595,2,,,,,,,,,1,1,1,0.7,1.0
83,64,9,0.01872332415682547,0.4267241379310345,5,,,,,,,,,1,1,1,0.7,1.0
83,65,12,0.031032488648889307,0.4520547945205479,5,,,,,,,,,1,1,1,0.7,1.0
83,66,6,0.0057761754226101384,0.38372093023255816,5,,,,,,,,,1,1,1,0.7,1.0
83,67,7,0.013160777951982968,0.42127659574468085,5,,,,,,,,,1,1,1,0.7,1.0
83,68,9,0.017227215239394276,0.4248927038626609,5,,,,,,,,,1,1,1,0.7,1.0
83,69,10,0.025227933667602773,0.4177215189873418,5,,,,,,,,,1,1,1,0.7,1.0
83,70,8,0.01387620475838911,0.4267241379310345,5,,,,,,,,,1,1,1,0.7,1.0
83,71,9,0.016185486162689472,0.41596638655462187,5,,,,,,,,,1,1,1,0.7,1.0
83,72,9,0.015273779864619004,0.43043478260869567,5,,,,,,,,,1,1,1,0.7,1.0
83,73,5,0.004078652941379849,0.375,5,,,,,,,,,1,1,1,0.7,1.0
83,74,9,0.018681489814624395,0.4125,5,,,,,,,,,1,1,1,0.7,1.0
83,75,9,0.0171208681049252,0.43231441048034935,5,,,,,,,,,1,1,1,0.7,1.0
83,76,9,0.014075601128570363,0.42127659574468085,5,,,,,,,,,1,1,1,0.7,1.0
83,77,10,0.01743825099569623,0.44,5,,,,,,,,,1,1,1,0.7,1.0
83,78,5,0.0038024049630668573,0.38976377952755903,5,,,,,,,,,1,1,1,0.7,1.0
83,79,6,0.003933385627379168,0.396,5,,,,,,,,,1,1,1,0.7,1.0
83,80,6,0.009540177285457217,0.38976377952755903,5,,,,,,,,,1,1,1,0.7,1.0
83,81,4,0.003878362412685233,0.3535714285714286,3,,,,,,,,,1,1,1,0.7,1.0
83,82,6,0.006102204291129582,0.3793103448275862,5,,,,,,,,,1,1,1,0.7,1.0
83,83,9,0.020811545403340872,0.4230769230769231,5,,,,,,,,,1,1,1,0.7,1.0
83,84,7,0.012843574800630352,0.38823529411764707,5,,,,,,,,,1,1,1,0.7,1.0
83,85,11,0.02311943072088779,0.43612334801762115,5,,,,,,,,,1,1,1,0.7,1.0
83,86,9,0.02249266760837428,0.4230769230769231,5,,,,,,,,,1,1,1,0.7,1.0
83,87,9,0.01288331850351868,0.4248927038626609,5,,,,,,,,,1,1,1,0.7,1.0
83,88,7,0.009293753449501873,0.4090909090909091,5,,,,,,,,,1,1,1,0.7,1.0
83,89,7,0.007638586484533018,0.4074074074074074,5,,,,,,,,,1,1,1,0.7,1.0
83,90,10,0.023171127747701463,0.43231441048034935,5,,,,,,,,,1,1,1,0.7,1.0
83,91,10,0.02595944987752483,0.4439461883408072,5,,,,,,,,,1,1,1,0.7,1.0
83,92,7,0.008537605041661208,0.4008097165991903,5,,,,,,,,,1,1,1,0.7,1.0
83,93,10,0.02616016778149733,0.4479638009049774,5,,,,,,,,,1,1,1,0.7,1.0
83,94,4,0.002824004922169769,0.36,4,,,,,,,,,1,1,1,0.7,1.0
83,95,6,0.0073059396014398675,0.4057377049180328,5,,,,,,,,,1,1,1,0.7,1.0
83,96,6,0.008292640749202327,0.391304347826087,5,,,,,,,,,1,1,1,0.7,1.0
83,97,7,0.012769970808459086,0.4090909090909091,5,,,,,,,,,1,1,1,0.7,1.0
83,98,9,0.016231205942319603,0.4267241379310345,5,,,,,,,,,1,1,1,0.7,1.0
83,99,10,0.02365500758389639,0.4177215189873418,5,,,,,,,,,1,1,1,0.7,1.0
84,0,12,0.027870177639501746,0.4439461883408072,5,,,,,,,,,1,1,1,0.7,1.0
84,1,6,0.008284928002406858,0.39759036144578314,5,,,,,,,,,1,1,1,0.7,1.0
84,2,6,0.007862988956379923,0.3944223107569721,5,,,,,,,,,1,1,1,0.7,1.0
84,3,7,0.009060616819988506,0.4125,5,,,,,,,,,1,1,1,0.7,1.0
84,4,7,0.011546566243780348,0.38372093023255816,5,,,,,,,,,1,1,1,0.7,1.0
84,5,6,0.007353821423085494,0.38823529411764707,5,,,,,,,,,1,1,1,0.7,1.0
84,6,8,0.016582929083409786,0.4024390243902439,5,,,,,,,,,1,1,1,0.7,1.0
84,7,7,0.01482499303979092,0.4090909090909091,5,,,,,,,,,1,1,1,0.7,1.0
84,8,5,0.004648371147546576,0.38671875,5,,,,,,,,,1,1,1,0.7,1.0
84,9,8,0.01083664390532592,0.4125,5,,,,,,,,,1,1,1,0.7,1.0
84,10,4,0.0030267081689468824,0.375,4,,,,,,,,,1,1,1,0.7,1.0
84,11,3,0.001798234955708471,0.3378839590443686,3,,,,,,,,,1,1,1,0.7,1.0
84,12,12,0.03246531234079403,0.4714285714285714,5,,,,,,,,,1,1,1,0.7,1.0
84,13,7,0.009413152607664656,0.3944223107569721,5,,,,,,,,,1,1,1,0.7,1.0
84,14,10,0.02034681887297241,0.43612334801762115,5,,,,,,,,,1,1,1,0.7,1.0
84,15,9,0.022967970997341273,0.4125,5,,,,,,,,,1,1,1,0.7,1.0
84,16,3,0.0008141163676104925,0.3473684210526316,3,,,,,,,,,1,1,1,0.7,1.0
84,17,9,0.013710214410568368,0.4125,5,,,,,,,,,1,1,1,0.7,1.0
84,18,12,0.029269697836801636,0.4669811320754717,5,,,,,,,,,1,1,1,0.7,1.0
84,19,10,0.0202537925463073,0.4419642857142857,5,,,,,,,,,1,1,1,0.7,1.0
84,20,3,0.0021808142692860207,0.339041095890411,3,,,,,,,,,1,1,1,0.7,1.0
84,21,6,0.007542316400121865,0.39919354838709675,5,,,,,,,,,1,1,1,0.7,1.0
84,22,10,0.029376023808859605,0.43043478260869567,5,,,,,,,,,1,1,1,0.7,1.0
84,23,9,0.01864473712174515,0.4267241379310345,5,,,,,,,,,1,1,1,0.7,1.0
84,24,2,0.0,0.32038834951456313,2,,,,,,,,,1,1,1,0.7,1.0
84,25,5,0.0062320001243736595,0.38076923076923075,5,,,,,,,,,1,1,1,0.7,1.0
84,26,3,0.0011672780323125835,0.36,3,,,,,,,,,1,1,1,0.7,1.0
84,27,14,0.04032081334260075,0.4782608695652174,5,,,,,,,,,1,1,1,0.7,1.0
84,28,11,0.025196041378104415,0.4479638009049774,5,,,,,,,,,1,1,1,0.7,1.0
84,29,6,0.007148901888439518,0.391304347826087,5,,,,,,,,,1,1,1,0.7,1.0
84,30,6,0.007893523509131792,0.38671875,5,,,,,,,,,1,1,1,0.7,1.0
84,31,8,0.016685872476458252,0.4008097165991903,5,,,,,,,,,1,1,1,0.7,1.0
84,32,15,0.042175075381476565,0.47368421052631576,5,,,,,,,,,1,1,1,0.7,1.0
84,33,9,0.02012775183331944,0.4230769230769231,5,,,,,,,,,1,1,1,0.7,1.0
84,34,9,0.01841082522871394,0.4248927038626609,5,,,,,,,,,1,1,1,0.7,1.0
84,35,9,0.022128555021271912,0.42127659574468085,5,,,,,,,,,1,1,1,0.7,1.0
84,36,6,0.009052232439077976,0.4008097165991903,5,,,,,,,,,1,1,1,0.7,1.0
84,37,10,0.022884808637103175,0.4439461883408072,5,,,,,,,,,1,1,1,0.7,1.0
84,38,3,0.0011621659124968892,0.33559322033898303,3,,,,,,,,,1,1,1,0.7,1.0
84,39,7,0.009374462711473703,0.4125,5,,,,,,,,,1,1,1,0.7,1.0
84,40,7,0.010041046143858966,0.41422594142259417,5,,,,,,,,,1,1,1,0.7,1.0
84,41,8,0.01644273385424969,0.42127659574468085,5,,,,,,,,,1,1,1,0.7,1.0
84,42,7,0.008107386616062813,0.40408163265306124,5,,,,,,,,,1,1,1,0.7,1.0
84,43,8,0.014842540020111665,0.43805309734513276,5,,,,,,,,,1,1,1,0.7,1.0
84,44,9,0.019506962294465077,0.4194915254237288,5,,,,,,,,,1,1,1,0.7,1.0
84,45,8,0.015499166069116324,0.4090909090909091,5,,,,,,,,,1,1,1,0.7,1.0
84,46,7,0.009132084094994313,0.4107883817427386,5,,,,,,,,,1,1,1,0.7,1.0
84,47,8,0.01588333884215923,0.4008097165991903,5,,,,,,,,,1,1,1,0.7,1.0
84,48,8,0.013057353661506293,0.4194915254237288,5,,,,,,,,,1,1,1,0.7,1.0
84,49,10,0.022998126649215727,0.4342105263157895,5,,,,,,,,,1,1,1,0.7,1.0
84,50,10,0.0308143346441008,0.43805309734513276,5,,,,,,,,,1,1,1,0.7,1.0
84,51,14,0.03914697687093884,0.4714285714285714,5,,,,,,,,,1,1,1,0.7,1.0
84,52,5,0.008107289253582214,0.376425855513308,5,,,,,,,,,1,1,1,0.7,1.0
84,53,8,0.011537483487035103,0.4177215189873418,5,,,,,,,,,1,1,1,0.7,1.0
84,54,4,0.003793024144388423,0.3626373626373626,3,,,,,,,,,1,1,1,0.7,1.0
84,55,10,0.023237659776797134,0.4541284403669725,5,,,,,,,,,1,1,1,0.7,1.0
84,56,5,0.005797905192208366,0.37358490566037733,5,,,,,,,,,1,1,1,0.7,1.0
84,57,8,0.016349603863737225,0.4090909090909091,5,,,,,,,,,1,1,1,0.7,1.0
84,58,9,0.019899514796318962,0.4194915254237288,5,,,,,,,,,1,1,1,0.7,1.0
84,59,10,0.022085707361162835,0.4342105263157895,5,,,,,,,,,1,1,1,0.7,1.0
84,60,11,0.019807911567924382,0.43612334801762115,5,,,,,,,,,1,1,1,0.7,1.0
84,61,8,0.010424008924552612,0.4057377049180328,5,,,,,,,,,1,1,1,0.7,1.0
84,62,12,0.025946448104021823,0.45622119815668205,5,,,,,,,,,1,1,1,0.7,1.0
84,63,2,0.0005614126362425681,0.3344594594594595,2,,,,,,,,,1,1,1,0.7,1.0
84,64,9,0.01872332415682547,0.4267241379310345,5,,,,,,,,,1,1,1,0.7,1.0
84,65,12,0.031032488648889307,0.4520547945205479,5,,,,,,,,,1,1,1,0.7,1.0
84,66,6,0.0057761754226101384,0.38372093023255816,5,,,,,,,,,1,1,1,0.7,1.0
84,67,7,0.013160777951982968,0.42127659574468085,5,,,,,,,,,1,1,1,0.7,1.0
84,68,9,0.017227215239394276,0.4248927038626609,5,,,,,,,,,1,1,1,0.7,1.0
84,69,10,0.025227933667602773,0.4177215189873418,5,,,,,,,,,1,1,1,0.7,1.0
84,70,8,0.01387620475838911,0.4267241379310345,5,,,,,,,,,1,1,1,0.7,1.0
84,71,9,0.016185486162689472,0.41596638655462187,5,,,,,,,,,1,1,1,0.7,1.0
84,72,9,0.015273779864619004,0.43043478260869567,5,,,,,,,,,1,1,1,0.7,1.0
84,73,5,0.004078652941379849,0.375,5,,,,,,,,,1,1,1,0.7,1.0
84,74,9,0.018681489814624395,0.4125,5,,,,,,,,,1,1,1,0.7,1.0
84,75,9,0.0171208681049252,0.43231441048034935,5,,,,,,,,,1,1,1,0.7,1.0
84,76,9,0.014075601128570363,0.42127659574468085,5,,,,,,,,,1,1,1,0.7,1.0
84,77,10,0.01743825099569623,0.44,5,,,,,,,,,1,1,1,0.7,1.0
84,78,5,0.0038024049630668573,0.38976377952755903,5,,,,,,,,,1,1,1,0.7,1.0
84,79,6,0.003933385627379168,0.396,5,,,,,,,,,1,1,1,0.7,1.0
84,80,6,0.009540177285457217,0.38976377952755903,5,,,,,,,,,1,1,1,0.7,1.0
84,81,4,0.003878362412685233,0.3535714285714286,3,,,,,,,,,1,1,1,0.7,1.0
84,82,6,0.006102204291129582,0.3793103448275862,5,,,,,,,,,1,1,1,0.7,1.0
84,83,9,0.020811545403340872,0.4230769230769231,5,,,,,,,,,1,1,1,0.7,1.0
84,84,7,0.012843574800630352,0.38823529411764707,5,,,,,,,,,1,1,1,0.7,1.0
84,85,11,0.02311943072088779,0.43612334801762115,5,,,,,,,,,1,1,1,0.7,1.0
84,86,9,0.02249266760837428,0.4230769230769231,5,,,,,,,,,1,1,1,0.7,1.0
84,87,9,0.01288331850351868,0.4248927038626609,5,,,,,,,,,1,1,1,0.7,1.0
84,88,7,0.009293753449501873,0.4090909090909091,5,,,,,,,,,1,1,1,0.7,1.0
84,89,7,0.007638586484533018,0.4074074074074074,5,,,,,,,,,1,1,1,0.7,1.0
84,90,10,0.023171127747701463,0.43231441048034935,5,,,,,,,,,1,1,1,0.7,1.0
84,91,10,0.02595944987752483,0.4439461883408072,5,,,,,,,,,1,1,1,0.7,1.0
84,92,7,0.008537605041661208,0.4008097165991903,5,,,,,,,,,1,1,1,0.7,1.0
84,93,10,0.02616016778149733,0.4479638009049774,5,,,,,,,,,1,1,1,0.7,1.0
84,94,4,0.002824004922169769,0.36,4,,,,,,,,,1,1,1,0.7,1.0
84,95,6,0.0073059396014398675,0.4057377049180328,5,,,,,,,,,1,1,1,0.7,1.0
84,96,6,0.008292640749202327,0.391304347826087,5,,,,,,,,,1,1,1,0.7,1.0
84,97,7,0.012769970808459086,0.4090909090909091,5,,,,,,,,,1,1,1,0.7,1.0
84,98,9,0.016231205942319603,0.4267241379310345,5,,,,,,,,,1,1,1,0.7,1.0
84,99,10,0.02365500758389639,0.4177215189873418,5,,,,,,,,,1,1,1,0.7,1.0
85,0,12,0.027870177639501746,0.4439461883408072,5,,,,,,,,,1,1,1,0.7,1.0
85,1,6,0.008284928002406858,0.39759036144578314,5,,,,,,,,,1,1,1,0.7,1.0
85,2,6,0.007862988956379923,0.3944223107569721,5,,,,,,,,,1,1,1,0.7,1.0
85,3,7,0.009060616819988506,0.4125,5,,,,,,,,,1,1,1,0.7,1.0
85,4,7,0.011546566243780348,0.38372093023255816,5,,,,,,,,,1,1,1,0.7,1.0
85,5,6,0.007353821423085494,0.38823529411764707,5,,,,,,,,,1,1,1,0.7,1.0
85,6,8,0.016582929083409786,0.4024390243902439,5,,,,,,,,,1,1,1,0.7,1.0
85,7,7,0.01482499303979092,0.4090909090909091,5,,,,,,,,,1,1,1,0.7,1.0
85,8,5,0.004648371147546576,0.38671875,5,,,,,,,,,1,1,1,0.7,1.0
85,9,8,0.01083664390532592,0.4125,5,,,,,,,,,1,1,1,0.7,1.0
85,10,4,0.0030267081689468824,0.375,4,,,,,,,,,1,1,1,0.7,1.0
85,11,3,0.001798234955708471,0.3378839590443686,3,,,,,,,,,1,1,1,0.7,1.0
85,12,12,0.03246531234079403,0.4714285714285714,5,,,,,,,,,1,1,1,0.7,1.0
85,13,7,0.009413152607664656,0.3944223107569721,5,,,,,,,,,1,1,1,0.7,1.0
85,14,10,0.02034681887297241,0.43612334801762115,5,,,,,,,,,1,1,1,0.7,1.0
85,15,9,0.022967970997341273,0.4125,5,,,,,,,,,1,1,1,0.7,1.0
85,16,3,0.0008141163676104925,0.3473684210526316,3,,,,,,,,,1,1,1,0.7,1.0
85,17,9,0.013710214410568368,0.4125,5,,,,,,,,,1,1,1,0.7,1.0
85,18,12,0.029269697836801636,0.4669811320754717,5,,,,,,,,,1,1,1,0.7,1.0
85,19,10,0.0202537925463073,0.4419642857142857,5,,,,,,,,,1,1,1,0.7,1.0
85,20,3,0.0021808142692860207,0.339041095890411,3,,,,,,,,,1,1,1,0.7,1.0
85,21,6,0.007542316400121865,0.39919354838709675,5,,,,,,,,,1,1,1,0.7,1.0
85,22,10,0.029376023808859605,0.43043478260869567,5,,,,,,,,,1,1,1,0.7,1.0
85,23,9,0.01864473712174515,0.4267241379310345,5,,,,,,,,,1,1,1,0.7,1.0
85,24,2,0.0,0.32038834951456313,2,,,,,,,,,1,1,1,0.7,1.0
85,25,5,0.0062320001243736595,0.38076923076923075,5,,,,,,,,,1,1,1,0.7,1.0
85,26,3,0.0011672780323125835,0.36,3,,,,,,,,,1,1,1,0.7,1.0
85,27,14,0.04032081334260075,0.4782608695652174,5,,,,,,,,,1,1,1,0.7,1.0
85,28,11,0.025196041378104415,0.4479638009049774,5,,,,,,,,,1,1,1,0.7,1.0
85,29,6,0.007148901888439518,0.391304347826087,5,,,,,,,,,1,1,1,0.7,1.0
85,30,6,0.007893523509131792,0.38671875,5,,,,,,,,,1,1,1,0.7,1.0
85,31,8,0.016685872476458252,0.4008097165991903,5,,,,,,,,,1,1,1,0.7,1.0
85,32,15,0.042175075381476565,0.47368421052631576,5,,,,,,,,,1,1,1,0.7,1.0
85,33,9,0.02012775183331944,0.4230769230769231,5,,,,,,,,,1,1,1,0.7,1.0
85,34,9,0.01841082522871394,0.4248927038626609,5,,,,,,,,,1,1,1,0.7,1.0
85,35,9,0.022128555021271912,0.42127659574468085,5,,,,,,,,,1,1,1,0.7,1.0
85,36,6,0.009052232439077976,0.4008097165991903,5,,,,,,,,,1,1,1,0.7,1.0
85,37,10,0.022884808637103175,0.4439461883408072,5,,,,,,,,,1,1,1,0.7,1.0
85,38,3,0.0011621659124968892,0.33559322033898303,3,,,,,,,,,1,1,1,0.7,1.0
85,39,7,0.009374462711473703,0.4125,5,,,,,,,,,1,1,1,0.7,1.0
85,40,7,0.010041046143858966,0.41422594142259417,5,,,,,,,,,1,1,1,0.7,1.0
85,41,8,0.01644273385424969,0.42127659574468085,5,,,,,,,,,1,1,1,0.7,1.0
85,42,7,0.008107386616062813,0.40408163265306124,5,,,,,,,,,1,1,1,0.7,1.0
85,43,8,0.014842540020111665,0.43805309734513276,5,,,,,,,,,1,1,1,0.7,1.0
85,44,9,0.019506962294465077,0.4194915254237288,5,,,,,,,,,1,1,1,0.7,1.0
85,45,8,0.015499166069116324,0.4090909090909091,5,,,,,,,,,1,1,1,0.7,1.0
85,46,7,0.009132084094994313,0.4107883817427386,5,,,,,,,,,1,1,1,0.7,1.0
85,47,8,0.01588333884215923,0.4008097165991903,5,,,,,,,,,1,1,1,0.7,1.0
85,48,8,0.013057353661506293,0.4194915254237288,5,,,,,,,,,1,1,1,0.7,1.0
85,49,10,0.022998126649215727,0.4342105263157895,5,,,,,,,,,1,1,1,0.7,1.0
85,50,10,0.0308143346441008,0.43805309734513276,5,,,,,,,,,1,1,1,0.7,1.0
85,51,14,0.03914697687093884,0.4714285714285714,5,,,,,,,,,1,1,1,0.7,1.0
85,52,5,0.008107289253582214,0.376425855513308,5,,,,,,,,,1,1,1,0.7,1.0
85,53,8,0.011537483487035103,0.4177215189873418,5,,,,,,,,,1,1,1,0.7,1.0
85,54,4,0.003793024144388423,0.3626373626373626,3,,,,,,,,,1,1,1,0.7,1.0
85,55,10,0.023237659776797134,0.4541284403669725,5,,,,,,,,,1,1,1,0.7,1.0
85,56,5,0.005797905192208366,0.37358490566037733,5,,,,,,,,,1,1,1,0.7,1.0
85,57,8,0.016349603863737225,0.4090909090909091,5,,,,,,,,,1,1,1,0.7,1.0
85,58,9,0.019899514796318962,0.4194915254237288,5,,,,,,,,,1,1,1,0.7,1.0
85,59,10,0.022085707361162835,0.4342105263157895,5,,,,,,,,,1,1,1,0.7,1.0
85,60,11,0.019807911567924382,0.43612334801762115,5,,,,,,,,,1,1,1,0.7,1.0
85,61,8,0.010424008924552612,0.4057377049180328,5,,,,,,,,,1,1,1,0.7,1.0
85,62,12,0.025946448104021823,0.45622119815668205,5,,,,,,,,,1,1,1,0.7,1.0
85,63,2,0.0005614126362425681,0.3344594594594595,2,,,,,,,,,1,1,1,0.7,1.0
85,64,9,0.01872332415682547,0.4267241379310345,5,,,,,,,,,1,1,1,0.7,1.0
85,65,12,0.031032488648889307,0.4520547945205479,5,,,,,,,,,1,1,1,0.7,1.0
85,66,6,0.0057761754226101384,0.38372093023255816,5,,,,,,,,,1,1,1,0.7,1.0
85,67,7,0.013160777951982968,0.42127659574468085,5,,,,,,,,,1,1,1,0.7,1.0
85,68,9,0.017227215239394276,0.4248927038626609,5,,,,,,,,,1,1,1,0.7,1.0
85,69,10,0.025227933667602773,0.4177215189873418,5,,,,,,,,,1,1,1,0.7,1.0
85,70,8,0.01387620475838911,0.4267241379310345,5,,,,,,,,,1,1,1,0.7,1.0
85,71,9,0.016185486162689472,0.41596638655462187,5,,,,,,,,,1,1,1,0.7,1.0
85,72,9,0.015273779864619004,0.43043478260869567,5,,,,,,,,,1,1,1,0.7,1.0
85,73,5,0.004078652941379849,0.375,5,,,,,,,,,1,1,1,0.7,1.0
85,74,9,0.018681489814624395,0.4125,5,,,,,,,,,1,1,1,0.7,1.0
85,75,9,0.0171208681049252,0.43231441048034935,5,,,,,,,,,1,1,1,0.7,1.0
85,76,9,0.014075601128570363,0.42127659574468085,5,,,,,,,,,1,1,1,0.7,1.0
85,77,10,0.01743825099569623,0.44,5,,,,,,,,,1,1,1,0.7,1.0
85,78,5,0.0038024049630668573,0.38976377952755903,5,,,,,,,,,1,1,1,0.7,1.0
85,79,6,0.003933385627379168,0.396,5,,,,,,,,,1,1,1,0.7,1.0
85,80,6,0.009540177285457217,0.38976377952755903,5,,,,,,,,,1,1,1,0.7,1.0
85,81,4,0.003878362412685233,0.3535714285714286,3,,,,,,,,,1,1,1,0.7,1.0
85,82,6,0.006102204291129582,0.3793103448275862,5,,,,,,,,,1,1,1,0.7,1.0
85,83,9,0.020811545403340872,0.4230769230769231,5,,,,,,,,,1,1,1,0.7,1.0
85,84,7,0.012843574800630352,0.38823529411764707,5,,,,,,,,,1,1,1,0.7,1.0
85,85,11,0.02311943072088779,0.43612334801762115,5,,,,,,,,,1,1,1,0.7,1.0
85,86,9,0.02249266760837428,0.4230769230769231,5,,,,,,,,,1,1,1,0.7,1.0
85,87,9,0.01288331850351868,0.4248927038626609,5,,,,,,,,,1,1,1,0.7,1.0
85,88,7,0.009293753449501873,0.4090909090909091,5,,,,,,,,,1,1,1,0.7,1.0
85,89,7,0.007638586484533018,0.4074074074074074,5,,,,,,,,,1,1,1,0.7,1.0
85,90,10,0.023171127747701463,0.43231441048034935,5,,,,,,,,,1,1,1,0.7,1.0
85,91,10,0.02595944987752483,0.4439461883408072,5,,,,,,,,,1,1,1,0.7,1.0
85,92,7,0.008537605041661208,0.4008097165991903,5,,,,,,,,,1,1,1,0.7,1.0
85,93,10,0.02616016778149733,0.4479638009049774,5,,,,,,,,,1,1,1,0.7,1.0
85,94,4,0.002824004922169769,0.36,4,,,,,,,,,1,1,1,0.7,1.0
85,95,6,0.0073059396014398675,0.4057377049180328,5,,,,,,,,,1,1,1,0.7,1.0
85,96,6,0.008292640749202327,0.391304347826087,5,,,,,,,,,1,1,1,0.7,1.0
85,97,7,0.012769970808459086,0.4090909090909091,5,,,,,,,,,1,1,1,0.7,1.0
85,98,9,0.016231205942319603,0.4267241379310345,5,,,,,,,,,1,1,1,0.7,1.0
85,99,10,0.02365500758389639,0.4177215189873418,5,,,,,,,,,1,1,1,0.7,1.0
86,0,12,0.027870177639501746,0.4439461883408072,5,,,,,,,,,1,1,1,0.7,1.0
86,1,6,0.008284928002406858,0.39759036144578314,5,,,,,,,,,1,1,1,0.7,1.0
86,2,6,0.007862988956379923,0.3944223107569721,5,,,,,,,,,1,1,1,0.7,1.0
86,3,7,0.009060616819988506,0.4125,5,,,,,,,,,1,1,1,0.7,1.0
86,4,7,0.011546566243780348,0.38372093023255816,5,,,,,,,,,1,1,1,0.7,1.0
86,5,6,0.007353821423085494,0.38823529411764707,5,,,,,,,,,1,1,1,0.7,1.0
86,6,8,0.016582929083409786,0.4024390243902439,5,,,,,,,,,1,1,1,0.7,1.0
86,7,7,0.01482499303979092,0.4090909090909091,5,,,,,,,,,1,1,1,0.7,1.0
86,8,5,0.004648371147546576,0.38671875,5,,,,,,,,,1,1,1,0.7,1.0
86,9,8,0.01083664390532592,0.4125,5,,,,,,,,,1,1,1,0.7,1.0
86,10,4,0.0030267081689468824,0.375,4,,,,,,,,,1,1,1,0.7,1.0
86,11,3,0.001798234955708471,0.3378839590443686,3,,,,,,,,,1,1,1,0.7,1.0
86,12,12,0.03246531234079403,0.4714285714285714,5,,,,,,,,,1,1,1,0.7,1.0
86,13,7,0.009413152607664656,0.3944223107569721,5,,,,,,,,,1,1,1,0.7,1.0
86,14,10,0.02034681887297241,0.43612334801762115,5,,,,,,,,,1,1,1,0.7,1.0
86,15,9,0.022967970997341273,0.4125,5,,,,,,,,,1,1,1,0.7,1.0
86,16,3,0.0008141163676104925,0.3473684210526316,3,,,,,,,,,1,1,1,0.7,1.0
86,17,9,0.013710214410568368,0.4125,5,,,,,,,,,1,1,1,0.7,1.0
86,18,12,0.029269697836801636,0.4669811320754717,5,,,,,,,,,1,1,1,0.7,1.0
86,19,10,0.0202537925463073,0.4419642857142857,5,,,,,,,,,1,1,1,0.7,1.0
86,20,3,0.0021808142692860207,0.339041095890411,3,,,,,,,,,1,1,1,0.7,1.0
86,21,6,0.007542316400121865,0.39919354838709675,5,,,,,,,,,1,1,1,0.7,1.0
86,22,10,0.029376023808859605,0.43043478260869567,5,,,,,,,,,1,1,1,0.7,1.0
86,23,9,0.01864473712174515,0.4267241379310345,5,,,,,,,,,1,1,1,0.7,1.0
86,24,2,0.0,0.32038834951456313,2,,,,,,,,,1,1,1,0.7,1.0
86,25,5,0.0062320001243736595,0.38076923076923075,5,,,,,,,,,1,1,1,0.7,1.0
86,26,3,0.0011672780323125835,0.36,3,,,,,,,,,1,1,1,0.7,1.0
86,27,14,0.04032081334260075,0.4782608695652174,5,,,,,,,,,1,1,1,0.7,1.0
86,28,11,0.025196041378104415,0.4479638009049774,5,,,,,,,,,1,1,1,0.7,1.0
86,29,6,0.007148901888439518,0.391304347826087,5,,,,,,,,,1,1,1,0.7,1.0
86,30,6,0.007893523509131792,0.38671875,5,,,,,,,,,1,1,1,0.7,1.0
86,31,8,0.016685872476458252,0.4008097165991903,5,,,,,,,,,1,1,1,0.7,1.0
86,32,15,0.042175075381476565,0.47368421052631576,5,,,,,,,,,1,1,1,0.7,1.0
86,33,9,0.02012775183331944,0.4230769230769231,5,,,,,,,,,1,1,1,0.7,1.0
86,34,9,0.01841082522871394,0.4248927038626609,5,,,,,,,,,1,1,1,0.7,1.0
86,35,9,0.022128555021271912,0.42127659574468085,5,,,,,,,,,1,1,1,0.7,1.0
86,36,6,0.009052232439077976,0.4008097165991903,5,,,,,,,,,1,1,1,0.7,1.0
86,37,10,0.022884808637103175,0.4439461883408072,5,,,,,,,,,1,1,1,0.7,1.0
86,38,3,0.0011621659124968892,0.33559322033898303,3,,,,,,,,,1,1,1,0.7,1.0
86,39,7,0.009374462711473703,0.4125,5,,,,,,,,,1,1,1,0.7,1.0
86,40,7,0.010041046143858966,0.41422594142259417,5,,,,,,,,,1,1,1,0.7,1.0
86,41,8,0.01644273385424969,0.42127659574468085,5,,,,,,,,,1,1,1,0.7,1.0
86,42,7,0.008107386616062813,0.40408163265306124,5,,,,,,,,,1,1,1,0.7,1.0
86,43,8,0.014842540020111665,0.43805309734513276,5,,,,,,,,,1,1,1,0.7,1.0
86,44,9,0.019506962294465077,0.4194915254237288,5,,,,,,,,,1,1,1,0.7,1.0
86,45,8,0.015499166069116324,0.4090909090909091,5,,,,,,,,,1,1,1,0.7,1.0
86,46,7,0.009132084094994313,0.4107883817427386,5,,,,,,,,,1,1,1,0.7,1.0
86,47,8,0.01588333884215923,0.4008097165991903,5,,,,,,,,,1,1,1,0.7,1.0
86,48,8,0.013057353661506293,0.4194915254237288,5,,,,,,,,,1,1,1,0.7,1.0
86,49,10,0.022998126649215727,0.4342105263157895,5,,,,,,,,,1,1,1,0.7,1.0
86,50,10,0.0308143346441008,0.43805309734513276,5,,,,,,,,,1,1,1,0.7,1.0
86,51,14,0.03914697687093884,0.4714285714285714,5,,,,,,,,,1,1,1,0.7,1.0
86,52,5,0.008107289253582214,0.376425855513308,5,,,,,,,,,1,1,1,0.7,1.0
86,53,8,0.011537483487035103,0.4177215189873418,5,,,,,,,,,1,1,1,0.7,1.0
86,54,4,0.003793024144388423,0.3626373626373626,3,,,,,,,,,1,1,1,0.7,1.0
86,55,10,0.023237659776797134,0.4541284403669725,5,,,,,,,,,1,1,1,0.7,1.0
86,56,5,0.005797905192208366,0.37358490566037733,5,,,,,,,,,1,1,1,0.7,1.0
86,57,8,0.016349603863737225,0.4090909090909091,5,,,,,,,,,1,1,1,0.7,1.0
86,58,9,0.019899514796318962,0.4194915254237288,5,,,,,,,,,1,1,1,0.7,1.0
86,59,10,0.022085707361162835,0.4342105263157895,5,,,,,,,,,1,1,1,0.7,1.0
86,60,11,0.019807911567924382,0.43612334801762115,5,,,,,,,,,1,1,1,0.7,1.0
86,61,8,0.010424008924552612,0.4057377049180328,5,,,,,,,,,1,1,1,0.7,1.0
86,62,12,0.025946448104021823,0.45622119815668205,5,,,,,,,,,1,1,1,0.7,1.0
86,63,2,0.0005614126362425681,0.3344594594594595,2,,,,,,,,,1,1,1,0.7,1.0
86,64,9,0.01872332415682547,0.4267241379310345,5,,,,,,,,,1,1,1,0.7,1.0
86,65,12,0.031032488648889307,0.4520547945205479,5,,,,,,,,,1,1,1,0.7,1.0
86,66,6,0.0057761754226101384,0.38372093023255816,5,,,,,,,,,1,1,1,0.7,1.0
86,67,7,0.013160777951982968,0.42127659574468085,5,,,,,,,,,1,1,1,0.7,1.0
86,68,9,0.017227215239394276,0.4248927038626609,5,,,,,,,,,1,1,1,0.7,1.0
86,69,10,0.025227933667602773,0.4177215189873418,5,,,,,,,,,1,1,1,0.7,1.0
86,70,8,0.01387620475838911,0.4267241379310345,5,,,,,,,,,1,1,1,0.7,1.0
86,71,9,0.016185486162689472,0.41596638655462187,5,,,,,,,,,1,1,1,0.7,1.0
86,72,9,0.015273779864619004,0.43043478260869567,5,,,,,,,,,1,1,1,0.7,1.0
86,73,5,0.004078652941379849,0.375,5,,,,,,,,,1,1,1,0.7,1.0
86,74,9,0.018681489814624395,0.4125,5,,,,,,,,,1,1,1,0.7,1.0
86,75,9,0.0171208681049252,0.43231441048034935,5,,,,,,,,,1,1,1,0.7,1.0
86,76,9,0.014075601128570363,0.42127659574468085,5,,,,,,,,,1,1,1,0.7,1.0
86,77,10,0.01743825099569623,0.44,5,,,,,,,,,1,1,1,0.7,1.0
86,78,5,0.0038024049630668573,0.38976377952755903,5,,,,,,,,,1,1,1,0.7,1.0
86,79,6,0.003933385627379168,0.396,5,,,,,,,,,1,1,1,0.7,1.0
86,80,6,0.009540177285457217,0.38976377952755903,5,,,,,,,,,1,1,1,0.7,1.0
86,81,4,0.003878362412685233,0.3535714285714286,3,,,,,,,,,1,1,1,0.7,1.0
86,82,6,0.006102204291129582,0.3793103448275862,5,,,,,,,,,1,1,1,0.7,1.0
86,83,9,0.020811545403340872,0.4230769230769231,5,,,,,,,,,1,1,1,0.7,1.0
86,84,7,0.012843574800630352,0.38823529411764707,5,,,,,,,,,1,1,1,0.7,1.0
86,85,11,0.02311943072088779,0.43612334801762115,5,,,,,,,,,1,1,1,0.7,1.0
86,86,9,0.02249266760837428,0.4230769230769231,5,,,,,,,,,1,1,1,0.7,1.0
86,87,9,0.01288331850351868,0.4248927038626609,5,,,,,,,,,1,1,1,0.7,1.0
86,88,7,0.009293753449501873,0.4090909090909091,5,,,,,,,,,1,1,1,0.7,1.0
86,89,7,0.007638586484533018,0.4074074074074074,5,,,,,,,,,1,1,1,0.7,1.0
86,90,10,0.023171127747701463,0.43231441048034935,5,,,,,,,,,1,1,1,0.7,1.0
86,91,10,0.02595944987752483,0.4439461883408072,5,,,,,,,,,1,1,1,0.7,1.0
86,92,7,0.008537605041661208,0.4008097165991903,5,,,,,,,,,1,1,1,0.7,1.0
86,93,10,0.02616016778149733,0.4479638009049774,5,,,,,,,,,1,1,1,0.7,1.0
86,94,4,0.002824004922169769,0.36,4,,,,,,,,,1,1,1,0.7,1.0
86,95,6,0.0073059396014398675,0.4057377049180328,5,,,,,,,,,1,1,1,0.7,1.0
86,96,6,0.008292640749202327,0.391304347826087,5,,,,,,,,,1,1,1,0.7,1.0
86,97,7,0.012769970808459086,0.4090909090909091,5,,,,,,,,,1,1,1,0.7,1.0
86,98,9,0.016231205942319603,0.4267241379310345,5,,,,,,,,,1,1,1,0.7,1.0
86,99,10,0.02365500758389639,0.4177215189873418,5,,,,,,,,,1,1,1,0.7,1.0
87,0,12,0.027870177639501746,0.4439461883408072,5,,,,,,,,,1,1,1,0.7,1.0
87,1,6,0.008284928002406858,0.39759036144578314,5,,,,,,,,,1,1,1,0.7,1.0
87,2,6,0.007862988956379923,0.3944223107569721,5,,,,,,,,,1,1,1,0.7,1.0
87,3,7,0.009060616819988506,0.4125,5,,,,,,,,,1,1,1,0.7,1.0
87,4,7,0.011546566243780348,0.38372093023255816,5,,,,,,,,,1,1,1,0.7,1.0
87,5,6,0.007353821423085494,0.38823529411764707,5,,,,,,,,,1,1,1,0.7,1.0
87,6,8,0.016582929083409786,0.4024390243902439,5,,,,,,,,,1,1,1,0.7,1.0
87,7,7,0.01482499303979092,0.4090909090909091,5,,,,,,,,,1,1,1,0.7,1.0
87,8,5,0.004648371147546576,0.38671875,5,,,,,,,,,1,1,1,0.7,1.0
87,9,8,0.01083664390532592,0.4125,5,,,,,,,,,1,1,1,0.7,1.0
87,10,4,0.0030267081689468824,0.375,4,,,,,,,,,1,1,1,0.7,1.0
87,11,3,0.001798234955708471,0.3378839590443686,3,,,,,,,,,1,1,1,0.7,1.0
87,12,12,0.03246531234079403,0.4714285714285714,5,,,,,,,,,1,1,1,0.7,1.0
87,13,7,0.009413152607664656,0.3944223107569721,5,,,,,,,,,1,1,1,0.7,1.0
87,14,10,0.02034681887297241,0.43612334801762115,5,,,,,,,,,1,1,1,0.7,1.0
87,15,9,0.022967970997341273,0.4125,5,,,,,,,,,1,1,1,0.7,1.0
87,16,3,0.0008141163676104925,0.3473684210526316,3,,,,,,,,,1,1,1,0.7,1.0
87,17,9,0.013710214410568368,0.4125,5,,,,,,,,,1,1,1,0.7,1.0
87,18,12,0.029269697836801636,0.4669811320754717,5,,,,,,,,,1,1,1,0.7,1.0
87,19,10,0.0202537925463073,0.4419642857142857,5,,,,,,,,,1,1,1,0.7,1.0
87,20,3,0.0021808142692860207,0.339041095890411,3,,,,,,,,,1,1,1,0.7,1.0
87,21,6,0.007542316400121865,0.39919354838709675,5,,,,,,,,,1,1,1,0.7,1.0
87,22,10,0.029376023808859605,0.43043478260869567,5,,,,,,,,,1,1,1,0.7,1.0
87,23,9,0.01864473712174515,0.4267241379310345,5,,,,,,,,,1,1,1,0.7,1.0
87,24,2,0.0,0.32038834951456313,2,,,,,,,,,1,1,1,0.7,1.0
87,25,5,0.0062320001243736595,0.38076923076923075,5,,,,,,,,,1,1,1,0.7,1.0
87,26,3,0.0011672780323125835,0.36,3,,,,,,,,,1,1,1,0.7,1.0
87,27,14,0.04032081334260075,0.4782608695652174,5,,,,,,,,,1,1,1,0.7,1.0
87,28,11,0.025196041378104415,0.4479638009049774,5,,,,,,,,,1,1,1,0.7,1.0
87,29,6,0.007148901888439518,0.391304347826087,5,,,,,,,,,1,1,1,0.7,1.0
87,30,6,0.007893523509131792,0.38671875,5,,,,,,,,,1,1,1,0.7,1.0
87,31,8,0.016685872476458252,0.4008097165991903,5,,,,,,,,,1,1,1,0.7,1.0
87,32,15,0.042175075381476565,0.47368421052631576,5,,,,,,,,,1,1,1,0.7,1.0
87,33,9,0.02012775183331944,0.4230769230769231,5,,,,,,,,,1,1,1,0.7,1.0
87,34,9,0.01841082522871394,0.4248927038626609,5,,,,,,,,,1,1,1,0.7,1.0
87,35,9,0.022128555021271912,0.42127659574468085,5,,,,,,,,,1,1,1,0.7,1.0
87,36,6,0.009052232439077976,0.4008097165991903,5,,,,,,,,,1,1,1,0.7,1.0
87,37,10,0.022884808637103175,0.4439461883408072,5,,,,,,,,,1,1,1,0.7,1.0
87,38,3,0.0011621659124968892,0.33559322033898303,3,,,,,,,,,1,1,1,0.7,1.0
87,39,7,0.009374462711473703,0.4125,5,,,,,,,,,1,1,1,0.7,1.0
87,40,7,0.010041046143858966,0.41422594142259417,5,,,,,,,,,1,1,1,0.7,1.0
87,41,8,0.01644273385424969,0.42127659574468085,5,,,,,,,,,1,1,1,0.7,1.0
87,42,7,0.008107386616062813,0.40408163265306124,5,,,,,,,,,1,1,1,0.7,1.0
87,43,8,0.014842540020111665,0.43805309734513276,5,,,,,,,,,1,1,1,0.7,1.0
87,44,9,0.019506962294465077,0.4194915254237288,5,,,,,,,,,1,1,1,0.7,1.0
87,45,8,0.015499166069116324,0.4090909090909091,5,,,,,,,,,1,1,1,0.7,1.0
87,46,7,0.009132084094994313,0.4107883817427386,5,,,,,,,,,1,1,1,0.7,1.0
87,47,8,0.01588333884215923,0.4008097165991903,5,,,,,,,,,1,1,1,0.7,1.0
87,48,8,0.013057353661506293,0.4194915254237288,5,,,,,,,,,1,1,1,0.7,1.0
87,49,10,0.022998126649215727,0.4342105263157895,5,,,,,,,,,1,1,1,0.7,1.0
87,50,10,0.0308143346441008,0.43805309734513276,5,,,,,,,,,1,1,1,0.7,1.0
87,51,14,0.03914697687093884,0.4714285714285714,5,,,,,,,,,1,1,1,0.7,1.0
87,52,5,0.008107289253582214,0.376425855513308,5,,,,,,,,,1,1,1,0.7,1.0
87,53,8,0.011537483487035103,0.4177215189873418,5,,,,,,,,,1,1,1,0.7,1.0
87,54,4,0.003793024144388423,0.3626373626373626,3,,,,,,,,,1,1,1,0.7,1.0
87,55,10,0.023237659776797134,0.4541284403669725,5,,,,,,,,,1,1,1,0.7,1.0
87,56,5,0.005797905192208366,0.37358490566037733,5,,,,,,,,,1,1,1,0.7,1.0
87,57,8,0.016349603863737225,0.4090909090909091,5,,,,,,,,,1,1,1,0.7,1.0
87,58,9,0.019899514796318962,0.4194915254237288,5,,,,,,,,,1,1,1,0.7,1.0
87,59,10,0.022085707361162835,0.4342105263157895,5,,,,,,,,,1,1,1,0.7,1.0
87,60,11,0.019807911567924382,0.43612334801762115,5,,,,,,,,,1,1,1,0.7,1.0
87,61,8,0.010424008924552612,0.4057377049180328,5,,,,,,,,,1,1,1,0.7,1.0
87,62,12,0.025946448104021823,0.45622119815668205,5,,,,,,,,,1,1,1,0.7,1.0
87,63,2,0.0005614126362425681,0.3344594594594595,2,,,,,,,,,1,1,1,0.7,1.0
87,64,9,0.01872332415682547,0.4267241379310345,5,,,,,,,,,1,1,1,0.7,1.0
87,65,12,0.031032488648889307,0.4520547945205479,5,,,,,,,,,1,1,1,0.7,1.0
87,66,6,0.0057761754226101384,0.38372093023255816,5,,,,,,,,,1,1,1,0.7,1.0
87,67,7,0.013160777951982968,0.42127659574468085,5,,,,,,,,,1,1,1,0.7,1.0
87,68,9,0.017227215239394276,0.4248927038626609,5,,,,,,,,,1,1,1,0.7,1.0
87,69,10,0.025227933667602773,0.4177215189873418,5,,,,,,,,,1,1,1,0.7,1.0
87,70,8,0.01387620475838911,0.4267241379310345,5,,,,,,,,,1,1,1,0.7,1.0
87,71,9,0.016185486162689472,0.41596638655462187,5,,,,,,,,,1,1,1,0.7,1.0
87,72,9,0.015273779864619004,0.43043478260869567,5,,,,,,,,,1,1,1,0.7,1.0
87,73,5,0.004078652941379849,0.375,5,,,,,,,,,1,1,1,0.7,1.0
87,74,9,0.018681489814624395,0.4125,5,,,,,,,,,1,1,1,0.7,1.0
87,75,9,0.0171208681049252,0.43231441048034935,5,,,,,,,,,1,1,1,0.7,1.0
87,76,9,0.014075601128570363,0.42127659574468085,5,,,,,,,,,1,1,1,0.7,1.0
87,77,10,0.01743825099569623,0.44,5,,,,,,,,,1,1,1,0.7,1.0
87,78,5,0.0038024049630668573,0.38976377952755903,5,,,,,,,,,1,1,1,0.7,1.0
87,79,6,0.003933385627379168,0.396,5,,,,,,,,,1,1,1,0.7,1.0
87,80,6,0.009540177285457217,0.38976377952755903,5,,,,,,,,,1,1,1,0.7,1.0
87,81,4,0.003878362412685233,0.3535714285714286,3,,,,,,,,,1,1,1,0.7,1.0
87,82,6,0.006102204291129582,0.3793103448275862,5,,,,,,,,,1,1,1,0.7,1.0
87,83,9,0.020811545403340872,0.4230769230769231,5,,,,,,,,,1,1,1,0.7,1.0
87,84,7,0.012843574800630352,0.38823529411764707,5,,,,,,,,,1,1,1,0.7,1.0
87,85,11,0.02311943072088779,0.43612334801762115,5,,,,,,,,,1,1,1,0.7,1.0
87,86,9,0.02249266760837428,0.4230769230769231,5,,,,,,,,,1,1,1,0.7,1.0
87,87,9,0.01288331850351868,0.4248927038626609,5,,,,,,,,,1,1,1,0.7,1.0
87,88,7,0.009293753449501873,0.4090909090909091,5,,,,,,,,,1,1,1,0.7,1.0
87,89,7,0.007638586484533018,0.4074074074074074,5,,,,,,,,,1,1,1,0.7,1.0
87,90,10,0.023171127747701463,0.43231441048034935,5,,,,,,,,,1,1,1,0.7,1.0
87,91,10,0.02595944987752483,0.4439461883408072,5,,,,,,,,,1,1,1,0.7,1.0
87,92,7,0.008537605041661208,0.4008097165991903,5,,,,,,,,,1,1,1,0.7,1.0
87,93,10,0.02616016778149733,0.4479638009049774,5,,,,,,,,,1,1,1,0.7,1.0
87,94,4,0.002824004922169769,0.36,4,,,,,,,,,1,1,1,0.7,1.0
87,95,6,0.0073059396014398675,0.4057377049180328,5,,,,,,,,,1,1,1,0.7,1.0
87,96,6,0.008292640749202327,0.391304347826087,5,,,,,,,,,1,1,1,0.7,1.0
87,97,7,0.012769970808459086,0.4090909090909091,5,,,,,,,,,1,1,1,0.7,1.0
87,98,9,0.016231205942319603,0.4267241379310345,5,,,,,,,,,1,1,1,0.7,1.0
87,99,10,0.02365500758389639,0.4177215189873418,5,,,,,,,,,1,1,1,0.7,1.0
88,0,12,0.027870177639501746,0.4439461883408072,5,,,,,,,,,1,1,1,0.7,1.0
88,1,6,0.008284928002406858,0.39759036144578314,5,,,,,,,,,1,1,1,0.7,1.0
88,2,6,0.007862988956379923,0.3944223107569721,5,,,,,,,,,1,1,1,0.7,1.0
88,3,7,0.009060616819988506,0.4125,5,,,,,,,,,1,1,1,0.7,1.0
88,4,7,0.011546566243780348,0.38372093023255816,5,,,,,,,,,1,1,1,0.7,1.0
88,5,6,0.007353821423085494,0.38823529411764707,5,,,,,,,,,1,1,1,0.7,1.0
88,6,8,0.016582929083409786,0.4024390243902439,5,,,,,,,,,1,1,1,0.7,1.0
88,7,7,0.01482499303979092,0.4090909090909091,5,,,,,,,,,1,1,1,0.7,1.0
88,8,5,0.004648371147546576,0.38671875,5,,,,,,,,,1,1,1,0.7,1.0
88,9,8,0.01083664390532592,0.4125,5,,,,,,,,,1,1,1,0.7,1.0
88,10,4,0.0030267081689468824,0.375,4,,,,,,,,,1,1,1,0.7,1.0
88,11,3,0.001798234955708471,0.3378839590443686,3,,,,,,,,,1,1,1,0.7,1.0
88,12,12,0.03246531234079403,0.4714285714285714,5,,,,,,,,,1,1,1,0.7,1.0
88,13,7,0.009413152607664656,0.3944223107569721,5,,,,,,,,,1,1,1,0.7,1.0
88,14,10,0.02034681887297241,0.43612334801762115,5,,,,,,,,,1,1,1,0.7,1.0
88,15,9,0.022967970997341273,0.4125,5,,,,,,,,,1,1,1,0.7,1.0
88,16,3,0.0008141163676104925,0.3473684210526316,3,,,,,,,,,1,1,1,0.7,1.0
88,17,9,0.013710214410568368,0.4125,5,,,,,,,,,1,1,1,0.7,1.0
88,18,12,0.029269697836801636,0.4669811320754717,5,,,,,,,,,1,1,1,0.7,1.0
88,19,10,0.0202537925463073,0.4419642857142857,5,,,,,,,,,1,1,1,0.7,1.0
88,20,3,0.0021808142692860207,0.339041095890411,3,,,,,,,,,1,1,1,0.7,1.0
88,21,6,0.007542316400121865,0.39919354838709675,5,,,,,,,,,1,1,1,0.7,1.0
88,22,10,0.029376023808859605,0.43043478260869567,5,,,,,,,,,1,1,1,0.7,1.0
88,23,9,0.01864473712174515,0.4267241379310345,5,,,,,,,,,1,1,1,0.7,1.0
88,24,2,0.0,0.32038834951456313,2,,,,,,,,,1,1,1,0.7,1.0
88,25,5,0.0062320001243736595,0.38076923076923075,5,,,,,,,,,1,1,1,0.7,1.0
88,26,3,0.0011672780323125835,0.36,3,,,,,,,,,1,1,1,0.7,1.0
88,27,14,0.04032081334260075,0.4782608695652174,5,,,,,,,,,1,1,1,0.7,1.0
88,28,11,0.025196041378104415,0.4479638009049774,5,,,,,,,,,1,1,1,0.7,1.0
88,29,6,0.007148901888439518,0.391304347826087,5,,,,,,,,,1,1,1,0.7,1.0
88,30,6,0.007893523509131792,0.38671875,5,,,,,,,,,1,1,1,0.7,1.0
88,31,8,0.016685872476458252,0.4008097165991903,5,,,,,,,,,1,1,1,0.7,1.0
88,32,15,0.042175075381476565,0.47368421052631576,5,,,,,,,,,1,1,1,0.7,1.0
88,33,9,0.02012775183331944,0.4230769230769231,5,,,,,,,,,1,1,1,0.7,1.0
88,34,9,0.01841082522871394,0.4248927038626609,5,,,,,,,,,1,1,1,0.7,1.0
88,35,9,0.022128555021271912,0.42127659574468085,5,,,,,,,,,1,1,1,0.7,1.0
88,36,6,0.009052232439077976,0.4008097165991903,5,,,,,,,,,1,1,1,0.7,1.0
88,37,10,0.022884808637103175,0.4439461883408072,5,,,,,,,,,1,1,1,0.7,1.0
88,38,3,0.0011621659124968892,0.33559322033898303,3,,,,,,,,,1,1,1,0.7,1.0
88,39,7,0.009374462711473703,0.4125,5,,,,,,,,,1,1,1,0.7,1.0
88,40,7,0.010041046143858966,0.41422594142259417,5,,,,,,,,,1,1,1,0.7,1.0
88,41,8,0.01644273385424969,0.42127659574468085,5,,,,,,,,,1,1,1,0.7,1.0
88,42,7,0.008107386616062813,0.40408163265306124,5,,,,,,,,,1,1,1,0.7,1.0
88,43,8,0.014842540020111665,0.43805309734513276,5,,,,,,,,,1,1,1,0.7,1.0
88,44,9,0.019506962294465077,0.4194915254237288,5,,,,,,,,,1,1,1,0.7,1.0
88,45,8,0.015499166069116324,0.4090909090909091,5,,,,,,,,,1,1,1,0.7,1.0
88,46,7,0.009132084094994313,0.4107883817427386,5,,,,,,,,,1,1,1,0.7,1.0
88,47,8,0.01588333884215923,0.4008097165991903,5,,,,,,,,,1,1,1,0.7,1.0
88,48,8,0.013057353661506293,0.4194915254237288,5,,,,,,,,,1,1,1,0.7,1.0
88,49,10,0.022998126649215727,0.4342105263157895,5,,,,,,,,,1,1,1,0.7,1.0
88,50,10,0.0308143346441008,0.43805309734513276,5,,,,,,,,,1,1,1,0.7,1.0
88,51,14,0.03914697687093884,0.4714285714285714,5,,,,,,,,,1,1,1,0.7,1.0
88,52,5,0.008107289253582214,0.376425855513308,5,,,,,,,,,1,1,1,0.7,1.0
88,53,8,0.011537483487035103,0.4177215189873418,5,,,,,,,,,1,1,1,0.7,1.0
88,54,4,0.003793024144388423,0.3626373626373626,3,,,,,,,,,1,1,1,0.7,1.0
88,55,10,0.023237659776797134,0.4541284403669725,5,,,,,,,,,1,1,1,0.7,1.0
88,56,5,0.005797905192208366,0.37358490566037733,5,,,,,,,,,1,1,1,0.7,1.0
88,57,8,0.016349603863737225,0.4090909090909091,5,,,,,,,,,1,1,1,0.7,1.0
88,58,9,0.019899514796318962,0.4194915254237288,5,,,,,,,,,1,1,1,0.7,1.0
88,59,10,0.022085707361162835,0.4342105263157895,5,,,,,,,,,1,1,1,0.7,1.0
88,60,11,0.019807911567924382,0.43612334801762115,5,,,,,,,,,1,1,1,0.7,1.0
88,61,8,0.010424008924552612,0.4057377049180328,5,,,,,,,,,1,1,1,0.7,1.0
88,62,12,0.025946448104021823,0.45622119815668205,5,,,,,,,,,1,1,1,0.7,1.0
88,63,2,0.0005614126362425681,0.3344594594594595,2,,,,,,,,,1,1,1,0.7,1.0
88,64,9,0.01872332415682547,0.4267241379310345,5,,,,,,,,,1,1,1,0.7,1.0
88,65,12,0.031032488648889307,0.4520547945205479,5,,,,,,,,,1,1,1,0.7,1.0
88,66,6,0.0057761754226101384,0.38372093023255816,5,,,,,,,,,1,1,1,0.7,1.0
88,67,7,0.013160777951982968,0.42127659574468085,5,,,,,,,,,1,1,1,0.7,1.0
88,68,9,0.017227215239394276,0.4248927038626609,5,,,,,,,,,1,1,1,0.7,1.0
88,69,10,0.025227933667602773,0.4177215189873418,5,,,,,,,,,1,1,1,0.7,1.0
88,70,8,0.01387620475838911,0.4267241379310345,5,,,,,,,,,1,1,1,0.7,1.0
88,71,9,0.016185486162689472,0.41596638655462187,5,,,,,,,,,1,1,1,0.7,1.0
88,72,9,0.015273779864619004,0.43043478260869567,5,,,,,,,,,1,1,1,0.7,1.0
88,73,5,0.004078652941379849,0.375,5,,,,,,,,,1,1,1,0.7,1.0
88,74,9,0.018681489814624395,0.4125,5,,,,,,,,,1,1,1,0.7,1.0
88,75,9,0.0171208681049252,0.43231441048034935,5,,,,,,,,,1,1,1,0.7,1.0
88,76,9,0.014075601128570363,0.42127659574468085,5,,,,,,,,,1,1,1,0.7,1.0
88,77,10,0.01743825099569623,0.44,5,,,,,,,,,1,1,1,0.7,1.0
88,78,5,0.0038024049630668573,0.38976377952755903,5,,,,,,,,,1,1,1,0.7,1.0
88,79,6,0.003933385627379168,0.396,5,,,,,,,,,1,1,1,0.7,1.0
88,80,6,0.009540177285457217,0.38976377952755903,5,,,,,,,,,1,1,1,0.7,1.0
88,81,4,0.003878362412685233,0.3535714285714286,3,,,,,,,,,1,1,1,0.7,1.0
88,82,6,0.006102204291129582,0.3793103448275862,5,,,,,,,,,1,1,1,0.7,1.0
88,83,9,0.020811545403340872,0.4230769230769231,5,,,,,,,,,1,1,1,0.7,1.0
88,84,7,0.012843574800630352,0.38823529411764707,5,,,,,,,,,1,1,1,0.7,1.0
88,85,11,0.02311943072088779,0.43612334801762115,5,,,,,,,,,1,1,1,0.7,1.0
88,86,9,0.02249266760837428,0.4230769230769231,5,,,,,,,,,1,1,1,0.7,1.0
88,87,9,0.01288331850351868,0.4248927038626609,5,,,,,,,,,1,1,1,0.7,1.0
88,88,7,0.009293753449501873,0.4090909090909091,5,,,,,,,,,1,1,1,0.7,1.0
88,89,7,0.007638586484533018,0.4074074074074074,5,,,,,,,,,1,1,1,0.7,1.0
88,90,10,0.023171127747701463,0.43231441048034935,5,,,,,,,,,1,1,1,0.7,1.0
88,91,10,0.02595944987752483,0.4439461883408072,5,,,,,,,,,1,1,1,0.7,1.0
88,92,7,0.008537605041661208,0.4008097165991903,5,,,,,,,,,1,1,1,0.7,1.0
88,93,10,0.02616016778149733,0.4479638009049774,5,,,,,,,,,1,1,1,0.7,1.0
88,94,4,0.002824004922169769,0.36,4,,,,,,,,,1,1,1,0.7,1.0
88,95,6,0.0073059396014398675,0.4057377049180328,5,,,,,,,,,1,1,1,0.7,1.0
88,96,6,0.008292640749202327,0.391304347826087,5,,,,,,,,,1,1,1,0.7,1.0
88,97,7,0.012769970808459086,0.4090909090909091,5,,,,,,,,,1,1,1,0.7,1.0
88,98,9,0.016231205942319603,0.4267241379310345,5,,,,,,,,,1,1,1,0.7,1.0
88,99,10,0.02365500758389639,0.4177215189873418,5,,,,,,,,,1,1,1,0.7,1.0
89,0,12,0.027870177639501746,0.4439461883408072,5,,,,,,,,,1,1,1,0.7,1.0
89,1,6,0.008284928002406858,0.39759036144578314,5,,,,,,,,,1,1,1,0.7,1.0
89,2,6,0.007862988956379923,0.3944223107569721,5,,,,,,,,,1,1,1,0.7,1.0
89,3,7,0.009060616819988506,0.4125,5,,,,,,,,,1,1,1,0.7,1.0
89,4,7,0.011546566243780348,0.38372093023255816,5,,,,,,,,,1,1,1,0.7,1.0
89,5,6,0.007353821423085494,0.38823529411764707,5,,,,,,,,,1,1,1,0.7,1.0
89,6,8,0.016582929083409786,0.4024390243902439,5,,,,,,,,,1,1,1,0.7,1.0
89,7,7,0.01482499303979092,0.4090909090909091,5,,,,,,,,,1,1,1,0.7,1.0
89,8,5,0.004648371147546576,0.38671875,5,,,,,,,,,1,1,1,0.7,1.0
89,9,8,0.01083664390532592,0.4125,5,,,,,,,,,1,1,1,0.7,1.0
89,10,4,0.0030267081689468824,0.375,4,,,,,,,,,1,1,1,0.7,1.0
89,11,3,0.001798234955708471,0.3378839590443686,3,,,,,,,,,1,1,1,0.7,1.0
89,12,12,0.03246531234079403,0.4714285714285714,5,,,,,,,,,1,1,1,0.7,1.0
89,13,7,0.009413152607664656,0.3944223107569721,5,,,,,,,,,1,1,1,0.7,1.0
89,14,10,0.02034681887297241,0.43612334801762115,5,,,,,,,,,1,1,1,0.7,1.0
89,15,9,0.022967970997341273,0.4125,5,,,,,,,,,1,1,1,0.7,1.0
89,16,3,0.0008141163676104925,0.3473684210526316,3,,,,,,,,,1,1,1,0.7,1.0
89,17,9,0.013710214410568368,0.4125,5,,,,,,,,,1,1,1,0.7,1.0
89,18,12,0.029269697836801636,0.4669811320754717,5,,,,,,,,,1,1,1,0.7,1.0
89,19,10,0.0202537925463073,0.4419642857142857,5,,,,,,,,,1,1,1,0.7,1.0
89,20,3,0.0021808142692860207,0.339041095890411,3,,,,,,,,,1,1,1,0.7,1.0
89,21,6,0.007542316400121865,0.39919354838709675,5,,,,,,,,,1,1,1,0.7,1.0
89,22,10,0.029376023808859605,0.43043478260869567,5,,,,,,,,,1,1,1,0.7,1.0
89,23,9,0.01864473712174515,0.4267241379310345,5,,,,,,,,,1,1,1,0.7,1.0
89,24,2,0.0,0.32038834951456313,2,,,,,,,,,1,1,1,0.7,1.0
89,25,5,0.0062320001243736595,0.38076923076923075,5,,,,,,,,,1,1,1,0.7,1.0
89,26,3,0.0011672780323125835,0.36,3,,,,,,,,,1,1,1,0.7,1.0
89,27,14,0.04032081334260075,0.4782608695652174,5,,,,,,,,,1,1,1,0.7,1.0
89,28,11,0.025196041378104415,0.4479638009049774,5,,,,,,,,,1,1,1,0.7,1.0
89,29,6,0.007148901888439518,0.391304347826087,5,,,,,,,,,1,1,1,0.7,1.0
89,30,6,0.007893523509131792,0.38671875,5,,,,,,,,,1,1,1,0.7,1.0
89,31,8,0.016685872476458252,0.4008097165991903,5,,,,,,,,,1,1,1,0.7,1.0
89,32,15,0.042175075381476565,0.47368421052631576,5,,,,,,,,,1,1,1,0.7,1.0
89,33,9,0.02012775183331944,0.4230769230769231,5,,,,,,,,,1,1,1,0.7,1.0
89,34,9,0.01841082522871394,0.4248927038626609,5,,,,,,,,,1,1,1,0.7,1.0
89,35,9,0.022128555021271912,0.42127659574468085,5,,,,,,,,,1,1,1,0.7,1.0
89,36,6,0.009052232439077976,0.4008097165991903,5,,,,,,,,,1,1,1,0.7,1.0
89,37,10,0.022884808637103175,0.4439461883408072,5,,,,,,,,,1,1,1,0.7,1.0
89,38,3,0.0011621659124968892,0.33559322033898303,3,,,,,,,,,1,1,1,0.7,1.0
89,39,7,0.009374462711473703,0.4125,5,,,,,,,,,1,1,1,0.7,1.0
89,40,7,0.010041046143858966,0.41422594142259417,5,,,,,,,,,1,1,1,0.7,1.0
89,41,8,0.01644273385424969,0.42127659574468085,5,,,,,,,,,1,1,1,0.7,1.0
89,42,7,0.008107386616062813,0.40408163265306124,5,,,,,,,,,1,1,1,0.7,1.0
89,43,8,0.014842540020111665,0.43805309734513276,5,,,,,,,,,1,1,1,0.7,1.0
89,44,9,0.019506962294465077,0.4194915254237288,5,,,,,,,,,1,1,1,0.7,1.0
89,45,8,0.015499166069116324,0.4090909090909091,5,,,,,,,,,1,1,1,0.7,1.0
89,46,7,0.009132084094994313,0.4107883817427386,5,,,,,,,,,1,1,1,0.7,1.0
89,47,8,0.01588333884215923,0.4008097165991903,5,,,,,,,,,1,1,1,0.7,1.0
89,48,8,0.013057353661506293,0.4194915254237288,5,,,,,,,,,1,1,1,0.7,1.0
89,49,10,0.022998126649215727,0.4342105263157895,5,,,,,,,,,1,1,1,0.7,1.0
89,50,10,0.0308143346441008,0.43805309734513276,5,,,,,,,,,1,1,1,0.7,1.0
89,51,14,0.03914697687093884,0.4714285714285714,5,,,,,,,,,1,1,1,0.7,1.0
89,52,5,0.008107289253582214,0.376425855513308,5,,,,,,,,,1,1,1,0.7,1.0
89,53,8,0.011537483487035103,0.4177215189873418,5,,,,,,,,,1,1,1,0.7,1.0
89,54,4,0.003793024144388423,0.3626373626373626,3,,,,,,,,,1,1,1,0.7,1.0
89,55,10,0.023237659776797134,0.4541284403669725,5,,,,,,,,,1,1,1,0.7,1.0
89,56,5,0.005797905192208366,0.37358490566037733,5,,,,,,,,,1,1,1,0.7,1.0
89,57,8,0.016349603863737225,0.4090909090909091,5,,,,,,,,,1,1,1,0.7,1.0
89,58,9,0.019899514796318962,0.4194915254237288,5,,,,,,,,,1,1,1,0.7,1.0
89,59,10,0.022085707361162835,0.4342105263157895,5,,,,,,,,,1,1,1,0.7,1.0
89,60,11,0.019807911567924382,0.43612334801762115,5,,,,,,,,,1,1,1,0.7,1.0
89,61,8,0.010424008924552612,0.4057377049180328,5,,,,,,,,,1,1,1,0.7,1.0
89,62,12,0.025946448104021823,0.45622119815668205,5,,,,,,,,,1,1,1,0.7,1.0
89,63,2,0.0005614126362425681,0.3344594594594595,2,,,,,,,,,1,1,1,0.7,1.0
89,64,9,0.01872332415682547,0.4267241379310345,5,,,,,,,,,1,1,1,0.7,1.0
89,65,12,0.031032488648889307,0.4520547945205479,5,,,,,,,,,1,1,1,0.7,1.0
89,66,6,0.0057761754226101384,0.38372093023255816,5,,,,,,,,,1,1,1,0.7,1.0
89,67,7,0.013160777951982968,0.42127659574468085,5,,,,,,,,,1,1,1,0.7,1.0
89,68,9,0.017227215239394276,0.4248927038626609,5,,,,,,,,,1,1,1,0.7,1.0
89,69,10,0.025227933667602773,0.4177215189873418,5,,,,,,,,,1,1,1,0.7,1.0
89,70,8,0.01387620475838911,0.4267241379310345,5,,,,,,,,,1,1,1,0.7,1.0
89,71,9,0.016185486162689472,0.41596638655462187,5,,,,,,,,,1,1,1,0.7,1.0
89,72,9,0.015273779864619004,0.43043478260869567,5,,,,,,,,,1,1,1,0.7,1.0
89,73,5,0.004078652941379849,0.375,5,,,,,,,,,1,1,1,0.7,1.0
89,74,9,0.018681489814624395,0.4125,5,,,,,,,,,1,1,1,0.7,1.0
89,75,9,0.0171208681049252,0.43231441048034935,5,,,,,,,,,1,1,1,0.7,1.0
89,76,9,0.014075601128570363,0.42127659574468085,5,,,,,,,,,1,1,1,0.7,1.0
89,77,10,0.01743825099569623,0.44,5,,,,,,,,,1,1,1,0.7,1.0
89,78,5,0.0038024049630668573,0.38976377952755903,5,,,,,,,,,1,1,1,0.7,1.0
89,79,6,0.003933385627379168,0.396,5,,,,,,,,,1,1,1,0.7,1.0
89,80,6,0.009540177285457217,0.38976377952755903,5,,,,,,,,,1,1,1,0.7,1.0
89,81,4,0.003878362412685233,0.3535714285714286,3,,,,,,,,,1,1,1,0.7,1.0
89,82,6,0.006102204291129582,0.3793103448275862,5,,,,,,,,,1,1,1,0.7,1.0
89,83,9,0.020811545403340872,0.4230769230769231,5,,,,,,,,,1,1,1,0.7,1.0
89,84,7,0.012843574800630352,0.38823529411764707,5,,,,,,,,,1,1,1,0.7,1.0
89,85,11,0.02311943072088779,0.43612334801762115,5,,,,,,,,,1,1,1,0.7,1.0
89,86,9,0.02249266760837428,0.4230769230769231,5,,,,,,,,,1,1,1,0.7,1.0
89,87,9,0.01288331850351868,0.4248927038626609,5,,,,,,,,,1,1,1,0.7,1.0
89,88,7,0.009293753449501873,0.4090909090909091,5,,,,,,,,,1,1,1,0.7,1.0
89,89,7,0.007638586484533018,0.4074074074074074,5,,,,,,,,,1,1,1,0.7,1.0
89,90,10,0.023171127747701463,0.43231441048034935,5,,,,,,,,,1,1,1,0.7,1.0
89,91,10,0.02595944987752483,0.4439461883408072,5,,,,,,,,,1,1,1,0.7,1.0
89,92,7,0.008537605041661208,0.4008097165991903,5,,,,,,,,,1,1,1,0.7,1.0
89,93,10,0.02616016778149733,0.4479638009049774,5,,,,,,,,,1,1,1,0.7,1.0
89,94,4,0.002824004922169769,0.36,4,,,,,,,,,1,1,1,0.7,1.0
89,95,6,0.0073059396014398675,0.4057377049180328,5,,,,,,,,,1,1,1,0.7,1.0
89,96,6,0.008292640749202327,0.391304347826087,5,,,,,,,,,1,1,1,0.7,1.0
89,97,7,0.012769970808459086,0.4090909090909091,5,,,,,,,,,1,1,1,0.7,1.0
89,98,9,0.016231205942319603,0.4267241379310345,5,,,,,,,,,1,1,1,0.7,1.0
89,99,10,0.02365500758389639,0.4177215189873418,5,,,,,,,,,1,1,1,0.7,1.0
90,0,12,0.027870177639501746,0.4439461883408072,5,,,,,,,,,1,1,1,0.7,1.0
90,1,6,0.008284928002406858,0.39759036144578314,5,,,,,,,,,1,1,1,0.7,1.0
90,2,6,0.007862988956379923,0.3944223107569721,5,,,,,,,,,1,1,1,0.7,1.0
90,3,7,0.009060616819988506,0.4125,5,,,,,,,,,1,1,1,0.7,1.0
90,4,7,0.011546566243780348,0.38372093023255816,5,,,,,,,,,1,1,1,0.7,1.0
90,5,6,0.007353821423085494,0.38823529411764707,5,,,,,,,,,1,1,1,0.7,1.0
90,6,8,0.016582929083409786,0.4024390243902439,5,,,,,,,,,1,1,1,0.7,1.0
90,7,7,0.01482499303979092,0.4090909090909091,5,,,,,,,,,1,1,1,0.7,1.0
90,8,5,0.004648371147546576,0.38671875,5,,,,,,,,,1,1,1,0.7,1.0
90,9,8,0.01083664390532592,0.4125,5,,,,,,,,,1,1,1,0.7,1.0
90,10,4,0.0030267081689468824,0.375,4,,,,,,,,,1,1,1,0.7,1.0
90,11,3,0.001798234955708471,0.3378839590443686,3,,,,,,,,,1,1,1,0.7,1.0
90,12,12,0.03246531234079403,0.4714285714285714,5,,,,,,,,,1,1,1,0.7,1.0
90,13,7,0.009413152607664656,0.3944223107569721,5,,,,,,,,,1,1,1,0.7,1.0
90,14,10,0.02034681887297241,0.43612334801762115,5,,,,,,,,,1,1,1,0.7,1.0
90,15,9,0.022967970997341273,0.4125,5,,,,,,,,,1,1,1,0.7,1.0
90,16,3,0.0008141163676104925,0.3473684210526316,3,,,,,,,,,1,1,1,0.7,1.0
90,17,9,0.013710214410568368,0.4125,5,,,,,,,,,1,1,1,0.7,1.0
90,18,12,0.029269697836801636,0.4669811320754717,5,,,,,,,,,1,1,1,0.7,1.0
90,19,10,0.0202537925463073,0.4419642857142857,5,,,,,,,,,1,1,1,0.7,1.0
90,20,3,0.0021808142692860207,0.339041095890411,3,,,,,,,,,1,1,1,0.7,1.0
90,21,6,0.007542316400121865,0.39919354838709675,5,,,,,,,,,1,1,1,0.7,1.0
90,22,10,0.029376023808859605,0.43043478260869567,5,,,,,,,,,1,1,1,0.7,1.0
90,23,9,0.01864473712174515,0.4267241379310345,5,,,,,,,,,1,1,1,0.7,1.0
90,24,2,0.0,0.32038834951456313,2,,,,,,,,,1,1,1,0.7,1.0
90,25,5,0.0062320001243736595,0.38076923076923075,5,,,,,,,,,1,1,1,0.7,1.0
90,26,3,0.0011672780323125835,0.36,3,,,,,,,,,1,1,1,0.7,1.0
90,27,14,0.04032081334260075,0.4782608695652174,5,,,,,,,,,1,1,1,0.7,1.0
90,28,11,0.025196041378104415,0.4479638009049774,5,,,,,,,,,1,1,1,0.7,1.0
90,29,6,0.007148901888439518,0.391304347826087,5,,,,,,,,,1,1,1,0.7,1.0
90,30,6,0.007893523509131792,0.38671875,5,,,,,,,,,1,1,1,0.7,1.0
90,31,8,0.016685872476458252,0.4008097165991903,5,,,,,,,,,1,1,1,0.7,1.0
90,32,15,0.042175075381476565,0.47368421052631576,5,,,,,,,,,1,1,1,0.7,1.0
90,33,9,0.02012775183331944,0.4230769230769231,5,,,,,,,,,1,1,1,0.7,1.0
90,34,9,0.01841082522871394,0.4248927038626609,5,,,,,,,,,1,1,1,0.7,1.0
90,35,9,0.022128555021271912,0.42127659574468085,5,,,,,,,,,1,1,1,0.7,1.0
90,36,6,0.009052232439077976,0.4008097165991903,5,,,,,,,,,1,1,1,0.7,1.0
90,37,10,0.022884808637103175,0.4439461883408072,5,,,,,,,,,1,1,1,0.7,1.0
90,38,3,0.0011621659124968892,0.33559322033898303,3,,,,,,,,,1,1,1,0.7,1.0
90,39,7,0.009374462711473703,0.4125,5,,,,,,,,,1,1,1,0.7,1.0
90,40,7,0.010041046143858966,0.41422594142259417,5,,,,,,,,,1,1,1,0.7,1.0
90,41,8,0.01644273385424969,0.42127659574468085,5,,,,,,,,,1,1,1,0.7,1.0
90,42,7,0.008107386616062813,0.40408163265306124,5,,,,,,,,,1,1,1,0.7,1.0
90,43,8,0.014842540020111665,0.43805309734513276,5,,,,,,,,,1,1,1,0.7,1.0
90,44,9,0.019506962294465077,0.4194915254237288,5,,,,,,,,,1,1,1,0.7,1.0
90,45,8,0.015499166069116324,0.4090909090909091,5,,,,,,,,,1,1,1,0.7,1.0
90,46,7,0.009132084094994313,0.4107883817427386,5,,,,,,,,,1,1,1,0.7,1.0
90,47,8,0.01588333884215923,0.4008097165991903,5,,,,,,,,,1,1,1,0.7,1.0
90,48,8,0.013057353661506293,0.4194915254237288,5,,,,,,,,,1,1,1,0.7,1.0
90,49,10,0.022998126649215727,0.4342105263157895,5,,,,,,,,,1,1,1,0.7,1.0
90,50,10,0.0308143346441008,0.43805309734513276,5,,,,,,,,,1,1,1,0.7,1.0
90,51,14,0.03914697687093884,0.4714285714285714,5,,,,,,,,,1,1,1,0.7,1.0
90,52,5,0.008107289253582214,0.376425855513308,5,,,,,,,,,1,1,1,0.7,1.0
90,53,8,0.011537483487035103,0.4177215189873418,5,,,,,,,,,1,1,1,0.7,1.0
90,54,4,0.003793024144388423,0.3626373626373626,3,,,,,,,,,1,1,1,0.7,1.0
90,55,10,0.023237659776797134,0.4541284403669725,5,,,,,,,,,1,1,1,0.7,1.0
90,56,5,0.005797905192208366,0.37358490566037733,5,,,,,,,,,1,1,1,0.7,1.0
90,57,8,0.016349603863737225,0.4090909090909091,5,,,,,,,,,1,1,1,0.7,1.0
90,58,9,0.019899514796318962,0.4194915254237288,5,,,,,,,,,1,1,1,0.7,1.0
90,59,10,0.022085707361162835,0.4342105263157895,5,,,,,,,,,1,1,1,0.7,1.0
90,60,11,0.019807911567924382,0.43612334801762115,5,,,,,,,,,1,1,1,0.7,1.0
90,61,8,0.010424008924552612,0.4057377049180328,5,,,,,,,,,1,1,1,0.7,1.0
90,62,12,0.025946448104021823,0.45622119815668205,5,,,,,,,,,1,1,1,0.7,1.0
90,63,2,0.0005614126362425681,0.3344594594594595,2,,,,,,,,,1,1,1,0.7,1.0
90,64,9,0.01872332415682547,0.4267241379310345,5,,,,,,,,,1,1,1,0.7,1.0
90,65,12,0.031032488648889307,0.4520547945205479,5,,,,,,,,,1,1,1,0.7,1.0
90,66,6,0.0057761754226101384,0.38372093023255816,5,,,,,,,,,1,1,1,0.7,1.0
90,67,7,0.013160777951982968,0.42127659574468085,5,,,,,,,,,1,1,1,0.7,1.0
90,68,9,0.017227215239394276,0.4248927038626609,5,,,,,,,,,1,1,1,0.7,1.0
90,69,10,0.025227933667602773,0.4177215189873418,5,,,,,,,,,1,1,1,0.7,1.0
90,70,8,0.01387620475838911,0.4267241379310345,5,,,,,,,,,1,1,1,0.7,1.0
90,71,9,0.016185486162689472,0.41596638655462187,5,,,,,,,,,1,1,1,0.7,1.0
90,72,9,0.015273779864619004,0.43043478260869567,5,,,,,,,,,1,1,1,0.7,1.0
90,73,5,0.004078652941379849,0.375,5,,,,,,,,,1,1,1,0.7,1.0
90,74,9,0.018681489814624395,0.4125,5,,,,,,,,,1,1,1,0.7,1.0
90,75,9,0.0171208681049252,0.43231441048034935,5,,,,,,,,,1,1,1,0.7,1.0
90,76,9,0.014075601128570363,0.42127659574468085,5,,,,,,,,,1,1,1,0.7,1.0
90,77,10,0.01743825099569623,0.44,5,,,,,,,,,1,1,1,0.7,1.0
90,78,5,0.0038024049630668573,0.38976377952755903,5,,,,,,,,,1,1,1,0.7,1.0
90,79,6,0.003933385627379168,0.396,5,,,,,,,,,1,1,1,0.7,1.0
90,80,6,0.009540177285457217,0.38976377952755903,5,,,,,,,,,1,1,1,0.7,1.0
90,81,4,0.003878362412685233,0.3535714285714286,3,,,,,,,,,1,1,1,0.7,1.0
90,82,6,0.006102204291129582,0.3793103448275862,5,,,,,,,,,1,1,1,0.7,1.0
90,83,9,0.020811545403340872,0.4230769230769231,5,,,,,,,,,1,1,1,0.7,1.0
90,84,7,0.012843574800630352,0.38823529411764707,5,,,,,,,,,1,1,1,0.7,1.0
90,85,11,0.02311943072088779,0.43612334801762115,5,,,,,,,,,1,1,1,0.7,1.0
90,86,9,0.02249266760837428,0.4230769230769231,5,,,,,,,,,1,1,1,0.7,1.0
90,87,9,0.01288331850351868,0.4248927038626609,5,,,,,,,,,1,1,1,0.7,1.0
90,88,7,0.009293753449501873,0.4090909090909091,5,,,,,,,,,1,1,1,0.7,1.0
90,89,7,0.007638586484533018,0.4074074074074074,5,,,,,,,,,1,1,1,0.7,1.0
90,90,10,0.023171127747701463,0.43231441048034935,5,,,,,,,,,1,1,1,0.7,1.0
90,91,10,0.02595944987752483,0.4439461883408072,5,,,,,,,,,1,1,1,0.7,1.0
90,92,7,0.008537605041661208,0.4008097165991903,5,,,,,,,,,1,1,1,0.7,1.0
90,93,10,0.02616016778149733,0.4479638009049774,5,,,,,,,,,1,1,1,0.7,1.0
90,94,4,0.002824004922169769,0.36,4,,,,,,,,,1,1,1,0.7,1.0
90,95,6,0.0073059396014398675,0.4057377049180328,5,,,,,,,,,1,1,1,0.7,1.0
90,96,6,0.008292640749202327,0.391304347826087,5,,,,,,,,,1,1,1,0.7,1.0
90,97,7,0.012769970808459086,0.4090909090909091,5,,,,,,,,,1,1,1,0.7,1.0
90,98,9,0.016231205942319603,0.4267241379310345,5,,,,,,,,,1,1,1,0.7,1.0
90,99,10,0.02365500758389639,0.4177215189873418,5,,,,,,,,,1,1,1,0.7,1.0
91,0,12,0.027870177639501746,0.4439461883408072,5,,,,,,,,,1,1,1,0.7,1.0
91,1,6,0.008284928002406858,0.39759036144578314,5,,,,,,,,,1,1,1,0.7,1.0
91,2,6,0.007862988956379923,0.3944223107569721,5,,,,,,,,,1,1,1,0.7,1.0
91,3,7,0.009060616819988506,0.4125,5,,,,,,,,,1,1,1,0.7,1.0
91,4,7,0.011546566243780348,0.38372093023255816,5,,,,,,,,,1,1,1,0.7,1.0
91,5,6,0.007353821423085494,0.38823529411764707,5,,,,,,,,,1,1,1,0.7,1.0
91,6,8,0.016582929083409786,0.4024390243902439,5,,,,,,,,,1,1,1,0.7,1.0
91,7,7,0.01482499303979092,0.4090909090909091,5,,,,,,,,,1,1,1,0.7,1.0
91,8,5,0.004648371147546576,0.38671875,5,,,,,,,,,1,1,1,0.7,1.0
91,9,8,0.01083664390532592,0.4125,5,,,,,,,,,1,1,1,0.7,1.0
91,10,4,0.0030267081689468824,0.375,4,,,,,,,,,1,1,1,0.7,1.0
91,11,3,0.001798234955708471,0.3378839590443686,3,,,,,,,,,1,1,1,0.7,1.0
91,12,12,0.03246531234079403,0.4714285714285714,5,,,,,,,,,1,1,1,0.7,1.0
91,13,7,0.009413152607664656,0.3944223107569721,5,,,,,,,,,1,1,1,0.7,1.0
91,14,10,0.02034681887297241,0.43612334801762115,5,,,,,,,,,1,1,1,0.7,1.0
91,15,9,0.022967970997341273,0.4125,5,,,,,,,,,1,1,1,0.7,1.0
91,16,3,0.0008141163676104925,0.3473684210526316,3,,,,,,,,,1,1,1,0.7,1.0
91,17,9,0.013710214410568368,0.4125,5,,,,,,,,,1,1,1,0.7,1.0
91,18,12,0.029269697836801636,0.4669811320754717,5,,,,,,,,,1,1,1,0.7,1.0
91,19,10,0.0202537925463073,0.4419642857142857,5,,,,,,,,,1,1,1,0.7,1.0
91,20,3,0.0021808142692860207,0.339041095890411,3,,,,,,,,,1,1,1,0.7,1.0
91,21,6,0.007542316400121865,0.39919354838709675,5,,,,,,,,,1,1,1,0.7,1.0
91,22,10,0.029376023808859605,0.43043478260869567,5,,,,,,,,,1,1,1,0.7,1.0
91,23,9,0.01864473712174515,0.4267241379310345,5,,,,,,,,,1,1,1,0.7,1.0
91,24,2,0.0,0.32038834951456313,2,,,,,,,,,1,1,1,0.7,1.0
91,25,5,0.0062320001243736595,0.38076923076923075,5,,,,,,,,,1,1,1,0.7,1.0
91,26,3,0.0011672780323125835,0.36,3,,,,,,,,,1,1,1,0.7,1.0
91,27,14,0.04032081334260075,0.4782608695652174,5,,,,,,,,,1,1,1,0.7,1.0
91,28,11,0.025196041378104415,0.4479638009049774,5,,,,,,,,,1,1,1,0.7,1.0
91,29,6,0.007148901888439518,0.391304347826087,5,,,,,,,,,1,1,1,0.7,1.0
91,30,6,0.007893523509131792,0.38671875,5,,,,,,,,,1,1,1,0.7,1.0
91,31,8,0.016685872476458252,0.4008097165991903,5,,,,,,,,,1,1,1,0.7,1.0
91,32,15,0.042175075381476565,0.47368421052631576,5,,,,,,,,,1,1,1,0.7,1.0
91,33,9,0.02012775183331944,0.4230769230769231,5,,,,,,,,,1,1,1,0.7,1.0
91,34,9,0.01841082522871394,0.4248927038626609,5,,,,,,,,,1,1,1,0.7,1.0
91,35,9,0.022128555021271912,0.42127659574468085,5,,,,,,,,,1,1,1,0.7,1.0
91,36,6,0.009052232439077976,0.4008097165991903,5,,,,,,,,,1,1,1,0.7,1.0
91,37,10,0.022884808637103175,0.4439461883408072,5,,,,,,,,,1,1,1,0.7,1.0
91,38,3,0.0011621659124968892,0.33559322033898303,3,,,,,,,,,1,1,1,0.7,1.0
91,39,7,0.009374462711473703,0.4125,5,,,,,,,,,1,1,1,0.7,1.0
91,40,7,0.010041046143858966,0.41422594142259417,5,,,,,,,,,1,1,1,0.7,1.0
91,41,8,0.01644273385424969,0.42127659574468085,5,,,,,,,,,1,1,1,0.7,1.0
91,42,7,0.008107386616062813,0.40408163265306124,5,,,,,,,,,1,1,1,0.7,1.0
91,43,8,0.014842540020111665,0.43805309734513276,5,,,,,,,,,1,1,1,0.7,1.0
91,44,9,0.019506962294465077,0.4194915254237288,5,,,,,,,,,1,1,1,0.7,1.0
91,45,8,0.015499166069116324,0.4090909090909091,5,,,,,,,,,1,1,1,0.7,1.0
91,46,7,0.009132084094994313,0.4107883817427386,5,,,,,,,,,1,1,1,0.7,1.0
91,47,8,0.01588333884215923,0.4008097165991903,5,,,,,,,,,1,1,1,0.7,1.0
91,48,8,0.013057353661506293,0.4194915254237288,5,,,,,,,,,1,1,1,0.7,1.0
91,49,10,0.022998126649215727,0.4342105263157895,5,,,,,,,,,1,1,1,0.7,1.0
91,50,10,0.0308143346441008,0.43805309734513276,5,,,,,,,,,1,1,1,0.7,1.0
91,51,14,0.03914697687093884,0.4714285714285714,5,,,,,,,,,1,1,1,0.7,1.0
91,52,5,0.008107289253582214,0.376425855513308,5,,,,,,,,,1,1,1,0.7,1.0
91,53,8,0.011537483487035103,0.4177215189873418,5,,,,,,,,,1,1,1,0.7,1.0
91,54,4,0.003793024144388423,0.3626373626373626,3,,,,,,,,,1,1,1,0.7,1.0
91,55,10,0.023237659776797134,0.4541284403669725,5,,,,,,,,,1,1,1,0.7,1.0
91,56,5,0.005797905192208366,0.37358490566037733,5,,,,,,,,,1,1,1,0.7,1.0
91,57,8,0.016349603863737225,0.4090909090909091,5,,,,,,,,,1,1,1,0.7,1.0
91,58,9,0.019899514796318962,0.4194915254237288,5,,,,,,,,,1,1,1,0.7,1.0
91,59,10,0.022085707361162835,0.4342105263157895,5,,,,,,,,,1,1,1,0.7,1.0
91,60,11,0.019807911567924382,0.43612334801762115,5,,,,,,,,,1,1,1,0.7,1.0
91,61,8,0.010424008924552612,0.4057377049180328,5,,,,,,,,,1,1,1,0.7,1.0
91,62,12,0.025946448104021823,0.45622119815668205,5,,,,,,,,,1,1,1,0.7,1.0
91,63,2,0.0005614126362425681,0.3344594594594595,2,,,,,,,,,1,1,1,0.7,1.0
91,64,9,0.01872332415682547,0.4267241379310345,5,,,,,,,,,1,1,1,0.7,1.0
91,65,12,0.031032488648889307,0.4520547945205479,5,,,,,,,,,1,1,1,0.7,1.0
91,66,6,0.0057761754226101384,0.38372093023255816,5,,,,,,,,,1,1,1,0.7,1.0
91,67,7,0.013160777951982968,0.42127659574468085,5,,,,,,,,,1,1,1,0.7,1.0
91,68,9,0.017227215239394276,0.4248927038626609,5,,,,,,,,,1,1,1,0.7,1.0
91,69,10,0.025227933667602773,0.4177215189873418,5,,,,,,,,,1,1,1,0.7,1.0
91,70,8,0.01387620475838911,0.4267241379310345,5,,,,,,,,,1,1,1,0.7,1.0
91,71,9,0.016185486162689472,0.41596638655462187,5,,,,,,,,,1,1,1,0.7,1.0
91,72,9,0.015273779864619004,0.43043478260869567,5,,,,,,,,,1,1,1,0.7,1.0
91,73,5,0.004078652941379849,0.375,5,,,,,,,,,1,1,1,0.7,1.0
91,74,9,0.018681489814624395,0.4125,5,,,,,,,,,1,1,1,0.7,1.0
91,75,9,0.0171208681049252,0.43231441048034935,5,,,,,,,,,1,1,1,0.7,1.0
91,76,9,0.014075601128570363,0.42127659574468085,5,,,,,,,,,1,1,1,0.7,1.0
91,77,10,0.01743825099569623,0.44,5,,,,,,,,,1,1,1,0.7,1.0
91,78,5,0.0038024049630668573,0.38976377952755903,5,,,,,,,,,1,1,1,0.7,1.0
91,79,6,0.003933385627379168,0.396,5,,,,,,,,,1,1,1,0.7,1.0
91,80,6,0.009540177285457217,0.38976377952755903,5,,,,,,,,,1,1,1,0.7,1.0
91,81,4,0.003878362412685233,0.3535714285714286,3,,,,,,,,,1,1,1,0.7,1.0
91,82,6,0.006102204291129582,0.3793103448275862,5,,,,,,,,,1,1,1,0.7,1.0
91,83,9,0.020811545403340872,0.4230769230769231,5,,,,,,,,,1,1,1,0.7,1.0
91,84,7,0.012843574800630352,0.38823529411764707,5,,,,,,,,,1,1,1,0.7,1.0
91,85,11,0.02311943072088779,0.43612334801762115,5,,,,,,,,,1,1,1,0.7,1.0
91,86,9,0.02249266760837428,0.4230769230769231,5,,,,,,,,,1,1,1,0.7,1.0
91,87,9,0.01288331850351868,0.4248927038626609,5,,,,,,,,,1,1,1,0.7,1.0
91,88,7,0.009293753449501873,0.4090909090909091,5,,,,,,,,,1,1,1,0.7,1.0
91,89,7,0.007638586484533018,0.4074074074074074,5,,,,,,,,,1,1,1,0.7,1.0
91,90,10,0.023171127747701463,0.43231441048034935,5,,,,,,,,,1,1,1,0.7,1.0
91,91,10,0.02595944987752483,0.4439461883408072,5,,,,,,,,,1,1,1,0.7,1.0
91,92,7,0.008537605041661208,0.4008097165991903,5,,,,,,,,,1,1,1,0.7,1.0
91,93,10,0.02616016778149733,0.4479638009049774,5,,,,,,,,,1,1,1,0.7,1.0
91,94,4,0.002824004922169769,0.36,4,,,,,,,,,1,1,1,0.7,1.0
91,95,6,0.0073059396014398675,0.4057377049180328,5,,,,,,,,,1,1,1,0.7,1.0
91,96,6,0.008292640749202327,0.391304347826087,5,,,,,,,,,1,1,1,0.7,1.0
91,97,7,0.012769970808459086,0.4090909090909091,5,,,,,,,,,1,1,1,0.7,1.0
91,98,9,0.016231205942319603,0.4267241379310345,5,,,,,,,,,1,1,1,0.7,1.0
91,99,10,0.02365500758389639,0.4177215189873418,5,,,,,,,,,1,1,1,0.7,1.0
92,0,12,0.027870177639501746,0.4439461883408072,5,,,,,,,,,1,1,1,0.7,1.0
92,1,6,0.008284928002406858,0.39759036144578314,5,,,,,,,,,1,1,1,0.7,1.0
92,2,6,0.007862988956379923,0.3944223107569721,5,,,,,,,,,1,1,1,0.7,1.0
92,3,7,0.009060616819988506,0.4125,5,,,,,,,,,1,1,1,0.7,1.0
92,4,7,0.011546566243780348,0.38372093023255816,5,,,,,,,,,1,1,1,0.7,1.0
92,5,6,0.007353821423085494,0.38823529411764707,5,,,,,,,,,1,1,1,0.7,1.0
92,6,8,0.016582929083409786,0.4024390243902439,5,,,,,,,,,1,1,1,0.7,1.0
92,7,7,0.01482499303979092,0.4090909090909091,5,,,,,,,,,1,1,1,0.7,1.0
92,8,5,0.004648371147546576,0.38671875,5,,,,,,,,,1,1,1,0.7,1.0
92,9,8,0.01083664390532592,0.4125,5,,,,,,,,,1,1,1,0.7,1.0
92,10,4,0.0030267081689468824,0.375,4,,,,,,,,,1,1,1,0.7,1.0
92,11,3,0.001798234955708471,0.3378839590443686,3,,,,,,,,,1,1,1,0.7,1.0
92,12,12,0.03246531234079403,0.4714285714285714,5,,,,,,,,,1,1,1,0.7,1.0
92,13,7,0.009413152607664656,0.3944223107569721,5,,,,,,,,,1,1,1,0.7,1.0
92,14,10,0.02034681887297241,0.43612334801762115,5,,,,,,,,,1,1,1,0.7,1.0
92,15,9,0.022967970997341273,0.4125,5,,,,,,,,,1,1,1,0.7,1.0
92,16,3,0.0008141163676104925,0.3473684210526316,3,,,,,,,,,1,1,1,0.7,1.0
92,17,9,0.013710214410568368,0.4125,5,,,,,,,,,1,1,1,0.7,1.0
92,18,12,0.029269697836801636,0.4669811320754717,5,,,,,,,,,1,1,1,0.7,1.0
92,19,10,0.0202537925463073,0.4419642857142857,5,,,,,,,,,1,1,1,0.7,1.0
92,20,3,0.0021808142692860207,0.339041095890411,3,,,,,,,,,1,1,1,0.7,1.0
92,21,6,0.007542316400121865,0.39919354838709675,5,,,,,,,,,1,1,1,0.7,1.0
92,22,10,0.029376023808859605,0.43043478260869567,5,,,,,,,,,1,1,1,0.7,1.0
92,23,9,0.01864473712174515,0.4267241379310345,5,,,,,,,,,1,1,1,0.7,1.0
92,24,2,0.0,0.32038834951456313,2,,,,,,,,,1,1,1,0.7,1.0
92,25,5,0.0062320001243736595,0.38076923076923075,5,,,,,,,,,1,1,1,0.7,1.0
92,26,3,0.0011672780323125835,0.36,3,,,,,,,,,1,1,1,0.7,1.0
92,27,14,0.04032081334260075,0.4782608695652174,5,,,,,,,,,1,1,1,0.7,1.0
92,28,11,0.025196041378104415,0.4479638009049774,5,,,,,,,,,1,1,1,0.7,1.0
92,29,6,0.007148901888439518,0.391304347826087,5,,,,,,,,,1,1,1,0.7,1.0
92,30,6,0.007893523509131792,0.38671875,5,,,,,,,,,1,1,1,0.7,1.0
92,31,8,0.016685872476458252,0.4008097165991903,5,,,,,,,,,1,1,1,0.7,1.0
92,32,15,0.042175075381476565,0.47368421052631576,5,,,,,,,,,1,1,1,0.7,1.0
92,33,9,0.02012775183331944,0.4230769230769231,5,,,,,,,,,1,1,1,0.7,1.0
92,34,9,0.01841082522871394,0.4248927038626609,5,,,,,,,,,1,1,1,0.7,1.0
92,35,9,0.022128555021271912,0.42127659574468085,5,,,,,,,,,1,1,1,0.7,1.0
92,36,6,0.009052232439077976,0.4008097165991903,5,,,,,,,,,1,1,1,0.7,1.0
92,37,10,0.022884808637103175,0.4439461883408072,5,,,,,,,,,1,1,1,0.7,1.0
92,38,3,0.0011621659124968892,0.33559322033898303,3,,,,,,,,,1,1,1,0.7,1.0
92,39,7,0.009374462711473703,0.4125,5,,,,,,,,,1,1,1,0.7,1.0
92,40,7,0.010041046143858966,0.41422594142259417,5,,,,,,,,,1,1,1,0.7,1.0
92,41,8,0.01644273385424969,0.42127659574468085,5,,,,,,,,,1,1,1,0.7,1.0
92,42,7,0.008107386616062813,0.40408163265306124,5,,,,,,,,,1,1,1,0.7,1.0
92,43,8,0.014842540020111665,0.43805309734513276,5,,,,,,,,,1,1,1,0.7,1.0
92,44,9,0.019506962294465077,0.4194915254237288,5,,,,,,,,,1,1,1,0.7,1.0
92,45,8,0.015499166069116324,0.4090909090909091,5,,,,,,,,,1,1,1,0.7,1.0
92,46,7,0.009132084094994313,0.4107883817427386,5,,,,,,,,,1,1,1,0.7,1.0
92,47,8,0.01588333884215923,0.4008097165991903,5,,,,,,,,,1,1,1,0.7,1.0
92,48,8,0.013057353661506293,0.4194915254237288,5,,,,,,,,,1,1,1,0.7,1.0
92,49,10,0.022998126649215727,0.4342105263157895,5,,,,,,,,,1,1,1,0.7,1.0
92,50,10,0.0308143346441008,0.43805309734513276,5,,,,,,,,,1,1,1,0.7,1.0
92,51,14,0.03914697687093884,0.4714285714285714,5,,,,,,,,,1,1,1,0.7,1.0
92,52,5,0.008107289253582214,0.376425855513308,5,,,,,,,,,1,1,1,0.7,1.0
92,53,8,0.011537483487035103,0.4177215189873418,5,,,,,,,,,1,1,1,0.7,1.0
92,54,4,0.003793024144388423,0.3626373626373626,3,,,,,,,,,1,1,1,0.7,1.0
92,55,10,0.023237659776797134,0.4541284403669725,5,,,,,,,,,1,1,1,0.7,1.0
92,56,5,0.005797905192208366,0.37358490566037733,5,,,,,,,,,1,1,1,0.7,1.0
92,57,8,0.016349603863737225,0.4090909090909091,5,,,,,,,,,1,1,1,0.7,1.0
92,58,9,0.019899514796318962,0.4194915254237288,5,,,,,,,,,1,1,1,0.7,1.0
92,59,10,0.022085707361162835,0.4342105263157895,5,,,,,,,,,1,1,1,0.7,1.0
92,60,11,0.019807911567924382,0.43612334801762115,5,,,,,,,,,1,1,1,0.7,1.0
92,61,8,0.010424008924552612,0.4057377049180328,5,,,,,,,,,1,1,1,0.7,1.0
92,62,12,0.025946448104021823,0.45622119815668205,5,,,,,,,,,1,1,1,0.7,1.0
92,63,2,0.0005614126362425681,0.3344594594594595,2,,,,,,,,,1,1,1,0.7,1.0
92,64,9,0.01872332415682547,0.4267241379310345,5,,,,,,,,,1,1,1,0.7,1.0
92,65,12,0.031032488648889307,0.4520547945205479,5,,,,,,,,,1,1,1,0.7,1.0
92,66,6,0.0057761754226101384,0.38372093023255816,5,,,,,,,,,1,1,1,0.7,1.0
92,67,7,0.013160777951982968,0.42127659574468085,5,,,,,,,,,1,1,1,0.7,1.0
92,68,9,0.017227215239394276,0.4248927038626609,5,,,,,,,,,1,1,1,0.7,1.0
92,69,10,0.025227933667602773,0.4177215189873418,5,,,,,,,,,1,1,1,0.7,1.0
92,70,8,0.01387620475838911,0.4267241379310345,5,,,,,,,,,1,1,1,0.7,1.0
92,71,9,0.016185486162689472,0.41596638655462187,5,,,,,,,,,1,1,1,0.7,1.0
92,72,9,0.015273779864619004,0.43043478260869567,5,,,,,,,,,1,1,1,0.7,1.0
92,73,5,0.004078652941379849,0.375,5,,,,,,,,,1,1,1,0.7,1.0
92,74,9,0.018681489814624395,0.4125,5,,,,,,,,,1,1,1,0.7,1.0
92,75,9,0.0171208681049252,0.43231441048034935,5,,,,,,,,,1,1,1,0.7,1.0
92,76,9,0.014075601128570363,0.42127659574468085,5,,,,,,,,,1,1,1,0.7,1.0
92,77,10,0.01743825099569623,0.44,5,,,,,,,,,1,1,1,0.7,1.0
92,78,5,0.0038024049630668573,0.38976377952755903,5,,,,,,,,,1,1,1,0.7,1.0
92,79,6,0.003933385627379168,0.396,5,,,,,,,,,1,1,1,0.7,1.0
92,80,6,0.009540177285457217,0.38976377952755903,5,,,,,,,,,1,1,1,0.7,1.0
92,81,4,0.003878362412685233,0.3535714285714286,3,,,,,,,,,1,1,1,0.7,1.0
92,82,6,0.006102204291129582,0.3793103448275862,5,,,,,,,,,1,1,1,0.7,1.0
92,83,9,0.020811545403340872,0.4230769230769231,5,,,,,,,,,1,1,1,0.7,1.0
92,84,7,0.012843574800630352,0.38823529411764707,5,,,,,,,,,1,1,1,0.7,1.0
92,85,11,0.02311943072088779,0.43612334801762115,5,,,,,,,,,1,1,1,0.7,1.0
92,86,9,0.02249266760837428,0.4230769230769231,5,,,,,,,,,1,1,1,0.7,1.0
92,87,9,0.01288331850351868,0.4248927038626609,5,,,,,,,,,1,1,1,0.7,1.0
92,88,7,0.009293753449501873,0.4090909090909091,5,,,,,,,,,1,1,1,0.7,1.0
92,89,7,0.007638586484533018,0.4074074074074074,5,,,,,,,,,1,1,1,0.7,1.0
92,90,10,0.023171127747701463,0.43231441048034935,5,,,,,,,,,1,1,1,0.7,1.0
92,91,10,0.02595944987752483,0.4439461883408072,5,,,,,,,,,1,1,1,0.7,1.0
92,92,7,0.008537605041661208,0.4008097165991903,5,,,,,,,,,1,1,1,0.7,1.0
92,93,10,0.02616016778149733,0.4479638009049774,5,,,,,,,,,1,1,1,0.7,1.0
92,94,4,0.002824004922169769,0.36,4,,,,,,,,,1,1,1,0.7,1.0
92,95,6,0.0073059396014398675,0.4057377049180328,5,,,,,,,,,1,1,1,0.7,1.0
92,96,6,0.008292640749202327,0.391304347826087,5,,,,,,,,,1,1,1,0.7,1.0
92,97,7,0.012769970808459086,0.4090909090909091,5,,,,,,,,,1,1,1,0.7,1.0
92,98,9,0.016231205942319603,0.4267241379310345,5,,,,,,,,,1,1,1,0.7,1.0
92,99,10,0.02365500758389639,0.4177215189873418,5,,,,,,,,,1,1,1,0.7,1.0
93,0,12,0.027870177639501746,0.4439461883408072,5,,,,,,,,,1,1,1,0.7,1.0
93,1,6,0.008284928002406858,0.39759036144578314,5,,,,,,,,,1,1,1,0.7,1.0
93,2,6,0.007862988956379923,0.3944223107569721,5,,,,,,,,,1,1,1,0.7,1.0
93,3,7,0.009060616819988506,0.4125,5,,,,,,,,,1,1,1,0.7,1.0
93,4,7,0.011546566243780348,0.38372093023255816,5,,,,,,,,,1,1,1,0.7,1.0
93,5,6,0.007353821423085494,0.38823529411764707,5,,,,,,,,,1,1,1,0.7,1.0
93,6,8,0.016582929083409786,0.4024390243902439,5,,,,,,,,,1,1,1,0.7,1.0
93,7,7,0.01482499303979092,0.4090909090909091,5,,,,,,,,,1,1,1,0.7,1.0
93,8,5,0.004648371147546576,0.38671875,5,,,,,,,,,1,1,1,0.7,1.0
93,9,8,0.01083664390532592,0.4125,5,,,,,,,,,1,1,1,0.7,1.0
93,10,4,0.0030267081689468824,0.375,4,,,,,,,,,1,1,1,0.7,1.0
93,11,3,0.001798234955708471,0.3378839590443686,3,,,,,,,,,1,1,1,0.7,1.0
93,12,12,0.03246531234079403,0.4714285714285714,5,,,,,,,,,1,1,1,0.7,1.0
93,13,7,0.009413152607664656,0.3944223107569721,5,,,,,,,,,1,1,1,0.7,1.0
93,14,10,0.02034681887297241,0.43612334801762115,5,,,,,,,,,1,1,1,0.7,1.0
93,15,9,0.022967970997341273,0.4125,5,,,,,,,,,1,1,1,0.7,1.0
93,16,3,0.0008141163676104925,0.3473684210526316,3,,,,,,,,,1,1,1,0.7,1.0
93,17,9,0.013710214410568368,0.4125,5,,,,,,,,,1,1,1,0.7,1.0
93,18,12,0.029269697836801636,0.4669811320754717,5,,,,,,,,,1,1,1,0.7,1.0
93,19,10,0.0202537925463073,0.4419642857142857,5,,,,,,,,,1,1,1,0.7,1.0
93,20,3,0.0021808142692860207,0.339041095890411,3,,,,,,,,,1,1,1,0.7,1.0
93,21,6,0.007542316400121865,0.39919354838709675,5,,,,,,,,,1,1,1,0.7,1.0
93,22,10,0.029376023808859605,0.43043478260869567,5,,,,,,,,,1,1,1,0.7,1.0
93,23,9,0.01864473712174515,0.4267241379310345,5,,,,,,,,,1,1,1,0.7,1.0
93,24,2,0.0,0.32038834951456313,2,,,,,,,,,1,1,1,0.7,1.0
93,25,5,0.0062320001243736595,0.38076923076923075,5,,,,,,,,,1,1,1,0.7,1.0
93,26,3,0.0011672780323125835,0.36,3,,,,,,,,,1,1,1,0.7,1.0
93,27,14,0.04032081334260075,0.4782608695652174,5,,,,,,,,,1,1,1,0.7,1.0
93,28,11,0.025196041378104415,0.4479638009049774,5,,,,,,,,,1,1,1,0.7,1.0
93,29,6,0.007148901888439518,0.391304347826087,5,,,,,,,,,1,1,1,0.7,1.0
93,30,6,0.007893523509131792,0.38671875,5,,,,,,,,,1,1,1,0.7,1.0
93,31,8,0.016685872476458252,0.4008097165991903,5,,,,,,,,,1,1,1,0.7,1.0
93,32,15,0.042175075381476565,0.47368421052631576,5,,,,,,,,,1,1,1,0.7,1.0
93,33,9,0.02012775183331944,0.4230769230769231,5,,,,,,,,,1,1,1,0.7,1.0
93,34,9,0.01841082522871394,0.4248927038626609,5,,,,,,,,,1,1,1,0.7,1.0
93,35,9,0.022128555021271912,0.42127659574468085,5,,,,,,,,,1,1,1,0.7,1.0
93,36,6,0.009052232439077976,0.4008097165991903,5,,,,,,,,,1,1,1,0.7,1.0
93,37,10,0.022884808637103175,0.4439461883408072,5,,,,,,,,,1,1,1,0.7,1.0
93,38,3,0.0011621659124968892,0.33559322033898303,3,,,,,,,,,1,1,1,0.7,1.0
93,39,7,0.009374462711473703,0.4125,5,,,,,,,,,1,1,1,0.7,1.0
93,40,7,0.010041046143858966,0.41422594142259417,5,,,,,,,,,1,1,1,0.7,1.0
93,41,8,0.01644273385424969,0.42127659574468085,5,,,,,,,,,1,1,1,0.7,1.0
93,42,7,0.008107386616062813,0.40408163265306124,5,,,,,,,,,1,1,1,0.7,1.0
93,43,8,0.014842540020111665,0.43805309734513276,5,,,,,,,,,1,1,1,0.7,1.0
93,44,9,0.019506962294465077,0.4194915254237288,5,,,,,,,,,1,1,1,0.7,1.0
93,45,8,0.015499166069116324,0.4090909090909091,5,,,,,,,,,1,1,1,0.7,1.0
93,46,7,0.009132084094994313,0.4107883817427386,5,,,,,,,,,1,1,1,0.7,1.0
93,47,8,0.01588333884215923,0.4008097165991903,5,,,,,,,,,1,1,1,0.7,1.0
93,48,8,0.013057353661506293,0.4194915254237288,5,,,,,,,,,1,1,1,0.7,1.0
93,49,10,0.022998126649215727,0.4342105263157895,5,,,,,,,,,1,1,1,0.7,1.0
93,50,10,0.0308143346441008,0.43805309734513276,5,,,,,,,,,1,1,1,0.7,1.0
93,51,14,0.03914697687093884,0.4714285714285714,5,,,,,,,,,1,1,1,0.7,1.0
93,52,5,0.008107289253582214,0.376425855513308,5,,,,,,,,,1,1,1,0.7,1.0
93,53,8,0.011537483487035103,0.4177215189873418,5,,,,,,,,,1,1,1,0.7,1.0
93,54,4,0.003793024144388423,0.3626373626373626,3,,,,,,,,,1,1,1,0.7,1.0
93,55,10,0.023237659776797134,0.4541284403669725,5,,,,,,,,,1,1,1,0.7,1.0
93,56,5,0.005797905192208366,0.37358490566037733,5,,,,,,,,,1,1,1,0.7,1.0
93,57,8,0.016349603863737225,0.4090909090909091,5,,,,,,,,,1,1,1,0.7,1.0
93,58,9,0.019899514796318962,0.4194915254237288,5,,,,,,,,,1,1,1,0.7,1.0
93,59,10,0.022085707361162835,0.4342105263157895,5,,,,,,,,,1,1,1,0.7,1.0
93,60,11,0.019807911567924382,0.43612334801762115,5,,,,,,,,,1,1,1,0.7,1.0
93,61,8,0.010424008924552612,0.4057377049180328,5,,,,,,,,,1,1,1,0.7,1.0
93,62,12,0.025946448104021823,0.45622119815668205,5,,,,,,,,,1,1,1,0.7,1.0
93,63,2,0.0005614126362425681,0.3344594594594595,2,,,,,,,,,1,1,1,0.7,1.0
93,64,9,0.01872332415682547,0.4267241379310345,5,,,,,,,,,1,1,1,0.7,1.0
93,65,12,0.031032488648889307,0.4520547945205479,5,,,,,,,,,1,1,1,0.7,1.0
93,66,6,0.0057761754226101384,0.38372093023255816,5,,,,,,,,,1,1,1,0.7,1.0
93,67,7,0.013160777951982968,0.42127659574468085,5,,,,,,,,,1,1,1,0.7,1.0
93,68,9,0.017227215239394276,0.4248927038626609,5,,,,,,,,,1,1,1,0.7,1.0
93,69,10,0.025227933667602773,0.4177215189873418,5,,,,,,,,,1,1,1,0.7,1.0
93,70,8,0.01387620475838911,0.4267241379310345,5,,,,,,,,,1,1,1,0.7,1.0
93,71,9,0.016185486162689472,0.41596638655462187,5,,,,,,,,,1,1,1,0.7,1.0
93,72,9,0.015273779864619004,0.43043478260869567,5,,,,,,,,,1,1,1,0.7,1.0
93,73,5,0.004078652941379849,0.375,5,,,,,,,,,1,1,1,0.7,1.0
93,74,9,0.018681489814624395,0.4125,5,,,,,,,,,1,1,1,0.7,1.0
93,75,9,0.0171208681049252,0.43231441048034935,5,,,,,,,,,1,1,1,0.7,1.0
93,76,9,0.014075601128570363,0.42127659574468085,5,,,,,,,,,1,1,1,0.7,1.0
93,77,10,0.01743825099569623,0.44,5,,,,,,,,,1,1,1,0.7,1.0
93,78,5,0.0038024049630668573,0.38976377952755903,5,,,,,,,,,1,1,1,0.7,1.0
93,79,6,0.003933385627379168,0.396,5,,,,,,,,,1,1,1,0.7,1.0
93,80,6,0.009540177285457217,0.38976377952755903,5,,,,,,,,,1,1,1,0.7,1.0
93,81,4,0.003878362412685233,0.3535714285714286,3,,,,,,,,,1,1,1,0.7,1.0
93,82,6,0.006102204291129582,0.3793103448275862,5,,,,,,,,,1,1,1,0.7,1.0
93,83,9,0.020811545403340872,0.4230769230769231,5,,,,,,,,,1,1,1,0.7,1.0
93,84,7,0.012843574800630352,0.38823529411764707,5,,,,,,,,,1,1,1,0.7,1.0
93,85,11,0.02311943072088779,0.43612334801762115,5,,,,,,,,,1,1,1,0.7,1.0
93,86,9,0.02249266760837428,0.4230769230769231,5,,,,,,,,,1,1,1,0.7,1.0
93,87,9,0.01288331850351868,0.4248927038626609,5,,,,,,,,,1,1,1,0.7,1.0
93,88,7,0.009293753449501873,0.4090909090909091,5,,,,,,,,,1,1,1,0.7,1.0
93,89,7,0.007638586484533018,0.4074074074074074,5,,,,,,,,,1,1,1,0.7,1.0
93,90,10,0.023171127747701463,0.43231441048034935,5,,,,,,,,,1,1,1,0.7,1.0
93,91,10,0.02595944987752483,0.4439461883408072,5,,,,,,,,,1,1,1,0.7,1.0
93,92,7,0.008537605041661208,0.4008097165991903,5,,,,,,,,,1,1,1,0.7,1.0
93,93,10,0.02616016778149733,0.4479638009049774,5,,,,,,,,,1,1,1,0.7,1.0
93,94,4,0.002824004922169769,0.36,4,,,,,,,,,1,1,1,0.7,1.0
93,95,6,0.0073059396014398675,0.4057377049180328,5,,,,,,,,,1,1,1,0.7,1.0
93,96,6,0.008292640749202327,0.391304347826087,5,,,,,,,,,1,1,1,0.7,1.0
93,97,7,0.012769970808459086,0.4090909090909091,5,,,,,,,,,1,1,1,0.7,1.0
93,98,9,0.016231205942319603,0.4267241379310345,5,,,,,,,,,1,1,1,0.7,1.0
93,99,10,0.02365500758389639,0.4177215189873418,5,,,,,,,,,1,1,1,0.7,1.0
94,0,12,0.027870177639501746,0.4439461883408072,5,,,,,,,,,1,1,1,0.7,1.0
94,1,6,0.008284928002406858,0.39759036144578314,5,,,,,,,,,1,1,1,0.7,1.0
94,2,6,0.007862988956379923,0.3944223107569721,5,,,,,,,,,1,1,1,0.7,1.0
94,3,7,0.009060616819988506,0.4125,5,,,,,,,,,1,1,1,0.7,1.0
94,4,7,0.011546566243780348,0.38372093023255816,5,,,,,,,,,1,1,1,0.7,1.0
94,5,6,0.007353821423085494,0.38823529411764707,5,,,,,,,,,1,1,1,0.7,1.0
94,6,8,0.016582929083409786,0.4024390243902439,5,,,,,,,,,1,1,1,0.7,1.0
94,7,7,0.01482499303979092,0.4090909090909091,5,,,,,,,,,1,1,1,0.7,1.0
94,8,5,0.004648371147546576,0.38671875,5,,,,,,,,,1,1,1,0.7,1.0
94,9,8,0.01083664390532592,0.4125,5,,,,,,,,,1,1,1,0.7,1.0
94,10,4,0.0030267081689468824,0.375,4,,,,,,,,,1,1,1,0.7,1.0
94,11,3,0.001798234955708471,0.3378839590443686,3,,,,,,,,,1,1,1,0.7,1.0
94,12,12,0.03246531234079403,0.4714285714285714,5,,,,,,,,,1,1,1,0.7,1.0
94,13,7,0.009413152607664656,0.3944223107569721,5,,,,,,,,,1,1,1,0.7,1.0
94,14,10,0.02034681887297241,0.43612334801762115,5,,,,,,,,,1,1,1,0.7,1.0
94,15,9,0.022967970997341273,0.4125,5,,,,,,,,,1,1,1,0.7,1.0
94,16,3,0.0008141163676104925,0.3473684210526316,3,,,,,,,,,1,1,1,0.7,1.0
94,17,9,0.013710214410568368,0.4125,5,,,,,,,,,1,1,1,0.7,1.0
94,18,12,0.029269697836801636,0.4669811320754717,5,,,,,,,,,1,1,1,0.7,1.0
94,19,10,0.0202537925463073,0.4419642857142857,5,,,,,,,,,1,1,1,0.7,1.0
94,20,3,0.0021808142692860207,0.339041095890411,3,,,,,,,,,1,1,1,0.7,1.0
94,21,6,0.007542316400121865,0.39919354838709675,5,,,,,,,,,1,1,1,0.7,1.0
94,22,10,0.029376023808859605,0.43043478260869567,5,,,,,,,,,1,1,1,0.7,1.0
94,23,9,0.01864473712174515,0.4267241379310345,5,,,,,,,,,1,1,1,0.7,1.0
94,24,2,0.0,0.32038834951456313,2,,,,,,,,,1,1,1,0.7,1.0
94,25,5,0.0062320001243736595,0.38076923076923075,5,,,,,,,,,1,1,1,0.7,1.0
94,26,3,0.0011672780323125835,0.36,3,,,,,,,,,1,1,1,0.7,1.0
94,27,14,0.04032081334260075,0.4782608695652174,5,,,,,,,,,1,1,1,0.7,1.0
94,28,11,0.025196041378104415,0.4479638009049774,5,,,,,,,,,1,1,1,0.7,1.0
94,29,6,0.007148901888439518,0.391304347826087,5,,,,,,,,,1,1,1,0.7,1.0
94,30,6,0.007893523509131792,0.38671875,5,,,,,,,,,1,1,1,0.7,1.0
94,31,8,0.016685872476458252,0.4008097165991903,5,,,,,,,,,1,1,1,0.7,1.0
94,32,15,0.042175075381476565,0.47368421052631576,5,,,,,,,,,1,1,1,0.7,1.0
94,33,9,0.02012775183331944,0.4230769230769231,5,,,,,,,,,1,1,1,0.7,1.0
94,34,9,0.01841082522871394,0.4248927038626609,5,,,,,,,,,1,1,1,0.7,1.0
94,35,9,0.022128555021271912,0.42127659574468085,5,,,,,,,,,1,1,1,0.7,1.0
94,36,6,0.009052232439077976,0.4008097165991903,5,,,,,,,,,1,1,1,0.7,1.0
94,37,10,0.022884808637103175,0.4439461883408072,5,,,,,,,,,1,1,1,0.7,1.0
94,38,3,0.0011621659124968892,0.33559322033898303,3,,,,,,,,,1,1,1,0.7,1.0
94,39,7,0.009374462711473703,0.4125,5,,,,,,,,,1,1,1,0.7,1.0
94,40,7,0.010041046143858966,0.41422594142259417,5,,,,,,,,,1,1,1,0.7,1.0
94,41,8,0.01644273385424969,0.42127659574468085,5,,,,,,,,,1,1,1,0.7,1.0
94,42,7,0.008107386616062813,0.40408163265306124,5,,,,,,,,,1,1,1,0.7,1.0
94,43,8,0.014842540020111665,0.43805309734513276,5,,,,,,,,,1,1,1,0.7,1.0
94,44,9,0.019506962294465077,0.4194915254237288,5,,,,,,,,,1,1,1,0.7,1.0
94,45,8,0.015499166069116324,0.4090909090909091,5,,,,,,,,,1,1,1,0.7,1.0
94,46,7,0.009132084094994313,0.4107883817427386,5,,,,,,,,,1,1,1,0.7,1.0
94,47,8,0.01588333884215923,0.4008097165991903,5,,,,,,,,,1,1,1,0.7,1.0
94,48,8,0.013057353661506293,0.4194915254237288,5,,,,,,,,,1,1,1,0.7,1.0
94,49,10,0.022998126649215727,0.4342105263157895,5,,,,,,,,,1,1,1,0.7,1.0
94,50,10,0.0308143346441008,0.43805309734513276,5,,,,,,,,,1,1,1,0.7,1.0
94,51,14,0.03914697687093884,0.4714285714285714,5,,,,,,,,,1,1,1,0.7,1.0
94,52,5,0.008107289253582214,0.376425855513308,5,,,,,,,,,1,1,1,0.7,1.0
94,53,8,0.011537483487035103,0.4177215189873418,5,,,,,,,,,1,1,1,0.7,1.0
94,54,4,0.003793024144388423,0.3626373626373626,3,,,,,,,,,1,1,1,0.7,1.0
94,55,10,0.023237659776797134,0.4541284403669725,5,,,,,,,,,1,1,1,0.7,1.0
94,56,5,0.005797905192208366,0.37358490566037733,5,,,,,,,,,1,1,1,0.7,1.0
94,57,8,0.016349603863737225,0.4090909090909091,5,,,,,,,,,1,1,1,0.7,1.0
94,58,9,0.019899514796318962,0.4194915254237288,5,,,,,,,,,1,1,1,0.7,1.0
94,59,10,0.022085707361162835,0.4342105263157895,5,,,,,,,,,1,1,1,0.7,1.0
94,60,11,0.019807911567924382,0.43612334801762115,5,,,,,,,,,1,1,1,0.7,1.0
94,61,8,0.010424008924552612,0.4057377049180328,5,,,,,,,,,1,1,1,0.7,1.0
94,62,12,0.025946448104021823,0.45622119815668205,5,,,,,,,,,1,1,1,0.7,1.0
94,63,2,0.0005614126362425681,0.3344594594594595,2,,,,,,,,,1,1,1,0.7,1.0
94,64,9,0.01872332415682547,0.4267241379310345,5,,,,,,,,,1,1,1,0.7,1.0
94,65,12,0.031032488648889307,0.4520547945205479,5,,,,,,,,,1,1,1,0.7,1.0
94,66,6,0.0057761754226101384,0.38372093023255816,5,,,,,,,,,1,1,1,0.7,1.0
94,67,7,0.013160777951982968,0.42127659574468085,5,,,,,,,,,1,1,1,0.7,1.0
94,68,9,0.017227215239394276,0.4248927038626609,5,,,,,,,,,1,1,1,0.7,1.0
94,69,10,0.025227933667602773,0.4177215189873418,5,,,,,,,,,1,1,1,0.7,1.0
94,70,8,0.01387620475838911,0.4267241379310345,5,,,,,,,,,1,1,1,0.7,1.0
94,71,9,0.016185486162689472,0.41596638655462187,5,,,,,,,,,1,1,1,0.7,1.0
94,72,9,0.015273779864619004,0.43043478260869567,5,,,,,,,,,1,1,1,0.7,1.0
94,73,5,0.004078652941379849,0.375,5,,,,,,,,,1,1,1,0.7,1.0
94,74,9,0.018681489814624395,0.4125,5,,,,,,,,,1,1,1,0.7,1.0
94,75,9,0.0171208681049252,0.43231441048034935,5,,,,,,,,,1,1,1,0.7,1.0
94,76,9,0.014075601128570363,0.42127659574468085,5,,,,,,,,,1,1,1,0.7,1.0
94,77,10,0.01743825099569623,0.44,5,,,,,,,,,1,1,1,0.7,1.0
94,78,5,0.0038024049630668573,0.38976377952755903,5,,,,,,,,,1,1,1,0.7,1.0
94,79,6,0.003933385627379168,0.396,5,,,,,,,,,1,1,1,0.7,1.0
94,80,6,0.009540177285457217,0.38976377952755903,5,,,,,,,,,1,1,1,0.7,1.0
94,81,4,0.003878362412685233,0.3535714285714286,3,,,,,,,,,1,1,1,0.7,1.0
94,82,6,0.006102204291129582,0.3793103448275862,5,,,,,,,,,1,1,1,0.7,1.0
94,83,9,0.020811545403340872,0.4230769230769231,5,,,,,,,,,1,1,1,0.7,1.0
94,84,7,0.012843574800630352,0.38823529411764707,5,,,,,,,,,1,1,1,0.7,1.0
94,85,11,0.02311943072088779,0.43612334801762115,5,,,,,,,,,1,1,1,0.7,1.0
94,86,9,0.02249266760837428,0.4230769230769231,5,,,,,,,,,1,1,1,0.7,1.0
94,87,9,0.01288331850351868,0.4248927038626609,5,,,,,,,,,1,1,1,0.7,1.0
94,88,7,0.009293753449501873,0.4090909090909091,5,,,,,,,,,1,1,1,0.7,1.0
94,89,7,0.007638586484533018,0.4074074074074074,5,,,,,,,,,1,1,1,0.7,1.0
94,90,10,0.023171127747701463,0.43231441048034935,5,,,,,,,,,1,1,1,0.7,1.0
94,91,10,0.02595944987752483,0.4439461883408072,5,,,,,,,,,1,1,1,0.7,1.0
94,92,7,0.008537605041661208,0.4008097165991903,5,,,,,,,,,1,1,1,0.7,1.0
94,93,10,0.02616016778149733,0.4479638009049774,5,,,,,,,,,1,1,1,0.7,1.0
94,94,4,0.002824004922169769,0.36,4,,,,,,,,,1,1,1,0.7,1.0
94,95,6,0.0073059396014398675,0.4057377049180328,5,,,,,,,,,1,1,1,0.7,1.0
94,96,6,0.008292640749202327,0.391304347826087,5,,,,,,,,,1,1,1,0.7,1.0
94,97,7,0.012769970808459086,0.4090909090909091,5,,,,,,,,,1,1,1,0.7,1.0
94,98,9,0.016231205942319603,0.4267241379310345,5,,,,,,,,,1,1,1,0.7,1.0
94,99,10,0.02365500758389639,0.4177215189873418,5,,,,,,,,,1,1,1,0.7,1.0
95,0,12,0.027870177639501746,0.4439461883408072,5,,,,,,,,,1,1,1,0.7,1.0
95,1,6,0.008284928002406858,0.39759036144578314,5,,,,,,,,,1,1,1,0.7,1.0
95,2,6,0.007862988956379923,0.3944223107569721,5,,,,,,,,,1,1,1,0.7,1.0
95,3,7,0.009060616819988506,0.4125,5,,,,,,,,,1,1,1,0.7,1.0
95,4,7,0.011546566243780348,0.38372093023255816,5,,,,,,,,,1,1,1,0.7,1.0
95,5,6,0.007353821423085494,0.38823529411764707,5,,,,,,,,,1,1,1,0.7,1.0
95,6,8,0.016582929083409786,0.4024390243902439,5,,,,,,,,,1,1,1,0.7,1.0
95,7,7,0.01482499303979092,0.4090909090909091,5,,,,,,,,,1,1,1,0.7,1.0
95,8,5,0.004648371147546576,0.38671875,5,,,,,,,,,1,1,1,0.7,1.0
95,9,8,0.01083664390532592,0.4125,5,,,,,,,,,1,1,1,0.7,1.0
95,10,4,0.0030267081689468824,0.375,4,,,,,,,,,1,1,1,0.7,1.0
95,11,3,0.001798234955708471,0.3378839590443686,3,,,,,,,,,1,1,1,0.7,1.0
95,12,12,0.03246531234079403,0.4714285714285714,5,,,,,,,,,1,1,1,0.7,1.0
95,13,7,0.009413152607664656,0.3944223107569721,5,,,,,,,,,1,1,1,0.7,1.0
95,14,10,0.02034681887297241,0.43612334801762115,5,,,,,,,,,1,1,1,0.7,1.0
95,15,9,0.022967970997341273,0.4125,5,,,,,,,,,1,1,1,0.7,1.0
95,16,3,0.0008141163676104925,0.3473684210526316,3,,,,,,,,,1,1,1,0.7,1.0
95,17,9,0.013710214410568368,0.4125,5,,,,,,,,,1,1,1,0.7,1.0
95,18,12,0.029269697836801636,0.4669811320754717,5,,,,,,,,,1,1,1,0.7,1.0
95,19,10,0.0202537925463073,0.4419642857142857,5,,,,,,,,,1,1,1,0.7,1.0
95,20,3,0.0021808142692860207,0.339041095890411,3,,,,,,,,,1,1,1,0.7,1.0
95,21,6,0.007542316400121865,0.39919354838709675,5,,,,,,,,,1,1,1,0.7,1.0
95,22,10,0.029376023808859605,0.43043478260869567,5,,,,,,,,,1,1,1,0.7,1.0
95,23,9,0.01864473712174515,0.4267241379310345,5,,,,,,,,,1,1,1,0.7,1.0
95,24,2,0.0,0.32038834951456313,2,,,,,,,,,1,1,1,0.7,1.0
95,25,5,0.0062320001243736595,0.38076923076923075,5,,,,,,,,,1,1,1,0.7,1.0
95,26,3,0.0011672780323125835,0.36,3,,,,,,,,,1,1,1,0.7,1.0
95,27,14,0.04032081334260075,0.4782608695652174,5,,,,,,,,,1,1,1,0.7,1.0
95,28,11,0.025196041378104415,0.4479638009049774,5,,,,,,,,,1,1,1,0.7,1.0
95,29,6,0.007148901888439518,0.391304347826087,5,,,,,,,,,1,1,1,0.7,1.0
95,30,6,0.007893523509131792,0.38671875,5,,,,,,,,,1,1,1,0.7,1.0
95,31,8,0.016685872476458252,0.4008097165991903,5,,,,,,,,,1,1,1,0.7,1.0
95,32,15,0.042175075381476565,0.47368421052631576,5,,,,,,,,,1,1,1,0.7,1.0
95,33,9,0.02012775183331944,0.4230769230769231,5,,,,,,,,,1,1,1,0.7,1.0
95,34,9,0.01841082522871394,0.4248927038626609,5,,,,,,,,,1,1,1,0.7,1.0
95,35,9,0.022128555021271912,0.42127659574468085,5,,,,,,,,,1,1,1,0.7,1.0
95,36,6,0.009052232439077976,0.4008097165991903,5,,,,,,,,,1,1,1,0.7,1.0
95,37,10,0.022884808637103175,0.4439461883408072,5,,,,,,,,,1,1,1,0.7,1.0
95,38,3,0.0011621659124968892,0.33559322033898303,3,,,,,,,,,1,1,1,0.7,1.0
95,39,7,0.009374462711473703,0.4125,5,,,,,,,,,1,1,1,0.7,1.0
95,40,7,0.010041046143858966,0.41422594142259417,5,,,,,,,,,1,1,1,0.7,1.0
95,41,8,0.01644273385424969,0.42127659574468085,5,,,,,,,,,1,1,1,0.7,1.0
95,42,7,0.008107386616062813,0.40408163265306124,5,,,,,,,,,1,1,1,0.7,1.0
95,43,8,0.014842540020111665,0.43805309734513276,5,,,,,,,,,1,1,1,0.7,1.0
95,44,9,0.019506962294465077,0.4194915254237288,5,,,,,,,,,1,1,1,0.7,1.0
95,45,8,0.015499166069116324,0.4090909090909091,5,,,,,,,,,1,1,1,0.7,1.0
95,46,7,0.009132084094994313,0.4107883817427386,5,,,,,,,,,1,1,1,0.7,1.0
95,47,8,0.01588333884215923,0.4008097165991903,5,,,,,,,,,1,1,1,0.7,1.0
95,48,8,0.013057353661506293,0.4194915254237288,5,,,,,,,,,1,1,1,0.7,1.0
95,49,10,0.022998126649215727,0.4342105263157895,5,,,,,,,,,1,1,1,0.7,1.0
95,50,10,0.0308143346441008,0.43805309734513276,5,,,,,,,,,1,1,1,0.7,1.0
95,51,14,0.03914697687093884,0.4714285714285714,5,,,,,,,,,1,1,1,0.7,1.0
95,52,5,0.008107289253582214,0.376425855513308,5,,,,,,,,,1,1,1,0.7,1.0
95,53,8,0.011537483487035103,0.4177215189873418,5,,,,,,,,,1,1,1,0.7,1.0
95,54,4,0.003793024144388423,0.3626373626373626,3,,,,,,,,,1,1,1,0.7,1.0
95,55,10,0.023237659776797134,0.4541284403669725,5,,,,,,,,,1,1,1,0.7,1.0
95,56,5,0.005797905192208366,0.37358490566037733,5,,,,,,,,,1,1,1,0.7,1.0
95,57,8,0.016349603863737225,0.4090909090909091,5,,,,,,,,,1,1,1,0.7,1.0
95,58,9,0.019899514796318962,0.4194915254237288,5,,,,,,,,,1,1,1,0.7,1.0
95,59,10,0.022085707361162835,0.4342105263157895,5,,,,,,,,,1,1,1,0.7,1.0
95,60,11,0.019807911567924382,0.43612334801762115,5,,,,,,,,,1,1,1,0.7,1.0
95,61,8,0.010424008924552612,0.4057377049180328,5,,,,,,,,,1,1,1,0.7,1.0
95,62,12,0.025946448104021823,0.45622119815668205,5,,,,,,,,,1,1,1,0.7,1.0
95,63,2,0.0005614126362425681,0.3344594594594595,2,,,,,,,,,1,1,1,0.7,1.0
95,64,9,0.01872332415682547,0.4267241379310345,5,,,,,,,,,1,1,1,0.7,1.0
95,65,12,0.031032488648889307,0.4520547945205479,5,,,,,,,,,1,1,1,0.7,1.0
95,66,6,0.0057761754226101384,0.38372093023255816,5,,,,,,,,,1,1,1,0.7,1.0
95,67,7,0.013160777951982968,0.42127659574468085,5,,,,,,,,,1,1,1,0.7,1.0
95,68,9,0.017227215239394276,0.4248927038626609,5,,,,,,,,,1,1,1,0.7,1.0
95,69,10,0.025227933667602773,0.4177215189873418,5,,,,,,,,,1,1,1,0.7,1.0
95,70,8,0.01387620475838911,0.4267241379310345,5,,,,,,,,,1,1,1,0.7,1.0
95,71,9,0.016185486162689472,0.41596638655462187,5,,,,,,,,,1,1,1,0.7,1.0
95,72,9,0.015273779864619004,0.43043478260869567,5,,,,,,,,,1,1,1,0.7,1.0
95,73,5,0.004078652941379849,0.375,5,,,,,,,,,1,1,1,0.7,1.0
95,74,9,0.018681489814624395,0.4125,5,,,,,,,,,1,1,1,0.7,1.0
95,75,9,0.0171208681049252,0.43231441048034935,5,,,,,,,,,1,1,1,0.7,1.0
95,76,9,0.014075601128570363,0.42127659574468085,5,,,,,,,,,1,1,1,0.7,1.0
95,77,10,0.01743825099569623,0.44,5,,,,,,,,,1,1,1,0.7,1.0
95,78,5,0.0038024049630668573,0.38976377952755903,5,,,,,,,,,1,1,1,0.7,1.0
95,79,6,0.003933385627379168,0.396,5,,,,,,,,,1,1,1,0.7,1.0
95,80,6,0.009540177285457217,0.38976377952755903,5,,,,,,,,,1,1,1,0.7,1.0
95,81,4,0.003878362412685233,0.3535714285714286,3,,,,,,,,,1,1,1,0.7,1.0
95,82,6,0.006102204291129582,0.3793103448275862,5,,,,,,,,,1,1,1,0.7,1.0
95,83,9,0.020811545403340872,0.4230769230769231,5,,,,,,,,,1,1,1,0.7,1.0
95,84,7,0.012843574800630352,0.38823529411764707,5,,,,,,,,,1,1,1,0.7,1.0
95,85,11,0.02311943072088779,0.43612334801762115,5,,,,,,,,,1,1,1,0.7,1.0
95,86,9,0.02249266760837428,0.4230769230769231,5,,,,,,,,,1,1,1,0.7,1.0
95,87,9,0.01288331850351868,0.4248927038626609,5,,,,,,,,,1,1,1,0.7,1.0
95,88,7,0.009293753449501873,0.4090909090909091,5,,,,,,,,,1,1,1,0.7,1.0
95,89,7,0.007638586484533018,0.4074074074074074,5,,,,,,,,,1,1,1,0.7,1.0
95,90,10,0.023171127747701463,0.43231441048034935,5,,,,,,,,,1,1,1,0.7,1.0
95,91,10,0.02595944987752483,0.4439461883408072,5,,,,,,,,,1,1,1,0.7,1.0
95,92,7,0.008537605041661208,0.4008097165991903,5,,,,,,,,,1,1,1,0.7,1.0
95,93,10,0.02616016778149733,0.4479638009049774,5,,,,,,,,,1,1,1,0.7,1.0
95,94,4,0.002824004922169769,0.36,4,,,,,,,,,1,1,1,0.7,1.0
95,95,6,0.0073059396014398675,0.4057377049180328,5,,,,,,,,,1,1,1,0.7,1.0
95,96,6,0.008292640749202327,0.391304347826087,5,,,,,,,,,1,1,1,0.7,1.0
95,97,7,0.012769970808459086,0.4090909090909091,5,,,,,,,,,1,1,1,0.7,1.0
95,98,9,0.016231205942319603,0.4267241379310345,5,,,,,,,,,1,1,1,0.7,1.0
95,99,10,0.02365500758389639,0.4177215189873418,5,,,,,,,,,1,1,1,0.7,1.0
96,0,12,0.027870177639501746,0.4439461883408072,5,,,,,,,,,1,1,1,0.7,1.0
96,1,6,0.008284928002406858,0.39759036144578314,5,,,,,,,,,1,1,1,0.7,1.0
96,2,6,0.007862988956379923,0.3944223107569721,5,,,,,,,,,1,1,1,0.7,1.0
96,3,7,0.009060616819988506,0.4125,5,,,,,,,,,1,1,1,0.7,1.0
96,4,7,0.011546566243780348,0.38372093023255816,5,,,,,,,,,1,1,1,0.7,1.0
96,5,6,0.007353821423085494,0.38823529411764707,5,,,,,,,,,1,1,1,0.7,1.0
96,6,8,0.016582929083409786,0.4024390243902439,5,,,,,,,,,1,1,1,0.7,1.0
96,7,7,0.01482499303979092,0.4090909090909091,5,,,,,,,,,1,1,1,0.7,1.0
96,8,5,0.004648371147546576,0.38671875,5,,,,,,,,,1,1,1,0.7,1.0
96,9,8,0.01083664390532592,0.4125,5,,,,,,,,,1,1,1,0.7,1.0
96,10,4,0.0030267081689468824,0.375,4,,,,,,,,,1,1,1,0.7,1.0
96,11,3,0.001798234955708471,0.3378839590443686,3,,,,,,,,,1,1,1,0.7,1.0
96,12,12,0.03246531234079403,0.4714285714285714,5,,,,,,,,,1,1,1,0.7,1.0
96,13,7,0.009413152607664656,0.3944223107569721,5,,,,,,,,,1,1,1,0.7,1.0
96,14,10,0.02034681887297241,0.43612334801762115,5,,,,,,,,,1,1,1,0.7,1.0
96,15,9,0.022967970997341273,0.4125,5,,,,,,,,,1,1,1,0.7,1.0
96,16,3,0.0008141163676104925,0.3473684210526316,3,,,,,,,,,1,1,1,0.7,1.0
96,17,9,0.013710214410568368,0.4125,5,,,,,,,,,1,1,1,0.7,1.0
96,18,12,0.029269697836801636,0.4669811320754717,5,,,,,,,,,1,1,1,0.7,1.0
96,19,10,0.0202537925463073,0.4419642857142857,5,,,,,,,,,1,1,1,0.7,1.0
96,20,3,0.0021808142692860207,0.339041095890411,3,,,,,,,,,1,1,1,0.7,1.0
96,21,6,0.007542316400121865,0.39919354838709675,5,,,,,,,,,1,1,1,0.7,1.0
96,22,10,0.029376023808859605,0.43043478260869567,5,,,,,,,,,1,1,1,0.7,1.0
96,23,9,0.01864473712174515,0.4267241379310345,5,,,,,,,,,1,1,1,0.7,1.0
96,24,2,0.0,0.32038834951456313,2,,,,,,,,,1,1,1,0.7,1.0
96,25,5,0.0062320001243736595,0.38076923076923075,5,,,,,,,,,1,1,1,0.7,1.0
96,26,3,0.0011672780323125835,0.36,3,,,,,,,,,1,1,1,0.7,1.0
96,27,14,0.04032081334260075,0.4782608695652174,5,,,,,,,,,1,1,1,0.7,1.0
96,28,11,0.025196041378104415,0.4479638009049774,5,,,,,,,,,1,1,1,0.7,1.0
96,29,6,0.007148901888439518,0.391304347826087,5,,,,,,,,,1,1,1,0.7,1.0
96,30,6,0.007893523509131792,0.38671875,5,,,,,,,,,1,1,1,0.7,1.0
96,31,8,0.016685872476458252,0.4008097165991903,5,,,,,,,,,1,1,1,0.7,1.0
96,32,15,0.042175075381476565,0.47368421052631576,5,,,,,,,,,1,1,1,0.7,1.0
96,33,9,0.02012775183331944,0.4230769230769231,5,,,,,,,,,1,1,1,0.7,1.0
96,34,9,0.01841082522871394,0.4248927038626609,5,,,,,,,,,1,1,1,0.7,1.0
96,35,9,0.022128555021271912,0.42127659574468085,5,,,,,,,,,1,1,1,0.7,1.0
96,36,6,0.009052232439077976,0.4008097165991903,5,,,,,,,,,1,1,1,0.7,1.0
96,37,10,0.022884808637103175,0.4439461883408072,5,,,,,,,,,1,1,1,0.7,1.0
96,38,3,0.0011621659124968892,0.33559322033898303,3,,,,,,,,,1,1,1,0.7,1.0
96,39,7,0.009374462711473703,0.4125,5,,,,,,,,,1,1,1,0.7,1.0
96,40,7,0.010041046143858966,0.41422594142259417,5,,,,,,,,,1,1,1,0.7,1.0
96,41,8,0.01644273385424969,0.42127659574468085,5,,,,,,,,,1,1,1,0.7,1.0
96,42,7,0.008107386616062813,0.40408163265306124,5,,,,,,,,,1,1,1,0.7,1.0
96,43,8,0.014842540020111665,0.43805309734513276,5,,,,,,,,,1,1,1,0.7,1.0
96,44,9,0.019506962294465077,0.4194915254237288,5,,,,,,,,,1,1,1,0.7,1.0
96,45,8,0.015499166069116324,0.4090909090909091,5,,,,,,,,,1,1,1,0.7,1.0
96,46,7,0.009132084094994313,0.4107883817427386,5,,,,,,,,,1,1,1,0.7,1.0
96,47,8,0.01588333884215923,0.4008097165991903,5,,,,,,,,,1,1,1,0.7,1.0
96,48,8,0.013057353661506293,0.4194915254237288,5,,,,,,,,,1,1,1,0.7,1.0
96,49,10,0.022998126649215727,0.4342105263157895,5,,,,,,,,,1,1,1,0.7,1.0
96,50,10,0.0308143346441008,0.43805309734513276,5,,,,,,,,,1,1,1,0.7,1.0
96,51,14,0.03914697687093884,0.4714285714285714,5,,,,,,,,,1,1,1,0.7,1.0
96,52,5,0.008107289253582214,0.376425855513308,5,,,,,,,,,1,1,1,0.7,1.0
96,53,8,0.011537483487035103,0.4177215189873418,5,,,,,,,,,1,1,1,0.7,1.0
96,54,4,0.003793024144388423,0.3626373626373626,3,,,,,,,,,1,1,1,0.7,1.0
96,55,10,0.023237659776797134,0.4541284403669725,5,,,,,,,,,1,1,1,0.7,1.0
96,56,5,0.005797905192208366,0.37358490566037733,5,,,,,,,,,1,1,1,0.7,1.0
96,57,8,0.016349603863737225,0.4090909090909091,5,,,,,,,,,1,1,1,0.7,1.0
96,58,9,0.019899514796318962,0.4194915254237288,5,,,,,,,,,1,1,1,0.7,1.0
96,59,10,0.022085707361162835,0.4342105263157895,5,,,,,,,,,1,1,1,0.7,1.0
96,60,11,0.019807911567924382,0.43612334801762115,5,,,,,,,,,1,1,1,0.7,1.0
96,61,8,0.010424008924552612,0.4057377049180328,5,,,,,,,,,1,1,1,0.7,1.0
96,62,12,0.025946448104021823,0.45622119815668205,5,,,,,,,,,1,1,1,0.7,1.0
96,63,2,0.0005614126362425681,0.3344594594594595,2,,,,,,,,,1,1,1,0.7,1.0
96,64,9,0.01872332415682547,0.4267241379310345,5,,,,,,,,,1,1,1,0.7,1.0
96,65,12,0.031032488648889307,0.4520547945205479,5,,,,,,,,,1,1,1,0.7,1.0
96,66,6,0.0057761754226101384,0.38372093023255816,5,,,,,,,,,1,1,1,0.7,1.0
96,67,7,0.013160777951982968,0.42127659574468085,5,,,,,,,,,1,1,1,0.7,1.0
96,68,9,0.017227215239394276,0.4248927038626609,5,,,,,,,,,1,1,1,0.7,1.0
96,69,10,0.025227933667602773,0.4177215189873418,5,,,,,,,,,1,1,1,0.7,1.0
96,70,8,0.01387620475838911,0.4267241379310345,5,,,,,,,,,1,1,1,0.7,1.0
96,71,9,0.016185486162689472,0.41596638655462187,5,,,,,,,,,1,1,1,0.7,1.0
96,72,9,0.015273779864619004,0.43043478260869567,5,,,,,,,,,1,1,1,0.7,1.0
96,73,5,0.004078652941379849,0.375,5,,,,,,,,,1,1,1,0.7,1.0
96,74,9,0.018681489814624395,0.4125,5,,,,,,,,,1,1,1,0.7,1.0
96,75,9,0.0171208681049252,0.43231441048034935,5,,,,,,,,,1,1,1,0.7,1.0
96,76,9,0.014075601128570363,0.42127659574468085,5,,,,,,,,,1,1,1,0.7,1.0
96,77,10,0.01743825099569623,0.44,5,,,,,,,,,1,1,1,0.7,1.0
96,78,5,0.0038024049630668573,0.38976377952755903,5,,,,,,,,,1,1,1,0.7,1.0
96,79,6,0.003933385627379168,0.396,5,,,,,,,,,1,1,1,0.7,1.0
96,80,6,0.009540177285457217,0.38976377952755903,5,,,,,,,,,1,1,1,0.7,1.0
96,81,4,0.003878362412685233,0.3535714285714286,3,,,,,,,,,1,1,1,0.7,1.0
96,82,6,0.006102204291129582,0.3793103448275862,5,,,,,,,,,1,1,1,0.7,1.0
96,83,9,0.020811545403340872,0.4230769230769231,5,,,,,,,,,1,1,1,0.7,1.0
96,84,7,0.012843574800630352,0.38823529411764707,5,,,,,,,,,1,1,1,0.7,1.0
96,85,11,0.02311943072088779,0.43612334801762115,5,,,,,,,,,1,1,1,0.7,1.0
96,86,9,0.02249266760837428,0.4230769230769231,5,,,,,,,,,1,1,1,0.7,1.0
96,87,9,0.01288331850351868,0.4248927038626609,5,,,,,,,,,1,1,1,0.7,1.0
96,88,7,0.009293753449501873,0.4090909090909091,5,,,,,,,,,1,1,1,0.7,1.0
96,89,7,0.007638586484533018,0.4074074074074074,5,,,,,,,,,1,1,1,0.7,1.0
96,90,10,0.023171127747701463,0.43231441048034935,5,,,,,,,,,1,1,1,0.7,1.0
96,91,10,0.02595944987752483,0.4439461883408072,5,,,,,,,,,1,1,1,0.7,1.0
96,92,7,0.008537605041661208,0.4008097165991903,5,,,,,,,,,1,1,1,0.7,1.0
96,93,10,0.02616016778149733,0.4479638009049774,5,,,,,,,,,1,1,1,0.7,1.0
96,94,4,0.002824004922169769,0.36,4,,,,,,,,,1,1,1,0.7,1.0
96,95,6,0.0073059396014398675,0.4057377049180328,5,,,,,,,,,1,1,1,0.7,1.0
96,96,6,0.008292640749202327,0.391304347826087,5,,,,,,,,,1,1,1,0.7,1.0
96,97,7,0.012769970808459086,0.4090909090909091,5,,,,,,,,,1,1,1,0.7,1.0
96,98,9,0.016231205942319603,0.4267241379310345,5,,,,,,,,,1,1,1,0.7,1.0
96,99,10,0.02365500758389639,0.4177215189873418,5,,,,,,,,,1,1,1,0.7,1.0
97,0,12,0.027870177639501746,0.4439461883408072,5,,,,,,,,,1,1,1,0.7,1.0
97,1,6,0.008284928002406858,0.39759036144578314,5,,,,,,,,,1,1,1,0.7,1.0
97,2,6,0.007862988956379923,0.3944223107569721,5,,,,,,,,,1,1,1,0.7,1.0
97,3,7,0.009060616819988506,0.4125,5,,,,,,,,,1,1,1,0.7,1.0
97,4,7,0.011546566243780348,0.38372093023255816,5,,,,,,,,,1,1,1,0.7,1.0
97,5,6,0.007353821423085494,0.38823529411764707,5,,,,,,,,,1,1,1,0.7,1.0
97,6,8,0.016582929083409786,0.4024390243902439,5,,,,,,,,,1,1,1,0.7,1.0
97,7,7,0.01482499303979092,0.4090909090909091,5,,,,,,,,,1,1,1,0.7,1.0
97,8,5,0.004648371147546576,0.38671875,5,,,,,,,,,1,1,1,0.7,1.0
97,9,8,0.01083664390532592,0.4125,5,,,,,,,,,1,1,1,0.7,1.0
97,10,4,0.0030267081689468824,0.375,4,,,,,,,,,1,1,1,0.7,1.0
97,11,3,0.001798234955708471,0.3378839590443686,3,,,,,,,,,1,1,1,0.7,1.0
97,12,12,0.03246531234079403,0.4714285714285714,5,,,,,,,,,1,1,1,0.7,1.0
97,13,7,0.009413152607664656,0.3944223107569721,5,,,,,,,,,1,1,1,0.7,1.0
97,14,10,0.02034681887297241,0.43612334801762115,5,,,,,,,,,1,1,1,0.7,1.0
97,15,9,0.022967970997341273,0.4125,5,,,,,,,,,1,1,1,0.7,1.0
97,16,3,0.0008141163676104925,0.3473684210526316,3,,,,,,,,,1,1,1,0.7,1.0
97,17,9,0.013710214410568368,0.4125,5,,,,,,,,,1,1,1,0.7,1.0
97,18,12,0.029269697836801636,0.4669811320754717,5,,,,,,,,,1,1,1,0.7,1.0
97,19,10,0.0202537925463073,0.4419642857142857,5,,,,,,,,,1,1,1,0.7,1.0
97,20,3,0.0021808142692860207,0.339041095890411,3,,,,,,,,,1,1,1,0.7,1.0
97,21,6,0.007542316400121865,0.39919354838709675,5,,,,,,,,,1,1,1,0.7,1.0
97,22,10,0.029376023808859605,0.43043478260869567,5,,,,,,,,,1,1,1,0.7,1.0
97,23,9,0.01864473712174515,0.4267241379310345,5,,,,,,,,,1,1,1,0.7,1.0
97,24,2,0.0,0.32038834951456313,2,,,,,,,,,1,1,1,0.7,1.0
97,25,5,0.0062320001243736595,0.38076923076923075,5,,,,,,,,,1,1,1,0.7,1.0
97,26,3,0.0011672780323125835,0.36,3,,,,,,,,,1,1,1,0.7,1.0
97,27,14,0.04032081334260075,0.4782608695652174,5,,,,,,,,,1,1,1,0.7,1.0
97,28,11,0.025196041378104415,0.4479638009049774,5,,,,,,,,,1,1,1,0.7,1.0
97,29,6,0.007148901888439518,0.391304347826087,5,,,,,,,,,1,1,1,0.7,1.0
97,30,6,0.007893523509131792,0.38671875,5,,,,,,,,,1,1,1,0.7,1.0
97,31,8,0.016685872476458252,0.4008097165991903,5,,,,,,,,,1,1,1,0.7,1.0
97,32,15,0.042175075381476565,0.47368421052631576,5,,,,,,,,,1,1,1,0.7,1.0
97,33,9,0.02012775183331944,0.4230769230769231,5,,,,,,,,,1,1,1,0.7,1.0
97,34,9,0.01841082522871394,0.4248927038626609,5,,,,,,,,,1,1,1,0.7,1.0
97,35,9,0.022128555021271912,0.42127659574468085,5,,,,,,,,,1,1,1,0.7,1.0
97,36,6,0.009052232439077976,0.4008097165991903,5,,,,,,,,,1,1,1,0.7,1.0
97,37,10,0.022884808637103175,0.4439461883408072,5,,,,,,,,,1,1,1,0.7,1.0
97,38,3,0.0011621659124968892,0.33559322033898303,3,,,,,,,,,1,1,1,0.7,1.0
97,39,7,0.009374462711473703,0.4125,5,,,,,,,,,1,1,1,0.7,1.0
97,40,7,0.010041046143858966,0.41422594142259417,5,,,,,,,,,1,1,1,0.7,1.0
97,41,8,0.01644273385424969,0.42127659574468085,5,,,,,,,,,1,1,1,0.7,1.0
97,42,7,0.008107386616062813,0.40408163265306124,5,,,,,,,,,1,1,1,0.7,1.0
97,43,8,0.014842540020111665,0.43805309734513276,5,,,,,,,,,1,1,1,0.7,1.0
97,44,9,0.019506962294465077,0.4194915254237288,5,,,,,,,,,1,1,1,0.7,1.0
97,45,8,0.015499166069116324,0.4090909090909091,5,,,,,,,,,1,1,1,0.7,1.0
97,46,7,0.009132084094994313,0.4107883817427386,5,,,,,,,,,1,1,1,0.7,1.0
97,47,8,0.01588333884215923,0.4008097165991903,5,,,,,,,,,1,1,1,0.7,1.0
97,48,8,0.013057353661506293,0.4194915254237288,5,,,,,,,,,1,1,1,0.7,1.0
97,49,10,0.022998126649215727,0.4342105263157895,5,,,,,,,,,1,1,1,0.7,1.0
97,50,10,0.0308143346441008,0.43805309734513276,5,,,,,,,,,1,1,1,0.7,1.0
97,51,14,0.03914697687093884,0.4714285714285714,5,,,,,,,,,1,1,1,0.7,1.0
97,52,5,0.008107289253582214,0.376425855513308,5,,,,,,,,,1,1,1,0.7,1.0
97,53,8,0.011537483487035103,0.4177215189873418,5,,,,,,,,,1,1,1,0.7,1.0
97,54,4,0.003793024144388423,0.3626373626373626,3,,,,,,,,,1,1,1,0.7,1.0
97,55,10,0.023237659776797134,0.4541284403669725,5,,,,,,,,,1,1,1,0.7,1.0
97,56,5,0.005797905192208366,0.37358490566037733,5,,,,,,,,,1,1,1,0.7,1.0
97,57,8,0.016349603863737225,0.4090909090909091,5,,,,,,,,,1,1,1,0.7,1.0
97,58,9,0.019899514796318962,0.4194915254237288,5,,,,,,,,,1,1,1,0.7,1.0
97,59,10,0.022085707361162835,0.4342105263157895,5,,,,,,,,,1,1,1,0.7,1.0
97,60,11,0.019807911567924382,0.43612334801762115,5,,,,,,,,,1,1,1,0.7,1.0
97,61,8,0.010424008924552612,0.4057377049180328,5,,,,,,,,,1,1,1,0.7,1.0
97,62,12,0.025946448104021823,0.45622119815668205,5,,,,,,,,,1,1,1,0.7,1.0
97,63,2,0.0005614126362425681,0.3344594594594595,2,,,,,,,,,1,1,1,0.7,1.0
97,64,9,0.01872332415682547,0.4267241379310345,5,,,,,,,,,1,1,1,0.7,1.0
97,65,12,0.031032488648889307,0.4520547945205479,5,,,,,,,,,1,1,1,0.7,1.0
97,66,6,0.0057761754226101384,0.38372093023255816,5,,,,,,,,,1,1,1,0.7,1.0
97,67,7,0.013160777951982968,0.42127659574468085,5,,,,,,,,,1,1,1,0.7,1.0
97,68,9,0.017227215239394276,0.4248927038626609,5,,,,,,,,,1,1,1,0.7,1.0
97,69,10,0.025227933667602773,0.4177215189873418,5,,,,,,,,,1,1,1,0.7,1.0
97,70,8,0.01387620475838911,0.4267241379310345,5,,,,,,,,,1,1,1,0.7,1.0
97,71,9,0.016185486162689472,0.41596638655462187,5,,,,,,,,,1,1,1,0.7,1.0
97,72,9,0.015273779864619004,0.43043478260869567,5,,,,,,,,,1,1,1,0.7,1.0
97,73,5,0.004078652941379849,0.375,5,,,,,,,,,1,1,1,0.7,1.0
97,74,9,0.018681489814624395,0.4125,5,,,,,,,,,1,1,1,0.7,1.0
97,75,9,0.0171208681049252,0.43231441048034935,5,,,,,,,,,1,1,1,0.7,1.0
97,76,9,0.014075601128570363,0.42127659574468085,5,,,,,,,,,1,1,1,0.7,1.0
97,77,10,0.01743825099569623,0.44,5,,,,,,,,,1,1,1,0.7,1.0
97,78,5,0.0038024049630668573,0.38976377952755903,5,,,,,,,,,1,1,1,0.7,1.0
97,79,6,0.003933385627379168,0.396,5,,,,,,,,,1,1,1,0.7,1.0
97,80,6,0.009540177285457217,0.38976377952755903,5,,,,,,,,,1,1,1,0.7,1.0
97,81,4,0.003878362412685233,0.3535714285714286,3,,,,,,,,,1,1,1,0.7,1.0
97,82,6,0.006102204291129582,0.3793103448275862,5,,,,,,,,,1,1,1,0.7,1.0
97,83,9,0.020811545403340872,0.4230769230769231,5,,,,,,,,,1,1,1,0.7,1.0
97,84,7,0.012843574800630352,0.38823529411764707,5,,,,,,,,,1,1,1,0.7,1.0
97,85,11,0.02311943072088779,0.43612334801762115,5,,,,,,,,,1,1,1,0.7,1.0
97,86,9,0.02249266760837428,0.4230769230769231,5,,,,,,,,,1,1,1,0.7,1.0
97,87,9,0.01288331850351868,0.4248927038626609,5,,,,,,,,,1,1,1,0.7,1.0
97,88,7,0.009293753449501873,0.4090909090909091,5,,,,,,,,,1,1,1,0.7,1.0
97,89,7,0.007638586484533018,0.4074074074074074,5,,,,,,,,,1,1,1,0.7,1.0
97,90,10,0.023171127747701463,0.43231441048034935,5,,,,,,,,,1,1,1,0.7,1.0
97,91,10,0.02595944987752483,0.4439461883408072,5,,,,,,,,,1,1,1,0.7,1.0
97,92,7,0.008537605041661208,0.4008097165991903,5,,,,,,,,,1,1,1,0.7,1.0
97,93,10,0.02616016778149733,0.4479638009049774,5,,,,,,,,,1,1,1,0.7,1.0
97,94,4,0.002824004922169769,0.36,4,,,,,,,,,1,1,1,0.7,1.0
97,95,6,0.0073059396014398675,0.4057377049180328,5,,,,,,,,,1,1,1,0.7,1.0
97,96,6,0.008292640749202327,0.391304347826087,5,,,,,,,,,1,1,1,0.7,1.0
97,97,7,0.012769970808459086,0.4090909090909091,5,,,,,,,,,1,1,1,0.7,1.0
97,98,9,0.016231205942319603,0.4267241379310345,5,,,,,,,,,1,1,1,0.7,1.0
97,99,10,0.02365500758389639,0.4177215189873418,5,,,,,,,,,1,1,1,0.7,1.0
98,0,12,0.027870177639501746,0.4439461883408072,5,,,,,,,,,1,1,1,0.7,1.0
98,1,6,0.008284928002406858,0.39759036144578314,5,,,,,,,,,1,1,1,0.7,1.0
98,2,6,0.007862988956379923,0.3944223107569721,5,,,,,,,,,1,1,1,0.7,1.0
98,3,7,0.009060616819988506,0.4125,5,,,,,,,,,1,1,1,0.7,1.0
98,4,7,0.011546566243780348,0.38372093023255816,5,,,,,,,,,1,1,1,0.7,1.0
98,5,6,0.007353821423085494,0.38823529411764707,5,,,,,,,,,1,1,1,0.7,1.0
98,6,8,0.016582929083409786,0.4024390243902439,5,,,,,,,,,1,1,1,0.7,1.0
98,7,7,0.01482499303979092,0.4090909090909091,5,,,,,,,,,1,1,1,0.7,1.0
98,8,5,0.004648371147546576,0.38671875,5,,,,,,,,,1,1,1,0.7,1.0
98,9,8,0.01083664390532592,0.4125,5,,,,,,,,,1,1,1,0.7,1.0
98,10,4,0.0030267081689468824,0.375,4,,,,,,,,,1,1,1,0.7,1.0
98,11,3,0.001798234955708471,0.3378839590443686,3,,,,,,,,,1,1,1,0.7,1.0
98,12,12,0.03246531234079403,0.4714285714285714,5,,,,,,,,,1,1,1,0.7,1.0
98,13,7,0.009413152607664656,0.3944223107569721,5,,,,,,,,,1,1,1,0.7,1.0
98,14,10,0.02034681887297241,0.43612334801762115,5,,,,,,,,,1,1,1,0.7,1.0
98,15,9,0.022967970997341273,0.4125,5,,,,,,,,,1,1,1,0.7,1.0
98,16,3,0.0008141163676104925,0.3473684210526316,3,,,,,,,,,1,1,1,0.7,1.0
98,17,9,0.013710214410568368,0.4125,5,,,,,,,,,1,1,1,0.7,1.0
98,18,12,0.029269697836801636,0.4669811320754717,5,,,,,,,,,1,1,1,0.7,1.0
98,19,10,0.0202537925463073,0.4419642857142857,5,,,,,,,,,1,1,1,0.7,1.0
98,20,3,0.0021808142692860207,0.339041095890411,3,,,,,,,,,1,1,1,0.7,1.0
98,21,6,0.007542316400121865,0.39919354838709675,5,,,,,,,,,1,1,1,0.7,1.0
98,22,10,0.029376023808859605,0.43043478260869567,5,,,,,,,,,1,1,1,0.7,1.0
98,23,9,0.01864473712174515,0.4267241379310345,5,,,,,,,,,1,1,1,0.7,1.0
98,24,2,0.0,0.32038834951456313,2,,,,,,,,,1,1,1,0.7,1.0
98,25,5,0.0062320001243736595,0.38076923076923075,5,,,,,,,,,1,1,1,0.7,1.0
98,26,3,0.0011672780323125835,0.36,3,,,,,,,,,1,1,1,0.7,1.0
98,27,14,0.04032081334260075,0.4782608695652174,5,,,,,,,,,1,1,1,0.7,1.0
98,28,11,0.025196041378104415,0.4479638009049774,5,,,,,,,,,1,1,1,0.7,1.0
98,29,6,0.007148901888439518,0.391304347826087,5,,,,,,,,,1,1,1,0.7,1.0
98,30,6,0.007893523509131792,0.38671875,5,,,,,,,,,1,1,1,0.7,1.0
98,31,8,0.016685872476458252,0.4008097165991903,5,,,,,,,,,1,1,1,0.7,1.0
98,32,15,0.042175075381476565,0.47368421052631576,5,,,,,,,,,1,1,1,0.7,1.0
98,33,9,0.02012775183331944,0.4230769230769231,5,,,,,,,,,1,1,1,0.7,1.0
98,34,9,0.01841082522871394,0.4248927038626609,5,,,,,,,,,1,1,1,0.7,1.0
98,35,9,0.022128555021271912,0.42127659574468085,5,,,,,,,,,1,1,1,0.7,1.0
98,36,6,0.009052232439077976,0.4008097165991903,5,,,,,,,,,1,1,1,0.7,1.0
98,37,10,0.022884808637103175,0.4439461883408072,5,,,,,,,,,1,1,1,0.7,1.0
98,38,3,0.0011621659124968892,0.33559322033898303,3,,,,,,,,,1,1,1,0.7,1.0
98,39,7,0.009374462711473703,0.4125,5,,,,,,,,,1,1,1,0.7,1.0
98,40,7,0.010041046143858966,0.41422594142259417,5,,,,,,,,,1,1,1,0.7,1.0
98,41,8,0.01644273385424969,0.42127659574468085,5,,,,,,,,,1,1,1,0.7,1.0
98,42,7,0.008107386616062813,0.40408163265306124,5,,,,,,,,,1,1,1,0.7,1.0
98,43,8,0.014842540020111665,0.43805309734513276,5,,,,,,,,,1,1,1,0.7,1.0
98,44,9,0.019506962294465077,0.4194915254237288,5,,,,,,,,,1,1,1,0.7,1.0
98,45,8,0.015499166069116324,0.4090909090909091,5,,,,,,,,,1,1,1,0.7,1.0
98,46,7,0.009132084094994313,0.4107883817427386,5,,,,,,,,,1,1,1,0.7,1.0
98,47,8,0.01588333884215923,0.4008097165991903,5,,,,,,,,,1,1,1,0.7,1.0
98,48,8,0.013057353661506293,0.4194915254237288,5,,,,,,,,,1,1,1,0.7,1.0
98,49,10,0.022998126649215727,0.4342105263157895,5,,,,,,,,,1,1,1,0.7,1.0
98,50,10,0.0308143346441008,0.43805309734513276,5,,,,,,,,,1,1,1,0.7,1.0
98,51,14,0.03914697687093884,0.4714285714285714,5,,,,,,,,,1,1,1,0.7,1.0
98,52,5,0.008107289253582214,0.376425855513308,5,,,,,,,,,1,1,1,0.7,1.0
98,53,8,0.011537483487035103,0.4177215189873418,5,,,,,,,,,1,1,1,0.7,1.0
98,54,4,0.003793024144388423,0.3626373626373626,3,,,,,,,,,1,1,1,0.7,1.0
98,55,10,0.023237659776797134,0.4541284403669725,5,,,,,,,,,1,1,1,0.7,1.0
98,56,5,0.005797905192208366,0.37358490566037733,5,,,,,,,,,1,1,1,0.7,1.0
98,57,8,0.016349603863737225,0.4090909090909091,5,,,,,,,,,1,1,1,0.7,1.0
98,58,9,0.019899514796318962,0.4194915254237288,5,,,,,,,,,1,1,1,0.7,1.0
98,59,10,0.022085707361162835,0.4342105263157895,5,,,,,,,,,1,1,1,0.7,1.0
98,60,11,0.019807911567924382,0.43612334801762115,5,,,,,,,,,1,1,1,0.7,1.0
98,61,8,0.010424008924552612,0.4057377049180328,5,,,,,,,,,1,1,1,0.7,1.0
98,62,12,0.025946448104021823,0.45622119815668205,5,,,,,,,,,1,1,1,0.7,1.0
98,63,2,0.0005614126362425681,0.3344594594594595,2,,,,,,,,,1,1,1,0.7,1.0
98,64,9,0.01872332415682547,0.4267241379310345,5,,,,,,,,,1,1,1,0.7,1.0
98,65,12,0.031032488648889307,0.4520547945205479,5,,,,,,,,,1,1,1,0.7,1.0
98,66,6,0.0057761754226101384,0.38372093023255816,5,,,,,,,,,1,1,1,0.7,1.0
98,67,7,0.013160777951982968,0.42127659574468085,5,,,,,,,,,1,1,1,0.7,1.0
98,68,9,0.017227215239394276,0.4248927038626609,5,,,,,,,,,1,1,1,0.7,1.0
98,69,10,0.025227933667602773,0.4177215189873418,5,,,,,,,,,1,1,1,0.7,1.0
98,70,8,0.01387620475838911,0.4267241379310345,5,,,,,,,,,1,1,1,0.7,1.0
98,71,9,0.016185486162689472,0.41596638655462187,5,,,,,,,,,1,1,1,0.7,1.0
98,72,9,0.015273779864619004,0.43043478260869567,5,,,,,,,,,1,1,1,0.7,1.0
98,73,5,0.004078652941379849,0.375,5,,,,,,,,,1,1,1,0.7,1.0
98,74,9,0.018681489814624395,0.4125,5,,,,,,,,,1,1,1,0.7,1.0
98,75,9,0.0171208681049252,0.43231441048034935,5,,,,,,,,,1,1,1,0.7,1.0
98,76,9,0.014075601128570363,0.42127659574468085,5,,,,,,,,,1,1,1,0.7,1.0
98,77,10,0.01743825099569623,0.44,5,,,,,,,,,1,1,1,0.7,1.0
98,78,5,0.0038024049630668573,0.38976377952755903,5,,,,,,,,,1,1,1,0.7,1.0
98,79,6,0.003933385627379168,0.396,5,,,,,,,,,1,1,1,0.7,1.0
98,80,6,0.009540177285457217,0.38976377952755903,5,,,,,,,,,1,1,1,0.7,1.0
98,81,4,0.003878362412685233,0.3535714285714286,3,,,,,,,,,1,1,1,0.7,1.0
98,82,6,0.006102204291129582,0.3793103448275862,5,,,,,,,,,1,1,1,0.7,1.0
98,83,9,0.020811545403340872,0.4230769230769231,5,,,,,,,,,1,1,1,0.7,1.0
98,84,7,0.012843574800630352,0.38823529411764707,5,,,,,,,,,1,1,1,0.7,1.0
98,85,11,0.02311943072088779,0.43612334801762115,5,,,,,,,,,1,1,1,0.7,1.0
98,86,9,0.02249266760837428,0.4230769230769231,5,,,,,,,,,1,1,1,0.7,1.0
98,87,9,0.01288331850351868,0.4248927038626609,5,,,,,,,,,1,1,1,0.7,1.0
98,88,7,0.009293753449501873,0.4090909090909091,5,,,,,,,,,1,1,1,0.7,1.0
98,89,7,0.007638586484533018,0.4074074074074074,5,,,,,,,,,1,1,1,0.7,1.0
98,90,10,0.023171127747701463,0.43231441048034935,5,,,,,,,,,1,1,1,0.7,1.0
98,91,10,0.02595944987752483,0.4439461883408072,5,,,,,,,,,1,1,1,0.7,1.0
98,92,7,0.008537605041661208,0.4008097165991903,5,,,,,,,,,1,1,1,0.7,1.0
98,93,10,0.02616016778149733,0.4479638009049774,5,,,,,,,,,1,1,1,0.7,1.0
98,94,4,0.002824004922169769,0.36,4,,,,,,,,,1,1,1,0.7,1.0
98,95,6,0.0073059396014398675,0.4057377049180328,5,,,,,,,,,1,1,1,0.7,1.0
98,96,6,0.008292640749202327,0.391304347826087,5,,,,,,,,,1,1,1,0.7,1.0
98,97,7,0.012769970808459086,0.4090909090909091,5,,,,,,,,,1,1,1,0.7,1.0
98,98,9,0.016231205942319603,0.4267241379310345,5,,,,,,,,,1,1,1,0.7,1.0
98,99,10,0.02365500758389639,0.4177215189873418,5,,,,,,,,,1,1,1,0.7,1.0
99,0,12,0.027870177639501746,0.4439461883408072,5,,,,,,,,,1,1,1,0.7,1.0
99,1,6,0.008284928002406858,0.39759036144578314,5,,,,,,,,,1,1,1,0.7,1.0
99,2,6,0.007862988956379923,0.3944223107569721,5,,,,,,,,,1,1,1,0.7,1.0
99,3,7,0.009060616819988506,0.4125,5,,,,,,,,,1,1,1,0.7,1.0
99,4,7,0.011546566243780348,0.38372093023255816,5,,,,,,,,,1,1,1,0.7,1.0
99,5,6,0.007353821423085494,0.38823529411764707,5,,,,,,,,,1,1,1,0.7,1.0
99,6,8,0.016582929083409786,0.4024390243902439,5,,,,,,,,,1,1,1,0.7,1.0
99,7,7,0.01482499303979092,0.4090909090909091,5,,,,,,,,,1,1,1,0.7,1.0
99,8,5,0.004648371147546576,0.38671875,5,,,,,,,,,1,1,1,0.7,1.0
99,9,8,0.01083664390532592,0.4125,5,,,,,,,,,1,1,1,0.7,1.0
99,10,4,0.0030267081689468824,0.375,4,,,,,,,,,1,1,1,0.7,1.0
99,11,3,0.001798234955708471,0.3378839590443686,3,,,,,,,,,1,1,1,0.7,1.0
99,12,12,0.03246531234079403,0.4714285714285714,5,,,,,,,,,1,1,1,0.7,1.0
99,13,7,0.009413152607664656,0.3944223107569721,5,,,,,,,,,1,1,1,0.7,1.0
99,14,10,0.02034681887297241,0.43612334801762115,5,,,,,,,,,1,1,1,0.7,1.0
99,15,9,0.022967970997341273,0.4125,5,,,,,,,,,1,1,1,0.7,1.0
99,16,3,0.0008141163676104925,0.3473684210526316,3,,,,,,,,,1,1,1,0.7,1.0
99,17,9,0.013710214410568368,0.4125,5,,,,,,,,,1,1,1,0.7,1.0
99,18,12,0.029269697836801636,0.4669811320754717,5,,,,,,,,,1,1,1,0.7,1.0
99,19,10,0.0202537925463073,0.4419642857142857,5,,,,,,,,,1,1,1,0.7,1.0
99,20,3,0.0021808142692860207,0.339041095890411,3,,,,,,,,,1,1,1,0.7,1.0
99,21,6,0.007542316400121865,0.39919354838709675,5,,,,,,,,,1,1,1,0.7,1.0
99,22,10,0.029376023808859605,0.43043478260869567,5,,,,,,,,,1,1,1,0.7,1.0
99,23,9,0.01864473712174515,0.4267241379310345,5,,,,,,,,,1,1,1,0.7,1.0
99,24,2,0.0,0.32038834951456313,2,,,,,,,,,1,1,1,0.7,1.0
99,25,5,0.0062320001243736595,0.38076923076923075,5,,,,,,,,,1,1,1,0.7,1.0
99,26,3,0.0011672780323125835,0.36,3,,,,,,,,,1,1,1,0.7,1.0
99,27,14,0.04032081334260075,0.4782608695652174,5,,,,,,,,,1,1,1,0.7,1.0
99,28,11,0.025196041378104415,0.4479638009049774,5,,,,,,,,,1,1,1,0.7,1.0
99,29,6,0.007148901888439518,0.391304347826087,5,,,,,,,,,1,1,1,0.7,1.0
99,30,6,0.007893523509131792,0.38671875,5,,,,,,,,,1,1,1,0.7,1.0
99,31,8,0.016685872476458252,0.4008097165991903,5,,,,,,,,,1,1,1,0.7,1.0
99,32,15,0.042175075381476565,0.47368421052631576,5,,,,,,,,,1,1,1,0.7,1.0
99,33,9,0.02012775183331944,0.4230769230769231,5,,,,,,,,,1,1,1,0.7,1.0
99,34,9,0.01841082522871394,0.4248927038626609,5,,,,,,,,,1,1,1,0.7,1.0
99,35,9,0.022128555021271912,0.42127659574468085,5,,,,,,,,,1,1,1,0.7,1.0
99,36,6,0.009052232439077976,0.4008097165991903,5,,,,,,,,,1,1,1,0.7,1.0
99,37,10,0.022884808637103175,0.4439461883408072,5,,,,,,,,,1,1,1,0.7,1.0
99,38,3,0.0011621659124968892,0.33559322033898303,3,,,,,,,,,1,1,1,0.7,1.0
99,39,7,0.009374462711473703,0.4125,5,,,,,,,,,1,1,1,0.7,1.0
99,40,7,0.010041046143858966,0.41422594142259417,5,,,,,,,,,1,1,1,0.7,1.0
99,41,8,0.01644273385424969,0.42127659574468085,5,,,,,,,,,1,1,1,0.7,1.0
99,42,7,0.008107386616062813,0.40408163265306124,5,,,,,,,,,1,1,1,0.7,1.0
99,43,8,0.014842540020111665,0.43805309734513276,5,,,,,,,,,1,1,1,0.7,1.0
99,44,9,0.019506962294465077,0.4194915254237288,5,,,,,,,,,1,1,1,0.7,1.0
99,45,8,0.015499166069116324,0.4090909090909091,5,,,,,,,,,1,1,1,0.7,1.0
99,46,7,0.009132084094994313,0.4107883817427386,5,,,,,,,,,1,1,1,0.7,1.0
99,47,8,0.01588333884215923,0.4008097165991903,5,,,,,,,,,1,1,1,0.7,1.0
99,48,8,0.013057353661506293,0.4194915254237288,5,,,,,,,,,1,1,1,0.7,1.0
99,49,10,0.022998126649215727,0.4342105263157895,5,,,,,,,,,1,1,1,0.7,1.0
99,50,10,0.0308143346441008,0.43805309734513276,5,,,,,,,,,1,1,1,0.7,1.0
99,51,14,0.03914697687093884,0.4714285714285714,5,,,,,,,,,1,1,1,0.7,1.0
99,52,5,0.008107289253582214,0.376425855513308,5,,,,,,,,,1,1,1,0.7,1.0
99,53,8,0.011537483487035103,0.4177215189873418,5,,,,,,,,,1,1,1,0.7,1.0
99,54,4,0.003793024144388423,0.3626373626373626,3,,,,,,,,,1,1,1,0.7,1.0
99,55,10,0.023237659776797134,0.4541284403669725,5,,,,,,,,,1,1,1,0.7,1.0
99,56,5,0.005797905192208366,0.37358490566037733,5,,,,,,,,,1,1,1,0.7,1.0
99,57,8,0.016349603863737225,0.4090909090909091,5,,,,,,,,,1,1,1,0.7,1.0
99,58,9,0.019899514796318962,0.4194915254237288,5,,,,,,,,,1,1,1,0.7,1.0
99,59,10,0.022085707361162835,0.4342105263157895,5,,,,,,,,,1,1,1,0.7,1.0
99,60,11,0.019807911567924382,0.43612334801762115,5,,,,,,,,,1,1,1,0.7,1.0
99,61,8,0.010424008924552612,0.4057377049180328,5,,,,,,,,,1,1,1,0.7,1.0
99,62,12,0.025946448104021823,0.45622119815668205,5,,,,,,,,,1,1,1,0.7,1.0
99,63,2,0.0005614126362425681,0.3344594594594595,2,,,,,,,,,1,1,1,0.7,1.0
99,64,9,0.01872332415682547,0.4267241379310345,5,,,,,,,,,1,1,1,0.7,1.0
99,65,12,0.031032488648889307,0.4520547945205479,5,,,,,,,,,1,1,1,0.7,1.0
99,66,6,0.0057761754226101384,0.38372093023255816,5,,,,,,,,,1,1,1,0.7,1.0
99,67,7,0.013160777951982968,0.42127659574468085,5,,,,,,,,,1,1,1,0.7,1.0
99,68,9,0.017227215239394276,0.4248927038626609,5,,,,,,,,,1,1,1,0.7,1.0
99,69,10,0.025227933667602773,0.4177215189873418,5,,,,,,,,,1,1,1,0.7,1.0
99,70,8,0.01387620475838911,0.4267241379310345,5,,,,,,,,,1,1,1,0.7,1.0
99,71,9,0.016185486162689472,0.41596638655462187,5,,,,,,,,,1,1,1,0.7,1.0
99,72,9,0.015273779864619004,0.43043478260869567,5,,,,,,,,,1,1,1,0.7,1.0
99,73,5,0.004078652941379849,0.375,5,,,,,,,,,1,1,1,0.7,1.0
99,74,9,0.018681489814624395,0.4125,5,,,,,,,,,1,1,1,0.7,1.0
99,75,9,0.0171208681049252,0.43231441048034935,5,,,,,,,,,1,1,1,0.7,1.0
99,76,9,0.014075601128570363,0.42127659574468085,5,,,,,,,,,1,1,1,0.7,1.0
99,77,10,0.01743825099569623,0.44,5,,,,,,,,,1,1,1,0.7,1.0
99,78,5,0.0038024049630668573,0.38976377952755903,5,,,,,,,,,1,1,1,0.7,1.0
99,79,6,0.003933385627379168,0.396,5,,,,,,,,,1,1,1,0.7,1.0
99,80,6,0.009540177285457217,0.38976377952755903,5,,,,,,,,,1,1,1,0.7,1.0
99,81,4,0.003878362412685233,0.3535714285714286,3,,,,,,,,,1,1,1,0.7,1.0
99,82,6,0.006102204291129582,0.3793103448275862,5,,,,,,,,,1,1,1,0.7,1.0
99,83,9,0.020811545403340872,0.4230769230769231,5,,,,,,,,,1,1,1,0.7,1.0
99,84,7,0.012843574800630352,0.38823529411764707,5,,,,,,,,,1,1,1,0.7,1.0
99,85,11,0.02311943072088779,0.43612334801762115,5,,,,,,,,,1,1,1,0.7,1.0
99,86,9,0.02249266760837428,0.4230769230769231,5,,,,,,,,,1,1,1,0.7,1.0
99,87,9,0.01288331850351868,0.4248927038626609,5,,,,,,,,,1,1,1,0.7,1.0
99,88,7,0.009293753449501873,0.4090909090909091,5,,,,,,,,,1,1,1,0.7,1.0
99,89,7,0.007638586484533018,0.4074074074074074,5,,,,,,,,,1,1,1,0.7,1.0
99,90,10,0.023171127747701463,0.43231441048034935,5,,,,,,,,,1,1,1,0.7,1.0
99,91,10,0.02595944987752483,0.4439461883408072,5,,,,,,,,,1,1,1,0.7,1.0
99,92,7,0.008537605041661208,0.4008097165991903,5,,,,,,,,,1,1,1,0.7,1.0
99,93,10,0.02616016778149733,0.4479638009049774,5,,,,,,,,,1,1,1,0.7,1.0
99,94,4,0.002824004922169769,0.36,4,,,,,,,,,1,1,1,0.7,1.0
99,95,6,0.0073059396014398675,0.4057377049180328,5,,,,,,,,,1,1,1,0.7,1.0
99,96,6,0.008292640749202327,0.391304347826087,5,,,,,,,,,1,1,1,0.7,1.0
99,97,7,0.012769970808459086,0.4090909090909091,5,,,,,,,,,1,1,1,0.7,1.0
99,98,9,0.016231205942319603,0.4267241379310345,5,,,,,,,,,1,1,1,0.7,1.0
99,99,10,0.02365500758389639,0.4177215189873418,5,,,,,,,,,1,1,1,0.7,1.0
100,0,12,0.027870177639501746,0.4439461883408072,5,,0.3071,0.4911614583333334,0.5616625000000001,71,0.08333333333333333,0.08529407749461607,50,1,1,1,0.7,1.0
100,1,6,0.008284928002406858,0.39759036144578314,5,,0.2863,0.4711791666666667,0.483225,49,0.16666666666666666,0.16789362493643367,52,1,1,1,0.7,1.0
100,2,6,0.007862988956379923,0.3944223107569721,5,,0.3018,0.48112708333333337,0.49772500000000003,64,0.16666666666666666,0.168144477322603,85,1,1,1,0.7,1.0
100,3,7,0.009060616819988506,0.4125,5,,0.2938,0.5204500000000001,0.534325,35,0.14285714285714285,0.14506093835857214,35,1,1,1,0.7,1.0
100,4,7,0.011546566243780348,0.38372093023255816,5,,0.3077,0.4953785714285714,0.51965,15,0.14285714285714285,0.14525462370435596,15,1,1,1,0.7,1.0
100,5,6,0.007353821423085494,0.38823529411764707,5,,0.3102,0.475625,0.492425,36,0.16666666666666666,0.16887826321411872,96,1,1,1,0.7,1.0
100,6,8,0.016582929083409786,0.4024390243902439,5,,0.3077,0.5235609375,0.5565375,56,0.125,0.125109641264023,2,1,1,1,0.7,1.0
100,7,7,0.01482499303979092,0.4090909090909091,5,,0.2934,0.5029714285714286,0.586775,87,0.14285714285714285,0.14456947245913837,51,1,1,1,0.7,1.0
100,8,5,0.004648371147546576,0.38671875,5,,0.2854,0.402445,0.417425,49,0.2,0.20206927621407436,53,1,1,1,0.7,1.0
100,9,8,0.01083664390532592,0.4125,5,,0.2858,0.507434375,0.540725,72,0.125,0.125109641264023,73,1,1,1,0.7,1.0
100,10,4,0.0030267081689468824,0.375,4,,0.2967,0.47865625,0.491475,0,0.25,0.25,0,1,1,1,0.7,1.0
100,11,3,0.001798234955708471,0.3378839590443686,3,,0.2887,0.5400583333333333,0.622225,54,0.3333333333333333,0.33456199808191783,44,1,1,1,0.7,1.0
100,12,12,0.03246531234079403,0.4714285714285714,5,,0.3012,0.492878125,0.5135000000000001,27,0.08333333333333333,0.08603724901962792,23,1,1,1,0.7,1.0
100,13,7,0.009413152607664656,0.3944223107569721,5,,0.2977,0.5113464285714285,0.5526,39,0.14285714285714285,0.1442742516237146,28,1,1,1,0.7,1.0
100,14,10,0.02034681887297241,0.43612334801762115,5,,0.296,0.507005,0.5324,69,0.1,0.10129060992965894,8,1,1,1,0.7,1.0
100,15,9,0.022967970997341273,0.4125,5,,0.2843,0.4848625,0.5614125,34,0.1111111111111111,0.11381275149231572,22,1,1,1,0.7,1.0
100,16,3,0.0008141163676104925,0.3473684210526316,3,,0.263,0.5865333333333334,0.59355,69,0.3333333333333333,0.3345833290671363,69,1,1,1,0.7,1.0
100,17,9,0.013710214410568368,0.4125,5,,0.2915,0.4882694444444444,0.504025,76,0.1111111111111111,0.11332640502933437,40,1,1,1,0.7,1.0
100,18,12,0.029269697836801636,0.4669811320754717,5,,0.2951,0.48636145833333333,0.50205,3,0.08333333333333333,0.08556796734482135,62,1,1,1,0.7,1.0
100,19,10,0.0202537925463073,0.4419642857142857,5,,0.2962,0.50867125,0.5367500000000001,4,0.1,0.10178207582909274,0,1,1,1,0.7,1.0
100,20,3,0.0021808142692860207,0.339041095890411,3,,0.2781,0.5367333333333334,0.580025,7,0.3333333333333333,0.33576421240883136,22,1,1,1,0.7,1.0
100,21,6,0.007542316400121865,0.39919354838709675,5,,0.301,0.4817375,0.49524999999999997,62,0.16666666666666666,0.16863508998262805,94,1,1,1,0.7,1.0
100,22,10,0.029376023808859605,0.43043478260869567,5,,0.3183,0.49556750000000005,0.56225,15,0.1,0.10176245132269174,70,1,1,1,0.7,1.0
100,23,9,0.01864473712174515,0.4267241379310345,5,,0.3042,0.4721694444444445,0.494225,35,0.1111111111111111,0.11334602953573537,61,1,1,1,0.7,1.0
100,24,2,0.0,0.32038834951456313,2,,0.2363,0.368775,0.37177499999999997,84,0.5,0.5,50,1,1,1,0.7,1.0
100,25,5,0.0062320001243736595,0.38076923076923075,5,,0.2916,0.45199,0.553275,69,0.2,0.2010633069511708,27,1,1,1,0.7,1.0
100,26,3,0.0011672780323125835,0.36,3,,0.2663,0.4717708333333334,0.5951500000000001,12,0.3333333333333333,0.3345611448425091,17,1,1,1,0.7,1.0
100,27,14,0.04032081334260075,0.4782608695652174,5,,0.3171,0.46003035714285717,0.5376,91,0.07142857142857142,0.07321903338213863,6,1,1,1,0.7,1.0
100,28,11,0.025196041378104415,0.4479638009049774,5,,0.3086,0.5114272727272727,0.5306,75,0.09090909090909091,0.09317374343432275,46,1,1,1,0.7,1.0
100,29,6,0.007148901888439518,0.391304347826087,5,,0.3027,0.47315833333333335,0.58205,60,0.16666666666666666,0.16838253111764123,97,1,1,1,0.7,1.0
100,30,6,0.007893523509131792,0.38671875,5,,0.3004,0.4922125,0.51005,99,0.16666666666666666,0.1678944781758424,8,1,1,1,0.7,1.0
100,31,8,0.016685872476458252,0.4008097165991903,5,,0.2946,0.454884375,0.47065,73,0.125,0.125109641264023,66,1,1,1,0.7,1.0
100,32,15,0.042175075381476565,0.47368421052631576,5,,0.3027,0.5224816666666666,0.6214,39,0.06666666666666667,0.06906034450394367,88,1,1,1,0.7,1.0
100,33,9,0.02012775183331944,0.4230769230769231,5,,0.3068,0.5421347222222223,0.55535,50,0.1111111111111111,0.11283067293285688,28,1,1,1,0.7,1.0
100,34,9,0.01841082522871394,0.4248927038626609,5,,0.3033,0.4821083333333333,0.5490999999999999,39,0.1111111111111111,0.11332213883229067,59,1,1,1,0.7,1.0
100,35,9,0.022128555021271912,0.42127659574468085,5,,0.3001,0.4769680555555556,0.49,2,0.1111111111111111,0.11283067293285688,55,1,1,1,0.7,1.0
100,36,6,0.009052232439077976,0.4008097165991903,5,,0.3052,0.4667625,0.5657000000000001,5,0.16666666666666666,0.16838509083586745,52,1,1,1,0.7,1.0
100,37,10,0.022884808637103175,0.4439461883408072,5,,0.3063,0.47908249999999997,0.495875,27,0.1,0.10178207582909274,17,1,1,1,0.7,1.0
100,38,3,0.0011621659124968892,0.33559322033898303,3,,0.2548,0.45988333333333337,0.6132000000000001,15,0.3333333333333333,0.3357667721270576,6,1,1,1,0.7,1.0
100,39,7,0.009374462711473703,0.4125,5,,0.2888,0.5354410714285714,0.5609125,34,0.14285714285714285,0.14553022003337873,34,1,1,1,0.7,1.0
100,40,7,0.010041046143858966,0.41422594142259417,5,,0.3089,0.4900892857142857,0.523475,32,0.14285714285714285,0.14504131385217114,17,1,1,1,0.7,1.0
100,41,8,0.01644273385424969,0.42127659574468085,5,,0.3063,0.47043125,0.5658,91,0.125,0.125109641264023,54,1,1,1,0.7,1.0
100,42,7,0.008107386616062813,0.40408163265306124,5,,0.2999,0.48574642857142863,0.52335,32,0.14285714285714285,0.14407800655970457,32,1,1,1,0.7,1.0
100,43,8,0.014842540020111665,0.43805309734513276,5,,0.3079,0.482159375,0.50595,44,0.125,0.125109641264023,15,1,1,1,0.7,1.0
100,44,9,0.019506962294465077,0.4194915254237288,5,,0.2956,0.45535416666666667,0.478875,43,0.1111111111111111,0.11255763632206034,64,1,1,1,0.7,1.0
100,45,8,0.015499166069116324,0.4090909090909091,5,,0.302,0.468715625,0.479275,54,0.125,0.125109641264023,68,1,1,1,0.7,1.0
100,46,7,0.009132084094994313,0.4107883817427386,5,,0.298,0.5167714285714285,0.533825,61,0.14285714285714285,0.1440566755744861,28,1,1,1,0.7,1.0
100,47,8,0.01588333884215923,0.4008097165991903,5,,0.2945,0.501175,0.52275,89,0.125,0.125109641264023,49,1,1,1,0.7,1.0
100,48,8,0.013057353661506293,0.4194915254237288,5,,0.2912,0.4571546875,0.4895875,69,0.125,0.125109641264023,51,1,1,1,0.7,1.0
100,49,10,0.022998126649215727,0.4342105263157895,5,,0.3007,0.4470575,0.46897500000000003,57,0.1,0.10176074484387425,47,1,1,1,0.7,1.0
100,50,10,0.0308143346441008,0.43805309734513276,5,,0.2926,0.42839,0.478175,24,0.1,0.10178378230791021,88,1,1,1,0.7,1.0
100,51,14,0.03914697687093884,0.4714285714285714,5,,0.2932,0.5403616071428571,0.5605500000000001,48,0.07142857142857142,0.07302108183931112,49,1,1,1,0.7,1.0
100,52,5,0.008107289253582214,0.376425855513308,5,,0.3045,0.49483499999999997,0.5316749999999999,69,0.2,0.20108719765461552,47,1,1,1,0.7,1.0
100,53,8,0.011537483487035103,0.4177215189873418,5,,0.2938,0.49828125000000006,0.5111000000000001,8,0.125,0.125109641264023,27,1,1,1,0.7,1.0
100,54,4,0.003793024144388423,0.3626373626373626,3,,0.3034,0.51225625,0.597425,11,0.25,0.25,11,1,1,1,0.7,1.0
100,55,10,0.023237659776797134,0.4541284403669725,5,,0.3006,0.4596025,0.53965,42,0.1,0.10175903836505677,5,1,1,1,0.7,1.0
100,56,5,0.005797905192208366,0.37358490566037733,5,,0.2969,0.422605,0.4565,59,0.2,0.20108378469698054,59,1,1,1,0.7,1.0
100,57,8,0.016349603863737225,0.4090909090909091,5,,0.3144,0.51686875,0.531525,58,0.125,0.125109641264023,30,1,1,1,0.7,1.0
100,58,9,0.019899514796318962,0.4194915254237288,5,,0.3043,0.4812347222222223,0.49985,56,0.1111111111111111,0.11283152617226562,27,1,1,1,0.7,1.0
100,59,10,0.022085707361162835,0.4342105263157895,5,,0.3063,0.4799375,0.5448500000000001,34,0.1,0.10127098542325794,89,1,1,1,0.7,1.0
100,60,11,0.019807911567924382,0.43612334801762115,5,,0.3048,0.4708340909090909,0.53895,29,0.09090909090909091,0.09317289019491401,19,1,1,1,0.7,1.0
100,61,8,0.010424008924552612,0.4057377049180328,5,,0.3087,0.47933281250000004,0.497875,46,0.125,0.125109641264023,46,1,1,1,0.7,1.0
100,62,12,0.025946448104021823,0.45622119815668205,5,,0.3137,0.52533125,0.5549999999999999,19,0.08333333333333333,0.08505687693898656,95,1,1,1,0.7,1.0
100,63,2,0.0005614126362425681,0.3344594594594595,2,,0.239,0.4856875,0.6141,83,0.5,0.5,35,1,1,1,0.7,1.0
100,64,9,0.01872332415682547,0.4267241379310345,5,,0.2947,0.48132638888888896,0.499325,51,0.1111111111111111,0.11234176675164931,44,1,1,1,0.7,1.0
100,65,12,0.031032488648889307,0.4520547945205479,5,,0.2942,0.4936989583333333,0.5225249999999999,12,0.08333333333333333,0.08605943324425513,37,1,1,1,0.7,1.0
100,66,6,0.0057761754226101384,0.38372093023255816,5,,0.2993,0.5003375,0.521625,91,0.16666666666666666,0.16789362493643367,57,1,1,1,0.7,1.0
100,67,7,0.013160777951982968,0.42127659574468085,5,,0.2931,0.45314642857142856,0.46615,50,0.14285714285714285,0.1447640110443309,69,1,1,1,0.7,1.0
100,68,9,0.017227215239394276,0.4248927038626609,5,,0.2983,0.5238166666666667,0.5382499999999999,17,0.1111111111111111,0.1123630977368678,12,1,1,1,0.7,1.0
100,69,10,0.025227933667602773,0.4177215189873418,5,,0.298,0.48866999999999994,0.516575,67,0.1,0.10178207582909274,16,1,1,1,0.7,1.0
100,70,8,0.01387620475838911,0.4267241379310345,5,,0.2818,0.459721875,0.5432750000000001,34,0.125,0.125109641264023,27,1,1,1,0.7,1.0
100,71,9,0.016185486162689472,0.41596638655462187,5,,0.2941,0.4843652777777778,0.5625500000000001,46,0.1111111111111111,0.11283067293285688,15,1,1,1,0.7,1.0
100,72,9,0.015273779864619004,0.43043478260869567,5,,0.2853,0.42992777777777774,0.4608,14,0.1111111111111111,0.11354312783915413,77,1,1,1,0.7,1.0
100,73,5,0.004078652941379849,0.375,5,,0.2845,0.435025,0.45679999999999993,99,0.2,0.20204538551062964,42,1,1,1,0.7,1.0
100,74,9,0.018681489814624395,0.4125,5,,0.2718,0.4936194444444444,0.5286000000000001,48,0.1111111111111111,0.11283237941167436,95,1,1,1,0.7,1.0
100,75,9,0.0171208681049252,0.43231441048034935,5,,0.3117,0.49463611111111117,0.5349,76,0.1111111111111111,0.11332299207169941,88,1,1,1,0.7,1.0
100,76,9,0.014075601128570363,0.42127659574468085,5,,0.292,0.45937500000000003,0.47472499999999995,64,0.1111111111111111,0.11234176675164931,17,1,1,1,0.7,1.0
100,77,10,0.01743825099569623,0.44,5,,0.3062,0.48718500000000003,0.5036,85,0.1,0.10178292906850148,42,1,1,1,0.7,1.0
100,78,5,0.0038024049630668573,0.38976377952755903,5,,0.2907,0.490595,0.506975,23,0.2,0.20157525059641435,23,1,1,1,0.7,1.0
100,79,6,0.003933385627379168,0.396,5,,0.2838,0.4529020833333333,0.573375,61,0.16666666666666666,0.16838765055409366,53,1,1,1,0.7,1.0
100,80,6,0.009540177285457217,0.38976377952755903,5,,0.2993,0.4752958333333333,0.5795,47,0.16666666666666666,0.1681666615472302,93,1,1,1,0.7,1.0
100,81,4,0.003878362412685233,0.3535714285714286,3,,0.3019,0.47221250000000003,0.487425,71,0.25,0.25,20,1,1,1,0.7,1.0
100,82,6,0.006102204291129582,0.3793103448275862,5,,0.2916,0.4915,0.50285,17,0.16666666666666666,0.16816751478663897,40,1,1,1,0.7,1.0
100,83,9,0.020811545403340872,0.4230769230769231,5,,0.2901,0.46204861111111106,0.541725,18,0.1111111111111111,0.11283152617226562,72,1,1,1,0.7,1.0
100,84,7,0.012843574800630352,0.38823529411764707,5,,0.2823,0.5504142857142857,0.5688,40,0.14285714285714285,0.14478875498718435,86,1,1,1,0.7,1.0
100,85,11,0.02311943072088779,0.43612334801762115,5,,0.3176,0.48835,0.50275,71,0.09090909090909091,0.09268227753488896,61,1,1,1,0.7,1.0
100,86,9,0.02249266760837428,0.4230769230769231,5,,0.2995,0.5355333333333333,0.542825,91,0.1111111111111111,0.11332299207169941,11,1,1,1,0.7,1.0
100,87,9,0.01288331850351868,0.4248927038626609,5,,0.306,0.4885875,0.5085625,76,0.1111111111111111,0.11430677710997574,21,1,1,1,0.7,1.0
100,88,7,0.009293753449501873,0.4090909090909091,5,,0.2915,0.5227875,0.565325,25,0.14285714285714285,0.14405326261685114,9,1,1,1,0.7,1.0
100,89,7,0.007638586484533018,0.4074074074074074,5,,0.2961,0.5369785714285714,0.548425,32,0.14285714285714285,0.14427339838430586,88,1,1,1,0.7,1.0
100,90,10,0.023171127747701463,0.43231441048034935,5,,0.3064,0.501445,0.5293749999999999,16,0.1,0.10178463554731895,18,1,1,1,0.7,1.0
100,91,10,0.02595944987752483,0.4439461883408072,5,,0.2946,0.5212450000000001,0.5510499999999999,97,0.1,0.10175989160446551,97,1,1,1,0.7,1.0
100,92,7,0.008537605041661208,0.4008097165991903,5,,0.282,0.4557803571428572,0.564875,76,0.14285714285714285,0.1435652096750523,51,1,1,1,0.7,1.0
100,93,10,0.02616016778149733,0.4479638009049774,5,,0.2911,0.4742475,0.48960000000000004,81,0.1,0.10129146316906769,1,1,1,1,0.7,1.0
100,94,4,0.002824004922169769,0.36,4,,0.2789,0.46720625000000005,0.4718,21,0.25,0.25,21,1,1,1,0.7,1.0
100,95,6,0.0073059396014398675,0.4057377049180328,5,,0.3018,0.5317125,0.60555,33,0.16666666666666666,0.1681427708437855,58,1,1,1,0.7,1.0
100,96,6,0.008292640749202327,0.391304347826087,5,,0.3057,0.5053666666666666,0.525425,4,0.16666666666666666,0.16789362493643367,46,1,1,1,0.7,1.0
100,97,7,0.012769970808459086,0.4090909090909091,5,,0.3047,0.45260357142857144,0.47292500000000004,91,0.14285714285714285,0.14405582233507735,41,1,1,1,0.7,1.0
100,98,9,0.016231205942319603,0.4267241379310345,5,,0.2915,0.45589861111111113,0.49328750000000005,49,0.1111111111111111,0.11354142136033665,45,1,1,1,0.7,1.0
100,99,10,0.02365500758389639,0.4177215189873418,5,,0.2964,0.49867249999999996,0.5253749999999999,50,0.1,0.10178548878672769,30,1,1,1,0.7,1.0
